2000
20.7853 75.8141
15.668 69.5098
22.0067 77.6561
21.8654 79.5616
13.9607 82.1412
20.5957 77.7295
25.3238 70.8462
18.5609 67.8421
21.4326 86.4251
21.7497 75.6301
30.565 76.4748
6.34716 75.5873
23.6418 67.067
20.5143 70.1602
20.7789 77.3604
19.891 73.8984
21.303 77.7306
22.104 75.4722
24.1129 85.1092
20.7533 77.1878
30.0397 71.9251
29.2796 84.0884
26.5971 75.9109
31.5896 79.2207
17.8226 78.8508
16.098 66.4274
28.0571 65.6635
26.2187 75.8527
15.541 67.4442
23.7405 78.3548
12.5512 77.3252
32.0724 79.8735
30.5047 80.926
23.5317 72.4959
32.0736 73.8233
21.443 77.1858
21.2887 79.6881
28.4772 81.1722
27.0302 64.5553
26.7269 82.4469
28.9287 75.7409
12.6735 70.17
16.8073 84.2728
32.7037 69.2948
33.6228 78.2482
19.7271 74.8818
15.181 71.5863
14.994 67.7336
16.727 85.8475
15.8683 78.9809
17.3946 83.7689
22.6843 84.8171
20.6884 77.6821
30.9948 87.6836
23.2732 71.678
30.5041 72.1829
20.5638 77.0771
18.9575 82.9712
26.7757 72.0392
22.0535 74.899
23.5434 79.5923
32.1821 74.9296
9.42353 68.3884
26.9479 75.0293
28.5519 78.4949
15.4011 81.2877
20.5127 84.0545
23.7433 76.5994
24.1828 83.4146
23.3311 80.8392
23.5719 67.7627
12.0344 72.0738
8.13775 76.4354
19.573 88.0196
15.8436 82.5165
30.7209 74.9139
19.9508 73.6396
14.5623 71.5531
27.6677 84.9268
24.262 68.8986
20.7724 77.3347
25.7496 80.7633
30.9465 84.1966
25.9538 86.7959
33.5746 72.7624
20.5289 75.8829
21.4788 67.3512
8.74115 81.364
20.8051 78.7443
7.875 81.5779
21.0212 82.554
13.7251 83.1801
17.7164 78.1849
20.7897 77.3744
31.688 81.9744
20.7119 76.7494
23.1715 78.7208
13.3312 71.7902
17.2891 80.5422
29.4594 76.4302
31.7578 83.0824
22.0088 89.0335
21.4316 86.8195
9.69369 70.1592
17.1381 78.34
19.2023 78.6803
29.6388 77.471
20.9395 77.4087
5.95393 76.8492
13.2964 83.891
9.00511 76.5191
13.3528 67.6543
18.0566 78.5149
13.6142 88.1794
19.739 87.6129
19.3203 77.5039
16.9817 68.6234
24.8914 79.4797
19.1896 79.2483
21.5108 77.3879
23.1504 72.8989
22.0949 76.6532
28.8426 76.574
25.1838 77.6201
14.1963 73.2244
16.0673 74.8909
23.3099 76.5266
20.3906 77.9774
25.9047 79.3418
13.049 66.0063
23.3816 78.7067
16.0845 84.288
21.3164 64.5579
23.8702 80.028
18.3193 79.7504
24.1601 73.6229
18.017 72.7284
21.4879 84.3146
22.7624 77.1809
28.7653 70.6417
29.6788 75.8489
27.0477 83.4286
32.7255 83.9444
11.1035 76.3329
29.6889 76.1543
23.3498 75.1141
15.9627 84.3682
18.0022 71.6432
21.3467 82.3685
22.0846 66.5298
23.7575 74.9627
7.33508 75.003
20.949 76.9136
20.3935 63.9923
27.1078 67.4883
31.6629 74.6828
15.3516 84.5424
18.0536 83.0305
25.1875 77.2969
32.1221 86.0491
28.188 81.7923
20.2361 79.7378
22.0536 91.1891
23.8554 85.8182
15.9979 86.7595
16.2457 70.1219
25.1426 85.304
29.3744 70.6493
28.7937 88.1557
16.313 65.2713
18.4585 81.0325
14.126 66.7859
28.2147 67.6547
32.2677 69.0178
21.1984 77.6499
17.8686 73.5583
14.2401 84.1657
19.2514 79.8449
24.2537 76.8414
30.9128 74.3231
16.9734 79.9149
25.3362 74.0588
18.4102 90.5875
27.5013 81.7733
15.5551 78.5678
19.5418 82.3673
16.2171 91.5175
20.6141 77.2973
16.5443 73.4535
18.087 75.839
28.5366 79.9607
17.5393 75.4735
12.5132 70.2015
7.72065 71.012
13.669 64.1674
30.591 81.0906
20.4564 79.3632
22.1807 78.5082
23.0109 80.1332
15.993 79.1612
20.4329 71.1208
17.0202 76.8087
19.0089 78.2589
14.6915 89.0761
20.8646 83.4475
27.804 76.7527
19.8434 68.6497
19.6663 86.9966
16.4508 87.3075
19.9586 69.1182
12.2934 69.0832
25.7111 78.6015
20.3153 68.2513
22.3646 86.5287
28.6551 87.3255
28.7447 80.201
19.24 84.0453
27.1753 66.9078
22.9244 69.4944
30.1765 81.1828
23.7288 72.2343
20.9139 78.1937
17.8491 71.6352
23.6869 78.8705
20.2458 74.0512
25.5766 76.1995
21.1885 86.3241
18.9598 77.1471
8.85273 83.4127
16.9424 65.6473
18.8845 76.33
31.757 85.159
9.55404 73.9969
22.3947 66.2107
15.379 74.0997
11.1218 87.214
24.0372 81.9157
18.7034 82.5887
13.8123 84.4978
25.0691 80.3327
7.71351 70.1189
17.5966 81.3573
19.1724 85.751
18.5927 79.4664
30.6753 83.1469
14.7178 84.7275
22.0828 74.8284
13.0484 85.9448
9.37564 80.0778
24.6298 85.0485
20.8798 78.1071
26.3494 84.3736
18.9694 78.3468
13.3266 85.6294
14.3813 77.2748
8.77399 68.8529
17.8749 76.287
17.1491 82.4145
34.0233 76.432
14.4785 64.34
20.3358 77.0014
23.5227 86.1706
7.48093 72.3571
22.1899 77.6967
23.6094 76.6583
19.9069 86.2895
21.5478 82.276
26.4554 84.8061
19.8799 77.0924
22.9887 69.9201
22.7118 81.3195
17.5942 90.805
24.3692 73.4679
14.0587 76.0113
21.8905 77.4142
16.1212 80.8384
22.2356 84.1641
21.825 68.3334
19.1324 89.3789
21.2813 76.3358
21.2215 65.0014
24.4386 77.7336
18.2601 69.6268
7.6709 74.5759
25.2541 82.7973
26.8095 70.0087
18.295 84.7625
12.9264 65.0625
19.5892 74.3148
24.7765 83.4102
20.732 77.5777
18.8463 72.0092
12.0364 67.1931
22.0048 83.8672
13.2176 75.6605
32.2409 69.5572
18.449 65.6114
20.6605 78.5723
27.0015 88.2421
17.3542 81.1427
22.647 83.3138
20.0738 77.4469
16.8218 80.6697
23.283 80.847
19.3525 65.0007
10.9511 78.4706
19.4602 78.8319
20.5384 78.5274
9.76255 70.589
12.8388 78.91
13.9863 82.553
20.8159 83.6583
22.412 73.7764
28.0762 82.5776
19.8247 91.5655
13.1733 70.3501
16.1021 80.8684
25.6511 86.974
13.2074 77.2214
16.3789 66.5368
17.7105 69.0085
30.7924 79.243
16.5209 71.2311
16.4907 77.4501
25.236 68.4069
7.57592 71.3238
18.2882 80.4419
24.4228 70.9231
27.0633 80.6554
17.0324 89.7321
20.005 63.5928
13.7798 85.7979
19.7005 79.5319
8.2428 79.2849
20.3047 77.8661
23.3475 73.3218
24.993 85.766
25.2858 73.8584
18.2373 79.0917
27.833 72.6589
18.6216 68.8865
21.2567 76.3809
23.9196 73.7498
25.5792 73.2356
23.751 69.0073
16.8671 68.9532
23.0661 76.5875
18.3251 80.28
14.2226 84.3711
9.42011 70.6176
23.6171 74.6869
23.0553 73.106
13.4425 73.2197
24.0867 75.9474
22.3256 75.8899
26.6001 63.8208
20.6685 70.71
20.4947 77.4538
20.7381 69.0172
27.1783 90.1695
15.3571 85.4569
19.381 69.3321
22.3624 69.425
14.8951 85.6235
22.7157 73.587
29.1631 76.1932
24.7035 77.8971
30.7502 87.8982
12.0178 71.891
13.7117 82.56
22.0333 78.1515
13.867 71.7569
18.869 77.4587
19.3843 77.0999
33.2714 81.7351
20.7954 77.3014
19.7339 74.1546
16.3789 70.6189
21.0418 77.6318
21.2609 76.6568
20.6571 78.7069
18.3511 69.2055
25.5622 83.1806
14.4845 82.9096
17.5928 85.1054
23.9751 78.5793
17.0882 71.1635
19.7387 67.8996
22.799 80.3027
29.8766 78.2614
17.2455 71.1405
10.9977 81.5317
7.83031 76.5221
19.7119 82.4794
20.5864 74.7772
18.9694 76.5158
24.2997 74.4274
19.6506 64.5187
17.019 89.0187
18.7515 72.9228
17.7409 79.4083
22.1995 83.7656
8.5218 80.9487
22.9505 72.6313
29.3527 71.7983
20.5057 77.4893
28.9254 79.0402
17.3617 84.1526
21.4091 76.0841
24.8758 77.366
25.1173 89.0896
11.0096 76.8021
21.1199 76.2092
21.2233 75.728
30.9442 69.0334
21.0445 77.9799
23.7284 91.892
20.7011 78.1125
26.9966 73.1965
16.3971 79.3772
22.0809 81.2307
13.3031 76.3203
20.9625 80.9885
23.1875 67.2931
30.3378 80.7245
11.4414 77.7079
19.7068 78.0317
26.2259 76.8309
21.0309 73.2005
21.8186 82.0905
12.9197 66.6729
16.295 72.5744
21.3342 77.1205
6.78601 82.5649
22.0303 81.6788
20.4377 80.2838
25.5158 82.2078
23.7274 84.0877
21.0519 75.1545
20.3779 90.284
30.7586 73.3869
20.4444 77.4317
20.518 77.1231
21.7335 83.2222
13.0156 70.4073
22.6979 71.4369
21.7549 82.451
22.4366 76.1452
11.9132 88.402
15.5805 78.7507
20.5843 79.71
21.1997 78.1371
21.8188 75.381
14.6284 64.8009
17.3487 78.6506
18.2304 84.761
17.3127 73.1749
18.0618 77.5657
29.0444 76.4072
24.6097 87.5588
13.4393 81.2262
15.5731 81.2487
17.7923 76.3473
24.6649 75.6054
13.6542 72.1722
20.5218 82.7892
11.9259 72.8414
16.3693 67.0707
19.0788 80.0153
22.1254 68.389
18.1206 79.6295
29.7711 73.6138
33.4221 84.0887
18.5517 72.4989
20.6064 79.226
20.5883 67.5372
9.22354 71.4344
14.086 86.0378
18.164 85.6038
15.1406 86.255
19.7486 77.3672
21.4587 78.0897
20.635 77.3687
27.9747 70.3183
20.6224 77.5154
34.2224 82.1202
22.8835 73.6486
20.6182 76.3228
20.5624 79.9932
15.9796 75.9001
21.5241 83.3447
14.2337 85.8968
17.187 76.4649
27.1015 72.166
19.0612 78.3287
34.2278 71.7025
28.6527 82.7584
25.6378 80.0288
14.4842 74.7058
21.0367 71.8437
30.0769 72.0206
13.651 77.63
12.5286 71.4437
11.2026 67.6857
24.305 67.57
20.5756 77.3932
16.8367 79.5617
24.3747 73.4559
11.7524 81.681
14.3381 72.8557
12.693 79.8849
20.7126 77.8931
10.8233 74.4563
20.5427 77.694
22.2578 76.9395
30.9562 81.3947
26.0138 77.9995
19.2003 76.9262
27.3469 70.3569
17.018 74.3429
20.7593 68.7327
25.1411 73.1673
23.6108 81.9993
12.1952 68.2215
21.9491 68.697
13.6304 73.5731
26.0493 67.9047
26.3739 84.2107
7.76306 83.9434
22.4656 80.3254
19.9576 76.0481
13.4963 86.6424
21.7839 75.4536
20.6814 75.5186
21.9217 78.4709
13.1974 81.9353
26.5728 80.7562
18.2422 78.8375
14.2587 78.8935
26.3624 83.3984
21.7791 73.875
32.9089 78.3526
29.2619 73.6897
21.423 77.3802
20.6385 65.3482
26.9304 83.1899
29.842 75.1748
21.8899 73.3004
24.2238 85.5725
21.3501 76.3523
17.8014 76.6304
19.3305 76.8072
20.5538 77.48
19.7959 80.3162
26.4137 81.3632
18.2642 77.7474
22.1668 76.7221
15.6235 86.358
19.0665 74.1174
23.3649 81.9668
13.7815 88.2376
10.2696 83.4398
19.1781 72.7017
17.1004 77.0986
23.971 76.3624
11.6132 82.2188
15.1213 75.1683
20.8783 75.8343
9.29675 87.0269
15.1742 84.0504
18.7931 79.5167
21.4946 75.8877
18.1582 82.3065
21.2531 75.4584
23.8191 80.7929
12.7933 81.0974
27.6677 79.396
17.8902 64.8665
35.2594 79.8335
21.0089 77.8789
24.2539 81.5287
18.2183 78.0064
22.8017 72.3648
23.4227 91.039
29.2684 69.8832
21.1181 78.3104
18.2988 75.0847
10.9283 73.6365
24.9383 73.9083
19.1692 75.0725
24.2186 72.3167
17.9642 74.6871
10.581 78.4281
17.279 86.0195
22.1461 88.8866
19.3358 77.6728
18.4346 82.6772
21.7128 83.6595
23.187 79.9102
5.77984 77.2665
33.7628 77.5702
13.6354 79.4132
19.2409 79.8183
22.5887 77.7772
21.1606 77.4549
16.4306 82.2055
23.8152 87.0369
25.9365 79.0866
23.7907 80.6316
25.6155 80.871
18.6812 80.1156
17.9144 73.8233
19.0666 74.2701
22.206 70.8011
13.6476 78.4551
17.4593 82.7423
24.8406 69.4405
30.5643 73.3236
17.7906 71.4184
22.3078 75.9635
24.7351 68.98
33.7719 82.2717
20.7219 77.518
22.9791 83.7012
19.274 77.1178
8.34764 75.743
23.6503 73.676
11.6555 75.6903
19.8632 76.7789
16.2183 82.1534
13.6593 80.5741
10.3289 79.6129
25.9845 67.3426
12.9378 78.2713
16.6306 80.756
21.2961 87.3549
15.1187 81.2292
21.0237 83.1034
25.8996 80.7601
18.6986 76.7623
6.78201 81.8576
14.9095 71.123
11.4665 82.0072
22.8075 73.4796
17.5883 81.1735
24.1136 67.2646
16.0778 79.2737
23.143 77.8911
18.7822 73.0267
26.914 76.8626
21.1392 77.3664
19.16 71.129
20.0558 77.4601
24.7598 81.1839
19.4112 81.8912
17.2376 71.5889
22.1168 82.3899
19.0101 78.6173
17.127 76.3948
21.5062 76.8703
17.856 73.3285
24.789 83.8048
15.5309 74.5889
22.478 78.1004
22.6964 75.6059
22.911 75.91
20.8248 78.4489
18.578 74.2869
21.7818 75.1028
16.2835 74.0537
14.2269 75.9304
17.5254 74.3721
12.9116 72.0588
22.3635 76.8787
19.4407 76.4479
21.7804 73.8116
17.1035 81.5384
21.4479 77.2589
19.4996 88.1087
20.2483 81.0942
12.6401 74.6657
20.4919 90.36
21.0439 77.1635
18.667 79.5252
25.5982 67.8169
32.275 85.272
22.2347 77.2037
15.1508 73.3273
17.7346 74.5593
19.6184 77.8388
20.8462 77.9533
22.4461 77.6076
29.6282 76.6346
26.0276 77.8906
32.5182 70.1246
24.884 85.6136
17.485 75.567
28.4281 80.6152
20.3121 76.3741
20.5616 77.8455
12.4649 75.6937
20.0317 74.412
7.73682 70.7997
28.216 65.1967
12.9775 75.5725
30.0663 74.5566
13.2331 88.5693
24.5789 76.2033
33.7074 82.83
13.5343 74.4669
18.9374 74.842
29.1292 79.7851
19.374 78.0806
28.9892 86.3073
20.5608 79.6268
18.2873 76.6433
20.1436 75.1608
22.7752 73.72
24.7834 73.0427
17.8226 71.4568
12.4091 72.4492
11.323 82.7131
26.7254 88.6907
20.15 76.4989
19.0705 81.169
22.7432 75.2416
23.3327 77.5498
34.359 71.9537
22.3324 71.1428
20.9878 66.9665
13.453 72.2604
16.1505 66.6503
19.8208 80.308
16.8197 79.8362
20.0162 79.2072
23.0944 78.198
19.4763 87.2419
7.07745 74.4633
20.6767 77.2219
8.97097 84.689
22.6143 75.5691
16.2558 73.4454
16.6771 72.2999
26.9055 69.5602
17.876 77.6681
18.7543 76.3065
21.1571 77.9079
21.2695 75.6706
20.7477 68.3293
19.3749 78.8994
21.6362 77.8196
14.6989 76.9811
18.5762 67.3532
13.3605 88.6365
20.5527 76.7882
13.4225 79.6116
32.3747 68.1889
22.7363 75.8068
20.9933 80.0537
33.7097 79.9474
24.7727 86.5415
23.9151 71.6802
28.3728 75.5108
21.2084 78.1554
18.505 79.6435
32.8226 74.2363
18.1038 80.3864
9.01087 79.2297
20.8116 76.9794
16.4414 88.9261
19.273 89.8105
21.6743 81.1215
30.8923 79.21
15.3414 82.395
29.6953 76.4729
22.6091 63.2263
33.5499 83.9057
16.145 76.0784
19.7212 79.2042
6.83262 76.5248
23.4506 76.7762
20.3507 66.8935
13.7109 82.2742
31.7981 68.7224
26.5739 73.1956
24.7722 79.871
10.6666 87.5241
29.1689 74.5764
22.4757 65.9226
12.0953 80.9392
20.0695 75.0828
21.6231 79.1602
18.9406 77.5627
24.2544 83.7265
17.0979 70.3508
18.6392 79.5838
18.3535 74.8551
23.0026 84.1116
17.9202 76.1805
20.9087 70.5757
12.1389 79.4012
15.3127 66.9831
23.2269 73.2287
25.3283 91.0275
20.4928 78.3492
15.4023 84.7576
14.7716 81.0568
22.2202 74.7598
17.5875 80.8571
19.2273 69.3629
21.0629 68.217
17.3262 74.6912
18.9421 64.8807
10.2618 71.3014
20.5675 77.0737
17.5518 75.345
27.3685 67.9316
18.547 89.0082
20.3108 79.1748
19.7752 77.9316
21.8882 78.3461
5.99651 78.1363
34.0258 79.4683
21.4321 77.5833
21.8587 72.0879
31.674 81.9024
28.0285 82.4698
16.8981 78.3366
22.6842 68.0755
15.6272 71.1613
21.7991 78.9314
23.9396 85.8344
22.5963 77.6939
12.0583 75.867
20.5708 76.901
18.6934 70.2373
23.0397 71.0661
31.1083 76.636
24.749 79.4008
19.4105 76.5925
25.1707 80.3355
21.1026 77.0346
20.8901 81.2209
23.7461 67.2012
26.9371 70.2066
29.5217 73.8701
7.99775 83.6632
22.8678 81.7697
7.17252 73.8329
18.2798 77.0079
19.5276 76.5932
7.7406 80.1148
10.9929 79.7323
34.5306 74.3167
19.0201 74.3426
15.2181 70.1678
20.7452 77.3232
25.7474 78.3749
25.5163 83.7697
21.4002 76.2351
14.3811 73.1034
28.872 64.9908
22.4778 75.4742
26.2914 66.0903
22.2367 75.9414
33.0694 69.0947
14.5614 83.4987
18.8209 83.9674
35.1434 74.2376
17.9918 75.5967
31.2802 68.6596
7.99255 80.3474
35.268 76.3399
20.7858 77.7859
29.227 80.3378
7.07022 74.5308
14.8744 89.8417
29.9069 69.9091
20.838 77.2737
20.3524 88.8211
33.429 71.2049
17.6437 83.8867
18.2503 76.6976
9.01285 73.9897
18.9793 76.4308
22.609 84.9699
17.145 74.3533
30.1073 71.6591
15.7079 74.4644
25.0523 83.1867
17.2232 78.2759
24.2019 79.2976
19.484 64.1618
12.7744 89.7374
13.5827 78.7967
24.7429 87.091
12.8055 73.9563
18.6812 78.4759
26.4635 72.3538
17.7305 79.0446
24.4377 89.1598
18.0265 82.8044
15.0598 77.136
24.1708 86.0407
13.0134 71.0796
19.7795 90.2562
20.7012 77.3322
10.3989 85.8487
14.9301 90.1046
22.045 83.0865
11.9039 88.1306
17.6433 78.0854
26.0072 77.7983
19.9009 75.2715
19.7901 77.2051
28.9891 79.967
25.0286 80.879
20.6082 76.4024
18.8539 77.1373
27.772 83.0917
15.9141 78.9378
28.7276 89.7308
25.4877 81.9513
29.6214 67.6881
15.5107 85.728
30.7971 72.5207
20.8541 76.5165
22.6042 72.475
15.1092 74.2772
18.0329 82.3776
20.636 74.6954
24.1957 79.3757
13.0233 72.837
21.0838 81.7472
25.6818 78.7475
19.6877 77.6205
13.363 72.8221
24.504 64.9768
19.0182 64.8884
20.3006 77.0041
20.3252 81.5401
30.5028 86.3784
10.9683 82.1488
32.3536 83.5429
32.5607 79.371
15.5159 90.0986
25.8388 74.2069
24.7334 75.8315
23.0056 82.2481
13.0407 77.1546
19.3333 75.9063
17.359 75.937
26.4392 78.3543
20.9715 78.1814
27.7918 67.9571
17.7916 86.5502
14.4285 86.1828
27.5379 64.4929
20.8886 73.5042
13.336 78.5738
13.7846 65.9547
10.8815 77.1351
16.9109 77.754
21.8364 64.0647
22.6246 69.131
21.8673 75.0038
19.4715 74.7463
34.559 75.0691
14.2313 89.4359
22.7996 72.4973
10.5785 72.7058
8.8098 86.2424
20.9369 80.7416
28.7145 69.0927
34.7461 80.1208
20.1802 78.4131
21.1886 77.845
33.7496 73.5439
30.2077 66.3586
14.556 68.1509
19.864 79.2317
19.1864 78.9987
21.8218 75.6977
28.2719 86.7605
34.5322 76.3827
16.5582 73.8366
22.4326 84.4238
29.371 67.7043
29.1418 79.9341
21.029 77.071
21.5361 74.1824
18.4355 75.1561
29.3966 65.6064
15.5881 82.5378
25.7294 81.8699
20.8662 77.4595
28.0826 68.9813
20.1605 78.0392
19.0481 84.7903
26.5412 75.2372
20.1242 75.6063
24.009 73.0936
17.8856 78.2873
21.5491 74.687
23.9765 72.8147
15.5283 83.7329
23.3896 79.9639
30.4744 77.8127
26.5469 81.8628
20.0935 75.9973
13.2172 67.845
21.6427 75.568
24.9867 81.1396
18.1768 83.874
11.1139 77.5432
26.2369 82.9018
24.3916 80.5452
16.6881 71.0646
21.7409 84.1006
20.5964 77.6161
9.00853 81.2615
34.3796 79.9963
22.8493 73.3802
22.5779 71.2534
21.3273 81.7087
18.411 78.0854
20.848 77.6534
17.7106 75.9019
24.5517 81.0586
23.9931 65.4991
20.1072 68.4404
20.9698 90.8721
19.0847 77.1803
31.3716 80.622
19.8598 75.4195
19.8728 71.4546
28.747 80.0459
32.2852 83.256
20.9054 75.7692
25.2176 71.7707
19.3262 79.4407
29.0415 81.465
18.8603 77.5798
14.4953 76.1445
19.5177 78.8566
26.7169 75.018
27.8808 83.1053
20.6898 83.0102
24.5597 75.292
8.93966 68.3192
15.7547 88.8805
26.8812 73.9444
18.6029 74.5408
15.3411 71.9036
26.0233 76.0409
26.7569 69.0001
20.6991 82.7948
9.46025 67.6821
31.2439 85.1236
18.0411 85.8749
15.2438 86.2017
18.2485 77.6776
32.5622 79.6065
33.5713 81.4405
17.493 78.1823
8.84835 80.8483
18.3405 88.5654
12.195 72.0914
22.5308 73.2337
16.4231 87.1169
22.322 73.524
21.08 77.143
20.2239 77.9847
15.4902 72.2453
27.3506 66.0517
25.3511 86.8626
22.5095 77.1133
12.1444 84.7451
17.2606 80.6094
20.861 86.7242
20.0526 65.5672
10.296 81.9673
16.6683 81.0105
15.6002 70.5148
32.3096 69.9725
31.5189 85.4898
11.8091 77.008
22.5193 67.835
13.1546 69.0996
18.5345 81.4707
19.9164 80.8544
21.8511 88.5944
20.9741 72.9922
25.3549 79.3865
8.51448 83.9586
17.3242 83.5492
12.9749 88.8124
19.3344 79.6333
18.6546 73.0078
21.0729 74.4249
19.9669 78.4742
14.5087 88.6775
34.3652 82.7929
29.2035 81.1154
18.5085 85.5886
35.2288 76.4167
21.9743 62.6313
19.4608 77.089
22.6602 80.0158
24.8797 66.9124
12.1815 66.7095
18.6158 74.5029
11.5236 81.5858
21.0456 80.455
26.1458 73.6942
13.6083 86.7905
17.6663 81.8081
17.553 77.9486
12.2145 82.4699
19.9177 73.3391
20.6592 77.1898
18.4722 80.4434
11.4845 87.1436
26.6103 88.0977
14.4984 69.0195
26.642 83.6554
25.6169 65.7413
15.8896 64.2151
19.4803 79.3582
10.5166 77.2828
28.475 84.0977
29.7681 84.2821
17.074 77.6108
23.2292 74.3916
22.6378 75.2046
9.44401 85.5881
16.0706 72.0322
14.9195 87.6446
23.1116 65.4417
19.1351 64.0469
22.088 72.9643
30.2796 85.3461
19.6545 78.25
18.0114 77.1281
23.7458 70.6802
20.6403 85.8404
31.1275 73.0234
27.5699 86.562
22.5501 69.7928
16.4915 90.539
33.8096 78.6566
23.3255 85.0409
29.0032 89.4925
23.2772 83.605
27.1114 65.3869
8.59271 78.1499
24.713 79.1489
11.5806 79.8664
18.4308 76.0694
29.9325 78.2561
25.7516 80.9958
26.9834 76.1332
24.7436 75.773
26.7956 66.9698
34.6788 71.866
27.8864 65.3277
25.8807 82.2424
15.4825 79.2056
31.4663 84.6249
10.5085 74.6275
20.1519 77.2998
24.1387 67.8009
16.5538 67.209
7.75771 80.5096
19.7577 84.5622
19.9565 75.6933
20.51 78.5023
20.107 64.2797
28.4465 65.1165
8.72225 75.318
32.5591 81.4092
17.6095 75.9979
16.3044 63.7969
19.9865 79.0136
16.4931 80.0295
7.82631 76.4539
20.725 78.1826
15.2538 69.7646
20.3634 76.3836
17.1859 78.4266
20.7722 79.3213
19.8454 90.259
20.4223 73.7729
28.3541 82.6958
9.43668 84.1573
20.7204 77.3239
23.0057 78.1699
7.15455 81.2739
25.4438 90.3001
29.9739 81.8606
12.8468 82.3275
15.5407 88.7068
19.2572 86.3465
19.1496 80.751
31.3929 80.9134
11.4922 73.7456
21.3061 77.3756
24.6207 79.1459
30.0432 66.0672
18.7696 76.9959
18.725 81.9649
13.9906 76.36
27.8935 70.9596
19.9235 77.5947
18.6263 74.1538
13.6709 81.7528
18.1203 75.8903
22.0874 87.2432
21.522 77.3709
10.0961 81.2807
19.9374 78.3597
17.608 76.3367
28.0125 76.7448
24.9956 72.0506
20.5433 86.0396
11.7727 77.8654
31.9014 79.7171
13.8012 78.2335
19.2763 75.8231
13.5537 77.8799
32.3249 79.4105
19.938 77.9567
8.5771 75.3947
24.8741 84.9775
9.29985 71.0432
18.77 77.4463
21.8313 87.4143
16.4853 75.6362
14.843 90.9956
18.4483 72.8108
22.1519 79.926
13.8995 85.3364
18.9965 79.076
27.5053 87.0167
21.05 78.1628
21.7183 81.5417
19.9022 75.3579
32.839 78.0335
15.6398 81.7899
30.6826 78.3799
9.91481 71.3002
31.1914 80.5639
14.9531 64.3817
16.0885 67.7531
13.5583 77.4165
26.5648 81.4705
22.6228 75.4042
15.8602 68.3321
25.4504 82.27
21.3849 71.6722
15.4716 81.9276
20.8336 76.8626
23.534 76.1047
16.5607 73.1238
21.0204 77.7063
11.9245 71.452
14.554 76.691
27.5032 77.0342
24.1117 74.2708
27.3773 67.9076
13.5333 80.7042
20.3366 78.2532
13.5414 79.6514
19.0129 74.2819
13.9361 76.1341
25.7938 87.6555
10.2026 68.3349
16.3621 89.9884
18.1597 73.9469
13.7541 79.001
17.2468 75.8708
20.7837 77.7311
16.7139 88.4035
25.654 70.9377
20.022 76.8308
20.0955 71.7008
17.9905 79.0592
20.6563 78.2343
23.7521 73.8521
26.3296 88.3039
22.1328 79.2782
20.4094 75.3497
15.2922 89.9343
15.4379 85.0024
23.3613 68.8935
27.6745 76.0978
21.2497 84.5751
25.1615 81.4944
31.4422 71.4809
6.31125 76.6096
26.3001 78.6004
26.5101 86.3062
20.689 77.2993
16.9321 83.3941
26.3287 87.2013
29.6498 77.5296
23.7548 86.2125
18.9325 74.538
22.8058 76.6068
14.3891 80.7252
20.2193 77.797
21.5605 81.7787
17.4443 87.0778
11.577 76.5963
20.2876 78.1306
29.1264 82.7359
9.53657 80.8919
16.9134 77.2528
18.9816 78.701
16.8215 73.1552
31.4561 85.7375
21.8368 82.1845
27.513 74.8946
17.4403 71.8453
22.3817 72.887
16.9138 75.224
26.7095 89.9763
13.1637 82.1491
31.0402 80.4069
29.4576 84.5229
24.4769 78.143
11.2465 84.497
25.5605 74.4704
14.3435 65.2505
28.4016 78.7537
13.6109 65.6283
31.5265 80.1996
23.5585 89.2321
16.1465 75.5021
10.5807 87.7123
21.9988 79.2086
21.8747 72.0845
17.0474 70.8039
20.9584 77.1654
31.3299 78.2994
23.8173 79.0507
16.1992 73.4512
20.1823 77.3407
19.8434 63.9228
16.2178 80.5305
25.5376 91.1815
20.4087 76.0146
27.1779 77.5721
29.2603 74.8895
21.2063 68.3909
17.1212 67.41
21.0468 79.0979
32.0112 82.6312
23.3709 63.4096
11.4688 73.9401
31.467 77.2931
16.7963 66.129
22.7049 74.2506
24.793 73.9316
17.3587 77.2032
11.8859 80.9
20.2335 78.3839
13.7129 86.8405
30.6067 78.0109
18.4579 76.8624
18.0927 79.115
29.3152 80.0839
34.187 80.9623
16.6784 89.7763
18.2829 65.1383
27.2792 71.9026
13.6113 73.6145
18.3297 86.9618
28.2403 78.1362
11.0905 85.4263
12.1273 79.053
34.7637 72.6916
16.4279 74.8693
15.0183 84.7345
10.6249 81.0406
28.9592 78.7338
32.9747 76.0517
9.42247 81.669
28.2101 79.6299
21.8255 62.6762
25.4066 76.8668
16.6399 83.9844
7.69944 73.2156
21.1492 76.7315
20.4049 77.9636
27.1332 79.6414
21.327 73.8157
28.2723 89.939
11.1234 81.5356
14.4646 87.564
14.0815 74.4929
10.6778 82.1746
29.094 68.2021
14.2323 74.853
19.7245 76.6516
20.7269 77.5615
12.936 86.9094
29.2407 71.8374
8.31106 81.1126
13.4728 75.751
14.047 83.7585
13.8936 71.9912
21.1611 82.4297
30.3563 72.3302
20.0762 77.963
34.2626 83.6296
10.1705 69.088
8.31315 73.1834
30.4648 72.7329
25.5509 79.9845
11.9452 70.2378
19.631 73.7671
26.7125 74.411
20.5064 77.9873
29.0296 85.1563
10.2865 81.0266
13.9375 81.7651
20.4536 75.2215
23.2086 69.9346
20.3724 76.6934
21.4225 76.9199
22.2601 76.7622
28.1497 72.5135
28.6797 80.994
25.7408 74.0568
20.9413 85.6599
13.8429 87.3497
22.1234 79.1311
26.5908 81.0285
25.823 86.8985
24.8692 80.8235
14.6817 64.8817
19.5107 79.8812
16.938 76.3683
21.5557 69.6734
19.9012 73.7125
20.5721 77.3108
19.9735 83.706
26.0481 71.4796
17.4771 76.6552
24.2565 69.5755
12.4358 75.9571
15.4336 73.4237
17.8447 79.9941
21.1555 85.6575
25.8797 65.9049
26.8701 75.7362
20.7603 77.155
21.6871 82.5556
16.5328 68.3936
24.146 74.0498
22.0392 79.51
20.6439 79.9591
23.9289 83.2714
24.0663 65.5752
33.9373 78.5915
27.6172 79.6395
21.9041 79.8532
22.8592 79.7035
8.68002 75.6233
20.0706 71.266
19.4042 74.1465
20.7547 79.501
12.8453 74.4981
14.4954 75.5666
8.25965 74.6028
27.1543 63.966
14.4087 85.0913
28.4245 66.3367
28.1705 71.7627
27.7828 76.6272
24.3213 76.9615
26.7 73.5994
21.993 78.0082
23.5651 79.7397
26.8913 85.5336
9.47971 78.2239
17.8883 86.2623
17.8376 77.3515
21.2254 78.4043
13.8456 84.4766
22.8343 72.7053
18.789 72.1916
17.3279 77.3058
25.0229 68.8795
22.0396 76.8252
12.8795 67.6512
16.7845 84.5933
16.0548 77.5621
19.9241 77.3581
23.8577 76.3751
23.5108 68.1022
29.826 82.0005
24.8619 69.7025
22.2945 79.3538
20.1413 73.6635
27.9255 70.0579
33.5188 71.4381
7.47264 79.3788
13.1638 80.4754
11.1155 83.2957
34.8353 80.7296
22.4755 84.835
22.9545 68.2988
7.77389 78.3032
25.9036 76.2556
25.6607 67.9835
21.554 84.8376
20.1308 75.1012
11.9865 85.5857
23.2661 80.5841
10.7294 71.9951
25.039 67.7917
34.1479 81.5106
19.1891 78.7138
11.7176 84.8729
25.2451 71.6323
27.5777 79.1378
16.9724 78.4272
29.8381 77.4389
23.8295 70.0872
16.6887 83.5534
20.9258 76.8775
18.6997 78.4539
27.4277 70.7417
27.8847 76.815
21.9157 78.1243
14.8078 84.105
7.98967 70.1804
16.7323 82.1761
30.3425 68.3526
20.5748 75.7274
23.9369 91.7298
25.7275 71.3567
21.3879 86.7063
26.5034 86.0873
11.9781 76.5407
29.3388 70.187
18.497 77.2493
20.0654 77.7142
26.4951 78.5435
11.4079 78.4208
20.7934 78.6391
20.87 78.5794
33.1582 75.6375
16.3553 82.8883
17.9499 65.0096
20.6861 74.4835
21.4088 80.7176
25.9975 83.7162
20.4825 64.4706
29.7873 71.7258
27.6398 84.6811
26.2297 67.7612
24.3834 67.9939
18.2764 77.4809
22.8943 82.122
23.0044 79.8069
24.8095 76.7436
24.7449 68.3394
17.9391 80.2804
8.65629 69.5568
16.2767 86.008
15.5692 80.236
21.589 80.8189
20.9502 77.11
22.9159 67.319
12.6691 89.3717
18.2777 83.1589
30.0573 87.0101
19.7865 90.8055
20.7038 76.6926
28.9444 66.7642
35.5097 78.3478
8.68975 73.896
13.2444 88.3531
29.9888 85.4095
8.15186 82.9843
25.3521 79.4359
28.8567 88.3881
19.7401 72.5891
21.1036 76.679
19.964 73.0807
19.3365 72.4715
8.41242 84.1534
20.4211 74.0785
29.9301 73.0012
22.0632 81.878
28.4607 65.729
23.3652 74.2682
21.3842 78.756
24.6303 75.6597
20.6527 71.9481
28.5414 87.0288
10.3527 66.6884
27.6637 82.9705
22.0165 86.1025
20.405 77.3733
13.5097 89.3076
13.4143 72.6153
25.8241 63.8042
27.9179 72.2981
18.7263 91.9235
20.7849 77.2807
17.9915 69.4239
21.36 77.415
29.6225 84.0737
17.2455 78.9453
20.7614 77.6762
25.8865 69.7913
19.0561 64.7263
32.007 72.7976
32.9391 83.3793
17.1068 69.4299
27.1578 74.6118
21.1413 75.5354
28.8299 68.8786
21.798 71.9181
13.7975 80.7565
7.19468 83.1485
18.2949 71.7939
31.2655 87.4971
17.2629 71.3615
16.9096 77.6117
13.6605 83.4321
23.4902 78.8291
31.2777 74.1475
20.0048 80.5446
9.58484 71.5205
29.0568 83.789
29.4749 78.6594
20.1775 82.3715
21.1528 72.5408
30.0818 65.9067
35.5482 79.4189
30.401 67.6432
28.3812 74.0491
12.3973 85.9903
24.3709 81.0541
15.6434 78.6124
18.3816 80.4852
22.4837 74.7387
29.0635 78.5133
13.3823 77.5325
25.2338 84.6706
31.0632 69.6486
12.6934 77.047
20.777 77.2912
20.3945 70.7955
15.43 83.8348
25.7214 79.1121
12.0372 72.6374
20.1833 72.0028
18.5216 74.0953
22.9803 86.2
19.4973 72.9518
19.632 33.4417
10.8407 33.2599
7.12024 34.9363
13.6232 39.0055
6.75909 31.6021
0.256186 39.2993
6.42449 19.9453
13.9394 35.96
1.86578 38.0313
18.7281 21.3976
2.74996 33.6012
9.15939 27.1813
12.0831 38.487
14.3929 30.7633
11.3814 34.8948
10.0754 31.4874
5.76417 29.9054
8.62833 33.2036
22.8725 26.678
17.696 33.4549
7.06586 28.4983
12.45 35.045
12.2813 34.7845
9.75048 41.8291
9.34211 35.4522
7.32733 45.7255
15.7941 43.0954
8.14639 34.2632
2.55925 33.9663
10.797 33.2671
11.3905 33.0325
13.6525 36.9122
10.5143 33.7714
3.49959 22.3933
9.67173 20.8697
4.78838 29.5785
11.5081 31.3405
10.3421 33.918
12.6059 34.225
10.2532 42.9021
12.1761 31.3811
8.78877 31.8639
2.41983 30.0145
16.5745 30.63
0.850411 31.4893
20.4215 36.7202
18.4903 27.5738
2.18119 44.9914
10.9999 33.9027
12.7075 36.478
17.242 30.2971
3.62394 28.102
18.2263 46.6343
6.72985 34.8045
4.30436 28.6667
7.39817 43.4783
15.8021 25.6398
14.4445 26.9782
7.45768 41.2354
17.5261 39.0965
8.742 48.1929
9.6433 24.4239
19.043 26.5837
15.3959 26.7795
11.3051 29.3312
0.876309 37.3701
14.4149 33.9222
9.98823 28.9488
9.98456 35.2879
13.1864 38.3201
12.6139 32.6725
10.6877 33.639
7.06898 41.8176
3.64248 33.0591
11.4507 33.6159
10.7852 33.7271
10.2608 30.8561
13.594 33.0877
10.5572 31.2346
11.7133 36.3693
2.82097 29.0209
11.6357 46.4002
10.2809 34.1442
6.52543 30.2229
9.58283 27.578
10.9506 42.5607
16.9944 46.7494
20.436 35.6668
7.66905 36.2706
7.42236 29.0308
10.1521 23.381
6.01545 47.8688
4.09772 46.5668
12.0462 34.4352
5.16345 42.8175
1.55793 38.8899
1.92267 38.4761
7.94603 31.9927
6.90079 30.4011
5.01056 28.1359
12.5066 47.6239
16.0614 31.4444
1.70327 30.9268
16.1686 28.3011
10.2724 30.4286
14.3053 27.049
12.9531 41.4
10.8336 31.6432
12.0361 25.3171
8.83363 34.3167
4.54965 33.9795
9.39149 35.9319
8.65705 21.8625
19.9306 44.4181
12.1881 36.0071
8.3847 25.484
4.80169 23.3796
15.8918 36.6526
20.5467 32.6639
21.0834 33.1131
2.58857 37.2181
16.5147 38.773
14.6543 35.3185
13.3338 33.6639
14.089 33.9992
8.44551 37.0611
12.4392 48.1021
6.77523 33.2386
8.5472 31.2229
17.8343 37.6185
24.439 34.8401
3.44002 35.6591
10.6814 34.5889
13.0593 36.9121
17.4535 32.7949
12.8206 33.4648
12.4895 42.1372
3.87263 36.4986
6.28371 35.5382
9.30124 47.1063
5.64005 26.4082
11.304 34.9131
4.16806 25.2532
12.6611 26.0432
14.7518 26.6433
15.7988 40.1326
13.4076 35.6423
13.3938 29.192
21.9752 38.5666
7.89241 26.9413
20.2964 40.6304
8.1043 27.829
9.21974 28.9991
2.