20000	0.1	74	0.910134
20000	0.1	72	0.904578
20000	0.1	75	0.910213
20000	0.1	73	0.918541
20000	0.1	67	0.903097
20000	0.1	70	0.950796
20000	0.1	72	0.911442
20000	0.1	77	0.901001
20000	0.1	75	0.913927
20000	0.1	70	0.915648
20000	0.1	72	0.917279
20000	0.1	70	0.990881
20000	0.1	73	0.901530
20000	0.1	71	0.910262
20000	0.1	75	0.909589
20000	0.1	74	0.915233
20000	0.1	78	0.904619
20000	0.1	74	0.906522
20000	0.1	72	0.909465
20000	0.1	72	0.910945
20000	0.1	76	0.918243
20000	0.1	74	0.908470
20000	0.1	79	0.910998
20000	0.1	73	0.906899
20000	0.1	81	0.902007
20000	0.1	74	0.908874
20000	0.1	72	0.903409
20000	0.1	72	0.906269
20000	0.1	74	0.901779
20000	0.1	73	0.906206

20000	0.15	40	1.254756
20000	0.15	39	1.282763
20000	0.15	37	1.253299
20000	0.15	32	1.247014
20000	0.15	36	1.246526
20000	0.15	36	1.272962
20000	0.15	31	1.254381
20000	0.15	37	1.247728
20000	0.15	38	1.244433
20000	0.15	32	1.245124
20000	0.15	33	1.257661
20000	0.15	35	1.256726
20000	0.15	35	1.253448
20000	0.15	35	1.255618
20000	0.15	34	1.245444
20000	0.15	37	1.398515
20000	0.15	36	1.264379
20000	0.15	41	1.258101
20000	0.15	35	1.286952
20000	0.15	37	1.259441
20000	0.15	38	1.392905
20000	0.15	36	1.323494
20000	0.15	33	1.268510
20000	0.15	36	1.248877
20000	0.15	36	1.273118
20000	0.15	37	1.281308
20000	0.15	34	1.273081
20000	0.15	34	1.270108
20000	0.15	38	1.274203
20000	0.15	34	1.243164

20000	0.2	24	1.676321
20000	0.2	23	1.676478
20000	0.2	22	1.677656
20000	0.2	21	1.671629
20000	0.2	23	1.668124
20000	0.2	23	1.687684
20000	0.2	23	1.698787
20000	0.2	25	1.671101
20000	0.2	23	1.675174
20000	0.2	23	1.672017
20000	0.2	25	1.672444
20000	0.2	21	1.673362
20000	0.2	22	1.675086
20000	0.2	21	1.670297
20000	0.2	20	1.677233
20000	0.2	21	1.667867
20000	0.2	22	1.683905
20000	0.2	23	1.677698
20000	0.2	21	1.664104
20000	0.2	23	1.677722
20000	0.2	25	1.666634
20000	0.2	20	1.673531
20000	0.2	23	1.674530
20000	0.2	24	1.659735
20000	0.2	24	1.673495
20000	0.2	21	1.666387
20000	0.2	19	1.661293
20000	0.2	23	1.709994
20000	0.2	21	1.672789
20000	0.2	23	1.779983

20000	0.25	18	2.246973
20000	0.25	16	2.266068
20000	0.25	15	2.488455
20000	0.25	17	2.251113
20000	0.25	17	2.199021
20000	0.25	15	2.295709
20000	0.25	16	2.201262
20000	0.25	14	2.139788
20000	0.25	16	2.151853
20000	0.25	16	2.194566
20000	0.25	15	2.228352
20000	0.25	16	2.153777
20000	0.25	18	2.155315
20000	0.25	17	2.154944
20000	0.25	12	2.148938
20000	0.25	16	2.153983
20000	0.25	16	2.198556
20000	0.25	17	2.168404
20000	0.25	15	2.159680
20000	0.25	16	2.158696
20000	0.25	15	2.154414
20000	0.25	17	2.164349
20000	0.25	16	2.161060
20000	0.25	17	2.168299
20000	0.25	15	2.158528
20000	0.25	15	2.215138
20000	0.25	16	2.494216
20000	0.25	13	2.280677
20000	0.25	17	2.198351
20000	0.25	16	2.235879

20000	0.3	12	2.783577
20000	0.3	12	2.624430
20000	0.3	12	2.621581
20000	0.3	13	2.616227
20000	0.3	12	2.637149
20000	0.3	13	2.616700
20000	0.3	12	2.620601
20000	0.3	12	2.640244
20000	0.3	10	2.637598
20000	0.3	11	2.619609
20000	0.3	12	2.616689
20000	0.3	13	2.619527
20000	0.3	11	2.794078
20000	0.3	12	2.726146
20000	0.3	11	2.619756
20000	0.3	12	2.816147
20000	0.3	13	2.941024
20000	0.3	12	2.674104
20000	0.3	12	2.668575
20000	0.3	12	2.846659
20000	0.3	12	2.754234
20000	0.3	12	2.755609
20000	0.3	11	2.693350
20000	0.3	12	2.772808
20000	0.3	12	2.705328
20000	0.3	12	2.696215
20000	0.3	11	2.797409
20000	0.3	12	2.813623
20000	0.3	12	2.766650
20000	0.3	12	2.766069

20000	0.35	7	3.246638
20000	0.35	9	3.226560
20000	0.35	8	3.221669
20000	0.35	8	3.218575
20000	0.35	10	3.581043
20000	0.35	9	3.107410
20000	0.35	8	3.086627
20000	0.35	9	3.077212
20000	0.35	9	3.078142
20000	0.35	8	3.070355
20000	0.35	8	3.053057
20000	0.35	8	3.070865
20000	0.35	9	3.155745
20000	0.35	9	3.085810
20000	0.35	8	3.078051
20000	0.35	9	3.138657
20000	0.35	8	3.059226
20000	0.35	8	3.071319
20000	0.35	10	3.083248
20000	0.35	9	3.058394
20000	0.35	8	3.070095
20000	0.35	8	3.081226
20000	0.35	9	3.066280
20000	0.35	9	3.066249
20000	0.35	10	3.071486
20000	0.35	10	3.054867
20000	0.35	10	3.051090
20000	0.35	10	3.055256
20000	0.35	9	3.068521
20000	0.35	7	3.074991

20000	0.4	7	3.480762
20000	0.4	7	3.494936
20000	0.4	7	3.484977
20000	0.4	7	3.482873
20000	0.4	7	3.508483
20000	0.4	7	3.489951
20000	0.4	7	3.468010
20000	0.4	7	3.484641
20000	0.4	7	3.501734
20000	0.4	7	3.473126
20000	0.4	7	3.518309
20000	0.4	7	3.503125
20000	0.4	7	3.499396
20000	0.4	7	3.503739
20000	0.4	7	3.640156
20000	0.4	8	3.589380
20000	0.4	8	3.474516
20000	0.4	6	3.847303
20000	0.4	7	3.554182
20000	0.4	7	3.889519
20000	0.4	7	3.511523
20000	0.4	8	3.505728
20000	0.4	7	3.514646
20000	0.4	7	3.533918
20000	0.4	8	3.475167
20000	0.4	8	3.499761
20000	0.4	7	3.684945
20000	0.4	8	3.552986
20000	0.4	8	3.612550
20000	0.4	8	3.579916

20000	0.45	7	3.955796
20000	0.45	7	4.171477
20000	0.45	7	4.006081
20000	0.45	7	3.946790
20000	0.45	7	3.944509
20000	0.45	7	3.988403
20000	0.45	6	3.982127
20000	0.45	7	3.911050
20000	0.45	7	3.939583
20000	0.45	7	4.108914
20000	0.45	7	4.467615
20000	0.45	7	4.524843
20000	0.45	7	3.997368
20000	0.45	7	4.469304
20000	0.45	7	4.262441
20000	0.45	7	4.130722
20000	0.45	7	4.129212
20000	0.45	7	4.021044
20000	0.45	7	4.007584
20000	0.45	6	4.008792
20000	0.45	7	3.970409
20000	0.45	7	4.036514
20000	0.45	7	4.028538
20000	0.45	6	3.954566
20000	0.45	7	3.958755
20000	0.45	7	3.922440
20000	0.45	7	3.977748
20000	0.45	7	3.977560
20000	0.45	7	3.913248
20000	0.45	7	3.940533

20000	0.5	5	4.300603
20000	0.5	6	4.288083
20000	0.5	6	4.343796
20000	0.5	6	4.646483
20000	0.5	6	5.076781
20000	0.5	5	4.339586
20000	0.5	5	4.607165
20000	0.5	6	4.395535
20000	0.5	5	4.384891
20000	0.5	5	4.531202
20000	0.5	5	4.612065
20000	0.5	6	4.547304
20000	0.5	6	4.425143
20000	0.5	5	4.306443
20000	0.5	5	4.334667
20000	0.5	6	4.312445
20000	0.5	5	4.308033
20000	0.5	6	4.285717
20000	0.5	5	4.299167
20000	0.5	6	4.342376
20000	0.5	6	4.319578
20000	0.5	5	4.345873
20000	0.5	6	4.303414
20000	0.5	6	4.309428
20000	0.5	6	4.343488
20000	0.5	6	4.375965
20000	0.5	5	4.304002
20000	0.5	5	4.321421
20000	0.5	5	4.286108
20000	0.5	5	4.306970

