1000	0.1	52	0.004806
1000	0.1	54	0.004955
1000	0.1	59	0.004890
1000	0.1	56	0.005067
1000	0.1	60	0.004783
1000	0.1	56	0.004872
1000	0.1	56	0.004843
1000	0.1	54	0.004765
1000	0.1	58	0.004915
1000	0.1	57	0.009730
1000	0.1	57	0.004966
1000	0.1	57	0.005075
1000	0.1	55	0.004922
1000	0.1	53	0.004831
1000	0.1	55	0.005156
1000	0.1	57	0.010869
1000	0.1	56	0.004880
1000	0.1	57	0.004853
1000	0.1	59	0.004850
1000	0.1	57	0.005049
1000	0.1	55	0.004845
1000	0.1	59	0.004850
1000	0.1	58	0.005120
1000	0.1	58	0.004876
1000	0.1	54	0.011973
1000	0.1	57	0.004894
1000	0.1	55	0.005009
1000	0.1	55	0.004853
1000	0.1	57	0.011436
1000	0.1	58	0.005164

2000	0.1	65	0.032551
2000	0.1	64	0.014443
2000	0.1	61	0.030930
2000	0.1	60	0.014867
2000	0.1	62	0.014437
2000	0.1	65	0.014564
2000	0.1	65	0.029459
2000	0.1	61	0.014608
2000	0.1	61	0.014319
2000	0.1	60	0.014352
2000	0.1	57	0.014249
2000	0.1	64	0.015559
2000	0.1	61	0.014453
2000	0.1	59	0.030013
2000	0.1	62	0.014677
2000	0.1	59	0.014501
2000	0.1	60	0.014478
2000	0.1	58	0.027977
2000	0.1	62	0.014913
2000	0.1	61	0.014683
2000	0.1	65	0.014474
2000	0.1	63	0.014419
2000	0.1	61	0.014402
2000	0.1	62	0.014495
2000	0.1	58	0.014451
2000	0.1	64	0.014369
2000	0.1	66	0.014387
2000	0.1	60	0.014422
2000	0.1	65	0.027806
2000	0.1	61	0.014348

3000	0.1	61	0.028717
3000	0.1	62	0.028247
3000	0.1	65	0.027851
3000	0.1	64	0.036364
3000	0.1	64	0.028923
3000	0.1	61	0.028097
3000	0.1	64	0.027974
3000	0.1	60	0.028005
3000	0.1	62	0.027953
3000	0.1	65	0.053997
3000	0.1	60	0.027769
3000	0.1	61	0.053209
3000	0.1	65	0.028412
3000	0.1	64	0.052019
3000	0.1	59	0.052923
3000	0.1	60	0.028175
3000	0.1	62	0.027853
3000	0.1	68	0.027977
3000	0.1	63	0.028131
3000	0.1	60	0.028055
3000	0.1	62	0.028071
3000	0.1	62	0.027856
3000	0.1	68	0.028553
3000	0.1	65	0.050326
3000	0.1	66	0.027914
3000	0.1	64	0.027749
3000	0.1	63	0.053202
3000	0.1	64	0.027840
3000	0.1	65	0.027856
3000	0.1	66	0.032406

4000	0.1	67	0.045440
4000	0.1	67	0.046163
4000	0.1	65	0.046291
4000	0.1	65	0.045546
4000	0.1	63	0.046175
4000	0.1	67	0.045690
4000	0.1	69	0.045864
4000	0.1	69	0.045613
4000	0.1	67	0.045768
4000	0.1	66	0.052057
4000	0.1	62	0.045535
4000	0.1	68	0.045729
4000	0.1	65	0.045383
4000	0.1	66	0.045414
4000	0.1	63	0.087107
4000	0.1	72	0.046996
4000	0.1	64	0.064976
4000	0.1	65	0.047435
4000	0.1	60	0.045554
4000	0.1	64	0.045539
4000	0.1	61	0.045424
4000	0.1	64	0.070014
4000	0.1	67	0.046355
4000	0.1	68	0.045414
4000	0.1	66	0.045733
4000	0.1	67	0.045864
4000	0.1	67	0.046316
4000	0.1	69	0.045633
4000	0.1	67	0.045800
4000	0.1	66	0.045622

5000	0.1	64	0.090601
5000	0.1	66	0.068491
5000	0.1	71	0.067017
5000	0.1	65	0.067679
5000	0.1	66	0.067593
5000	0.1	68	0.067680
5000	0.1	60	0.067464
5000	0.1	68	0.066815
5000	0.1	62	0.067320
5000	0.1	69	0.067403
5000	0.1	69	0.067391
5000	0.1	61	0.089994
5000	0.1	68	0.067198
5000	0.1	73	0.070522
5000	0.1	66	0.076891
5000	0.1	61	0.067259
5000	0.1	61	0.067329
5000	0.1	64	0.068389
5000	0.1	68	0.067187
5000	0.1	70	0.067684
5000	0.1	68	0.067118
5000	0.1	70	0.107716
5000	0.1	73	0.098390
5000	0.1	71	0.067018
5000	0.1	65	0.067373
5000	0.1	65	0.067060
5000	0.1	65	0.067676
5000	0.1	67	0.067303
5000	0.1	65	0.071807
5000	0.1	67	0.087433

6000	0.1	68	0.122898
6000	0.1	68	0.093668
6000	0.1	71	0.093005
6000	0.1	69	0.126863
6000	0.1	65	0.111618
6000	0.1	62	0.092657
6000	0.1	66	0.093056
6000	0.1	64	0.093532
6000	0.1	66	0.093175
6000	0.1	65	0.094773
6000	0.1	71	0.092850
6000	0.1	64	0.095681
6000	0.1	67	0.093279
6000	0.1	68	0.093201
6000	0.1	65	0.093677
6000	0.1	69	0.095467
6000	0.1	65	0.092910
6000	0.1	66	0.094019
6000	0.1	68	0.093191
6000	0.1	74	0.107407
6000	0.1	65	0.132533
6000	0.1	70	0.093333
6000	0.1	65	0.093695
6000	0.1	66	0.095517
6000	0.1	70	0.093312
6000	0.1	72	0.092892
6000	0.1	68	0.093491
6000	0.1	71	0.093162
6000	0.1	65	0.093248
6000	0.1	71	0.095436

7000	0.1	70	0.123788
7000	0.1	65	0.123231
7000	0.1	68	0.149146
7000	0.1	67	0.123001
7000	0.1	69	0.127192
7000	0.1	70	0.150391
7000	0.1	68	0.127903
7000	0.1	70	0.123190
7000	0.1	71	0.130988
7000	0.1	64	0.128275
7000	0.1	70	0.125356
7000	0.1	66	0.129239
7000	0.1	70	0.146944
7000	0.1	72	0.135499
7000	0.1	72	0.131995
7000	0.1	70	0.146250
7000	0.1	68	0.122846
7000	0.1	69	0.125418
7000	0.1	64	0.127439
7000	0.1	69	0.154720
7000	0.1	67	0.137299
7000	0.1	63	0.143102
7000	0.1	68	0.131567
7000	0.1	67	0.147414
7000	0.1	69	0.124885
7000	0.1	68	0.125375
7000	0.1	67	0.124894
7000	0.1	72	0.151029
7000	0.1	71	0.125141
7000	0.1	68	0.135462

8000	0.1	71	0.164593
8000	0.1	70	0.157730
8000	0.1	68	0.157092
8000	0.1	71	0.156606
8000	0.1	69	0.156781
8000	0.1	69	0.162320
8000	0.1	72	0.163128
8000	0.1	65	0.157083
8000	0.1	71	0.157181
8000	0.1	69	0.158577
8000	0.1	65	0.156826
8000	0.1	66	0.161864
8000	0.1	75	0.160809
8000	0.1	71	0.156854
8000	0.1	66	0.157236
8000	0.1	64	0.156664
8000	0.1	70	0.157140
8000	0.1	66	0.158215
8000	0.1	71	0.158549
8000	0.1	67	0.159392
8000	0.1	72	0.156937
8000	0.1	68	0.157050
8000	0.1	67	0.156884
8000	0.1	71	0.158872
8000	0.1	69	0.157240
8000	0.1	67	0.167187
8000	0.1	68	0.158246
8000	0.1	72	0.156812
8000	0.1	72	0.183828
8000	0.1	68	0.158158

9000	0.1	71	0.198616
9000	0.1	73	0.197321
9000	0.1	67	0.199187
9000	0.1	66	0.203145
9000	0.1	73	0.202994
9000	0.1	70	0.201347
9000	0.1	68	0.205142
9000	0.1	66	0.197000
9000	0.1	76	0.197218
9000	0.1	69	0.200488
9000	0.1	67	0.203047
9000	0.1	68	0.197094
9000	0.1	70	0.197357
9000	0.1	68	0.197454
9000	0.1	70	0.197623
9000	0.1	69	0.198198
9000	0.1	68	0.198345
9000	0.1	65	0.197327
9000	0.1	72	0.195015
9000	0.1	74	0.219254
9000	0.1	67	0.195754
9000	0.1	70	0.197316
9000	0.1	70	0.208731
9000	0.1	73	0.209621
9000	0.1	70	0.203608
9000	0.1	73	0.198750
9000	0.1	69	0.201153
9000	0.1	74	0.195926
9000	0.1	66	0.195495
9000	0.1	69	0.196356

10000	0.1	73	0.238647
10000	0.1	66	0.239511
10000	0.1	74	0.237932
10000	0.1	62	0.254597
10000	0.1	73	0.237229
10000	0.1	70	0.238886
10000	0.1	74	0.239443
10000	0.1	77	0.254970
10000	0.1	67	0.237400
10000	0.1	68	0.239387
10000	0.1	70	0.237366
10000	0.1	69	0.238022
10000	0.1	71	0.248801
10000	0.1	69	0.244574
10000	0.1	75	0.263538
10000	0.1	69	0.336277
10000	0.1	69	0.378006
10000	0.1	72	0.291363
10000	0.1	72	0.283396
10000	0.1	72	0.268517
10000	0.1	72	0.240109
10000	0.1	77	0.256579
10000	0.1	70	0.237848
10000	0.1	69	0.244505
10000	0.1	71	0.241664
10000	0.1	69	0.246217
10000	0.1	72	0.244731
10000	0.1	70	0.255257
10000	0.1	72	0.251330
10000	0.1	70	0.248581

11000	0.1	71	0.285666
11000	0.1	70	0.311442
11000	0.1	74	0.303371
11000	0.1	71	0.284432
11000	0.1	70	0.287443
11000	0.1	71	0.285518
11000	0.1	66	0.292343
11000	0.1	71	0.288660
11000	0.1	71	0.287288
11000	0.1	68	0.286297
11000	0.1	72	0.294140
11000	0.1	67	0.287526
11000	0.1	71	0.284367
11000	0.1	70	0.286214
11000	0.1	71	0.293802
11000	0.1	68	0.285356
11000	0.1	73	0.282731
11000	0.1	72	0.285723
11000	0.1	73	0.287925
11000	0.1	71	0.288097
11000	0.1	74	0.281809
11000	0.1	75	0.296674
11000	0.1	72	0.286761
11000	0.1	64	0.282907
11000	0.1	70	0.284113
11000	0.1	71	0.287711
11000	0.1	69	0.283254
11000	0.1	69	0.284490
11000	0.1	74	0.289361
11000	0.1	71	0.285090

12000	0.1	72	0.338710
12000	0.1	68	0.333588
12000	0.1	70	0.339014
12000	0.1	71	0.334857
12000	0.1	70	0.354206
12000	0.1	69	0.338438
12000	0.1	71	0.336731
12000	0.1	72	0.341396
12000	0.1	73	0.335840
12000	0.1	70	0.339357
12000	0.1	72	0.334737
12000	0.1	72	0.336336
12000	0.1	70	0.334384
12000	0.1	71	0.335905
12000	0.1	71	0.339538
12000	0.1	72	0.335990
12000	0.1	69	0.336073
12000	0.1	76	0.337456
12000	0.1	70	0.334103
12000	0.1	74	0.339236
12000	0.1	68	0.335438
12000	0.1	74	0.349891
12000	0.1	78	0.333910
12000	0.1	70	0.338030
12000	0.1	71	0.342755
12000	0.1	70	0.334611
12000	0.1	75	0.345242
12000	0.1	71	0.346258
12000	0.1	64	0.338044
12000	0.1	72	0.337649

13000	0.1	72	0.408150
13000	0.1	74	0.396920
13000	0.1	70	0.391498
13000	0.1	72	0.396011
13000	0.1	73	0.420159
13000	0.1	70	0.395409
13000	0.1	70	0.397375
13000	0.1	72	0.390125
13000	0.1	74	0.392103
13000	0.1	71	0.392979
13000	0.1	68	0.390479
13000	0.1	69	0.395491
13000	0.1	72	0.390664
13000	0.1	72	0.391542
13000	0.1	72	0.393882
13000	0.1	70	0.391705
13000	0.1	72	0.400105
13000	0.1	73	0.404840
13000	0.1	71	0.390737
13000	0.1	75	0.397283
13000	0.1	71	0.388160
13000	0.1	69	0.394717
13000	0.1	72	0.394222
13000	0.1	67	0.392626
13000	0.1	72	0.397142
13000	0.1	69	0.392246
13000	0.1	74	0.399609
13000	0.1	74	0.404021
13000	0.1	70	0.494730
13000	0.1	72	0.426079

14000	0.1	70	0.529625
14000	0.1	67	0.483674
14000	0.1	74	0.505504
14000	0.1	69	0.515380
14000	0.1	74	0.490107
14000	0.1	71	0.501912
14000	0.1	71	0.483983
14000	0.1	68	0.481867
14000	0.1	72	0.491115
14000	0.1	73	0.496576
14000	0.1	74	0.482118
14000	0.1	72	0.478067
14000	0.1	72	0.493719
14000	0.1	67	0.489730
14000	0.1	70	0.495645
14000	0.1	77	0.485826
14000	0.1	74	0.504022
14000	0.1	71	0.482877
14000	0.1	74	0.505203
14000	0.1	74	0.484498
14000	0.1	76	0.470892
14000	0.1	75	0.468833
14000	0.1	73	0.460524
14000	0.1	71	0.474428
14000	0.1	76	0.501850
14000	0.1	78	0.502138
14000	0.1	74	0.473870
14000	0.1	71	0.468029
14000	0.1	71	0.485249
14000	0.1	73	0.474381

15000	0.1	74	0.554077
15000	0.1	75	0.534127
15000	0.1	72	0.546821
15000	0.1	73	0.552850
15000	0.1	73	0.545812
15000	0.1	76	0.537499
15000	0.1	73	0.576930
15000	0.1	69	0.553907
15000	0.1	71	0.550034
15000	0.1	77	0.552642
15000	0.1	71	0.537994
15000	0.1	75	0.542077
15000	0.1	69	0.553479
15000	0.1	72	0.589118
15000	0.1	70	0.578079
15000	0.1	68	0.553552
15000	0.1	72	0.547880
15000	0.1	77	0.562079
15000	0.1	73	0.557934
15000	0.1	75	0.533311
15000	0.1	77	0.533128
15000	0.1	70	0.537949
15000	0.1	71	0.547307
15000	0.1	71	0.553991
15000	0.1	75	0.543629
15000	0.1	71	0.550268
15000	0.1	71	0.569792
15000	0.1	71	0.542428
15000	0.1	73	0.590151
15000	0.1	70	0.569073

16000	0.1	70	0.602378
16000	0.1	71	0.614691
16000	0.1	71	0.641297
16000	0.1	70	0.622131
16000	0.1	70	0.620590
16000	0.1	69	0.638730
16000	0.1	79	0.617100
16000	0.1	75	0.633327
16000	0.1	73	0.629807
16000	0.1	73	0.623959
16000	0.1	72	0.604376
16000	0.1	73	0.617968
16000	0.1	72	0.609647
16000	0.1	71	0.637408
16000	0.1	73	0.597120
16000	0.1	80	0.635700
16000	0.1	76	0.663694
16000	0.1	72	0.609026
16000	0.1	75	0.610373
16000	0.1	71	0.634667
16000	0.1	72	0.599594
16000	0.1	74	0.601798
16000	0.1	73	0.608371
16000	0.1	71	0.623133
16000	0.1	76	0.597719
16000	0.1	76	0.656800
16000	0.1	74	0.610476
16000	0.1	73	0.617391
16000	0.1	80	0.636691
16000	0.1	74	0.620049

17000	0.1	78	0.719603
17000	0.1	72	0.700495
17000	0.1	72	0.702396
17000	0.1	77	0.687998
17000	0.1	78	0.707285
17000	0.1	71	0.717281
17000	0.1	74	0.690937
17000	0.1	71	0.683775
17000	0.1	74	0.737450
17000	0.1	76	0.694083
17000	0.1	69	0.691787
17000	0.1	72	0.682152
17000	0.1	76	0.719451
17000	0.1	70	0.671598
17000	0.1	75	0.727649
17000	0.1	75	0.751789
17000	0.1	72	0.717134
17000	0.1	74	0.698748
17000	0.1	74	0.699013
17000	0.1	73	0.732639
17000	0.1	78	0.709446
17000	0.1	74	0.724534
17000	0.1	73	0.705051
17000	0.1	70	0.750908
17000	0.1	73	0.718865
17000	0.1	68	0.710117
17000	0.1	70	0.732034
17000	0.1	69	0.708178
17000	0.1	70	0.721011
17000	0.1	70	0.775022

18000	0.1	68	0.779665
18000	0.1	71	0.793028
18000	0.1	73	0.794873
18000	0.1	75	0.781095
18000	0.1	77	0.867401
18000	0.1	72	0.817452
18000	0.1	75	0.838480
18000	0.1	66	0.847012
18000	0.1	77	0.782755
18000	0.1	75	0.762158
18000	0.1	72	0.809583
18000	0.1	73	0.756094
18000	0.1	70	0.782447
18000	0.1	70	0.759477
18000	0.1	78	0.777381
18000	0.1	74	0.758779
18000	0.1	78	0.774541
18000	0.1	72	0.761288
18000	0.1	77	0.784117
18000	0.1	77	0.793042
18000	0.1	69	0.794941
18000	0.1	75	0.779440
18000	0.1	75	0.771774
18000	0.1	72	0.763228
18000	0.1	72	0.771538
18000	0.1	72	0.757672
18000	0.1	73	0.791214
18000	0.1	74	0.774094
18000	0.1	73	0.749917
18000	0.1	75	0.747545

19000	0.1	81	0.858154
19000	0.1	76	0.897765
19000	0.1	72	0.836056
19000	0.1	75	0.883427
19000	0.1	74	0.875650
19000	0.1	73	0.830034
19000	0.1	72	0.853838
19000	0.1	74	0.858044
19000	0.1	76	0.888747
19000	0.1	72	0.849636
19000	0.1	74	0.889167
19000	0.1	70	0.904978
19000	0.1	70	0.875293
19000	0.1	72	0.840129
19000	0.1	75	0.872828
19000	0.1	77	0.874885
19000	0.1	78	0.886988
19000	0.1	73	0.854605
19000	0.1	78	0.867100
19000	0.1	72	0.837757
19000	0.1	74	0.910248
19000	0.1	71	0.837685
19000	0.1	73	0.864948
19000	0.1	75	0.889257
19000	0.1	73	0.868010
19000	0.1	73	0.868133
19000	0.1	72	0.866096
19000	0.1	72	0.877472
19000	0.1	70	0.866019
19000	0.1	69	0.846771

20000	0.1	71	0.946039
20000	0.1	73	0.944084
20000	0.1	72	0.997310
20000	0.1	68	0.944622
20000	0.1	70	0.970252
20000	0.1	75	0.970299
20000	0.1	71	0.963904
20000	0.1	70	0.945113
20000	0.1	76	0.924638
20000	0.1	73	0.958432
20000	0.1	74	0.960532
20000	0.1	79	0.979306
20000	0.1	75	0.941758
20000	0.1	74	0.942396
20000	0.1	78	0.964245
20000	0.1	73	0.951267
20000	0.1	67	0.949477
20000	0.1	77	0.948715
20000	0.1	72	0.978020
20000	0.1	74	0.942138
20000	0.1	74	0.990948
20000	0.1	76	0.942618
20000	0.1	74	0.937614
20000	0.1	72	1.016990
20000	0.1	71	0.993782
20000	0.1	72	0.983191
20000	0.1	73	0.940757
20000	0.1	74	1.023813
20000	0.1	73	0.930603
20000	0.1	70	0.983881

21000	0.1	70	1.097260
21000	0.1	75	1.036963
21000	0.1	75	1.048755
21000	0.1	69	1.062325
21000	0.1	79	1.101019
21000	0.1	72	1.047117
21000	0.1	78	1.137560
21000	0.1	74	1.014849
21000	0.1	75	1.059960
21000	0.1	75	1.062809
21000	0.1	72	1.139306
21000	0.1	72	1.039058
21000	0.1	72	1.036960
21000	0.1	74	1.039700
21000	0.1	74	1.057790
21000	0.1	74	1.070973
21000	0.1	77	1.055408
21000	0.1	72	1.054148
21000	0.1	76	1.030484
21000	0.1	77	1.057856
21000	0.1	73	1.094860
21000	0.1	76	1.052001
21000	0.1	72	1.034839
21000	0.1	71	1.104107
21000	0.1	70	1.036920
21000	0.1	73	1.028740
21000	0.1	72	1.056524
21000	0.1	75	1.047208
21000	0.1	72	1.054446
21000	0.1	74	1.058685

22000	0.1	75	1.130080
22000	0.1	73	1.167256
22000	0.1	72	1.151191
22000	0.1	75	1.151185
22000	0.1	75	1.204183
22000	0.1	70	1.153967
22000	0.1	74	1.128206
22000	0.1	76	1.177768
22000	0.1	77	1.151485
22000	0.1	76	1.137209
22000	0.1	72	1.108065
22000	0.1	69	1.117369
22000	0.1	76	1.146049
22000	0.1	73	1.121293
22000	0.1	74	1.138658
22000	0.1	77	1.133231
22000	0.1	75	1.150901
22000	0.1	68	1.202695
22000	0.1	75	1.147663
22000	0.1	78	1.196149
22000	0.1	72	1.165379
22000	0.1	74	1.131173
22000	0.1	72	1.121258
22000	0.1	77	1.124750
22000	0.1	69	1.134593
22000	0.1	76	1.137594
22000	0.1	77	1.150030
22000	0.1	77	1.111376
22000	0.1	72	1.124255
22000	0.1	75	1.157577

23000	0.1	70	1.242731
23000	0.1	75	1.230353
23000	0.1	72	1.274397
23000	0.1	73	1.231780
23000	0.1	72	1.248360
23000	0.1	76	1.224326
23000	0.1	75	1.219900
23000	0.1	75	1.281660
23000	0.1	71	1.241491
23000	0.1	75	1.223123
23000	0.1	71	1.207808
23000	0.1	72	1.227786
23000	0.1	76	1.225230
23000	0.1	74	1.213429
23000	0.1	67	1.291665
23000	0.1	73	1.235562
23000	0.1	76	1.234478
23000	0.1	74	1.225400
23000	0.1	78	1.288197
23000	0.1	71	1.329475
23000	0.1	79	1.291637
23000	0.1	79	1.292228
23000	0.1	75	1.323161
23000	0.1	76	1.259510
23000	0.1	77	1.227047
23000	0.1	73	1.215674
23000	0.1	73	1.212073
23000	0.1	70	1.294683
23000	0.1	76	1.243327
23000	0.1	74	1.244390

24000	0.1	75	1.340747
24000	0.1	73	1.345325
24000	0.1	72	1.397399
24000	0.1	74	1.288147
24000	0.1	77	1.306345
24000	0.1	73	1.297988
24000	0.1	73	1.397112
24000	0.1	72	1.317819
24000	0.1	76	1.311159
24000	0.1	71	1.425961
24000	0.1	73	1.425867
24000	0.1	73	1.374745
24000	0.1	75	1.432834
24000	0.1	75	1.338164
24000	0.1	71	1.405294
24000	0.1	73	1.354439
24000	0.1	68	1.329171
24000	0.1	75	1.386332
24000	0.1	76	1.386015
24000	0.1	73	1.377673
24000	0.1	76	1.397009
24000	0.1	73	1.359314
24000	0.1	78	1.416241
24000	0.1	74	1.357517
24000	0.1	72	1.417745
24000	0.1	74	1.387321
24000	0.1	72	1.355387
24000	0.1	71	1.366160
24000	0.1	73	1.319223
24000	0.1	73	1.355868

25000	0.1	73	1.445459
25000	0.1	72	1.427862
25000	0.1	74	1.552658
25000	0.1	76	1.465880
25000	0.1	74	1.527951
25000	0.1	75	1.527304
25000	0.1	73	1.466679
25000	0.1	73	1.462787
25000	0.1	75	1.431461
25000	0.1	78	1.468451
25000	0.1	75	1.541107
25000	0.1	71	1.490754
25000	0.1	69	1.462385
25000	0.1	70	1.516966
25000	0.1	75	1.498092
25000	0.1	77	1.513256
25000	0.1	77	1.483892
25000	0.1	77	1.600731
25000	0.1	77	1.475297
25000	0.1	75	1.524046
25000	0.1	72	1.491372
25000	0.1	74	1.471176
25000	0.1	76	1.462976
25000	0.1	74	1.522343
25000	0.1	74	1.536975
25000	0.1	68	1.497205
25000	0.1	77	1.451143
25000	0.1	76	1.496747
25000	0.1	76	1.495824
25000	0.1	73	1.462051

26000	0.1	71	1.570429
26000	0.1	74	1.566892
26000	0.1	73	1.621794
26000	0.1	74	1.599582
26000	0.1	75	1.674608
26000	0.1	75	1.672031
26000	0.1	74	1.612881
26000	0.1	76	1.722532
26000	0.1	72	1.616517
26000	0.1	73	1.595551
26000	0.1	77	1.547076
26000	0.1	72	1.574214
26000	0.1	77	1.529534
26000	0.1	75	1.552424
26000	0.1	79	1.576107
26000	0.1	72	1.587967
26000	0.1	73	1.716308
26000	0.1	73	1.578014
26000	0.1	74	1.613354
26000	0.1	72	1.627518
26000	0.1	73	1.628702
26000	0.1	73	1.594300
26000	0.1	74	1.624495
26000	0.1	75	1.586709
26000	0.1	74	1.659924
26000	0.1	75	1.572277
26000	0.1	73	1.590953
26000	0.1	74	1.612610
26000	0.1	70	1.572365
26000	0.1	71	1.583492

27000	0.1	77	1.665394
27000	0.1	74	1.743423
27000	0.1	78	1.714405
27000	0.1	72	1.716292
27000	0.1	77	1.696574
27000	0.1	71	1.816560
27000	0.1	73	1.794750
27000	0.1	73	1.738495
27000	0.1	77	1.733722
27000	0.1	74	1.732187
27000	0.1	73	1.794086
27000	0.1	75	1.719595
27000	0.1	69	1.769342
27000	0.1	75	1.724186
27000	0.1	76	1.717171
27000	0.1	73	1.743811
27000	0.1	76	1.750645
27000	0.1	75	1.720998
27000	0.1	71	1.749273
27000	0.1	75	1.727595
27000	0.1	77	1.707226
27000	0.1	77	1.685578
27000	0.1	80	1.721334
27000	0.1	76	1.694190
27000	0.1	76	1.728308
27000	0.1	76	1.720100
27000	0.1	70	1.694118
27000	0.1	72	1.699088
27000	0.1	76	1.737596
27000	0.1	75	1.657623

28000	0.1	79	1.807013
28000	0.1	72	1.881153
28000	0.1	76	1.873175
28000	0.1	81	1.904433
28000	0.1	70	1.844215
28000	0.1	73	1.898208
28000	0.1	77	1.806778
28000	0.1	73	1.835038
28000	0.1	73	1.874311
28000	0.1	73	1.842686
28000	0.1	77	1.840962
28000	0.1	76	1.888138
28000	0.1	75	1.846913
28000	0.1	76	1.876113
28000	0.1	75	1.802892
28000	0.1	73	1.972198
28000	0.1	74	1.867251
28000	0.1	79	1.835108
28000	0.1	74	1.950137
28000	0.1	72	1.824908
28000	0.1	72	1.843090
28000	0.1	74	1.850111
28000	0.1	76	1.845662
28000	0.1	75	1.857181
28000	0.1	77	1.830998
28000	0.1	73	1.866812
28000	0.1	79	1.909270
28000	0.1	74	1.873864
28000	0.1	76	1.840490
28000	0.1	77	1.879749

29000	0.1	77	2.026407
29000	0.1	73	1.959102
29000	0.1	72	1.955223
29000	0.1	78	2.082765
29000	0.1	79	2.005833
29000	0.1	70	1.985390
29000	0.1	74	1.964980
29000	0.1	79	2.060389
29000	0.1	74	1.984594
29000	0.1	77	1.976275
29000	0.1	72	1.927451
29000	0.1	70	1.962212
29000	0.1	77	1.931309
29000	0.1	71	1.955820
29000	0.1	77	1.989520
29000	0.1	75	1.968778
29000	0.1	75	1.998587
29000	0.1	79	1.958159
29000	0.1	74	1.984114
29000	0.1	75	1.985428
29000	0.1	76	1.995852
29000	0.1	73	2.007847
29000	0.1	77	2.011724
29000	0.1	72	2.002403
29000	0.1	75	1.963583
29000	0.1	72	2.031205
29000	0.1	72	1.974486
29000	0.1	73	1.989318
29000	0.1	73	2.041572
29000	0.1	75	2.035424

30000	0.1	72	2.100140
30000	0.1	72	2.230669
30000	0.1	78	2.133213
30000	0.1	78	2.226395
30000	0.1	82	2.210328
30000	0.1	70	2.216746
30000	0.1	73	2.093896
30000	0.1	76	2.142498
30000	0.1	79	2.120020
30000	0.1	76	2.095130
30000	0.1	77	2.074821
30000	0.1	76	2.083943
30000	0.1	78	2.140382
30000	0.1	77	2.188130
30000	0.1	79	2.113065
30000	0.1	76	2.259436
30000	0.1	76	2.228809
30000	0.1	80	2.104735
30000	0.1	76	2.032373
30000	0.1	73	2.123221
30000	0.1	74	2.022393
30000	0.1	75	2.050191
30000	0.1	76	2.019526
30000	0.1	75	2.002868
30000	0.1	72	2.029850
30000	0.1	75	2.142916
30000	0.1	75	2.014145
30000	0.1	71	2.015035
30000	0.1	79	2.006182
30000	0.1	73	2.014962

