30000	0.1	74	2.018430
30000	0.1	74	2.054896
30000	0.1	79	2.017778
30000	0.1	68	2.014355
30000	0.1	77	2.020396
30000	0.1	71	2.024551
30000	0.1	74	2.024966
30000	0.1	79	2.017145
30000	0.1	74	2.013141
30000	0.1	74	2.017449
30000	0.1	78	2.029007
30000	0.1	74	2.024865
30000	0.1	76	2.017097
30000	0.1	69	2.020149
30000	0.1	82	2.023868
30000	0.1	77	2.014631
30000	0.1	76	2.039214
30000	0.1	79	2.025085
30000	0.1	75	2.028502
30000	0.1	71	2.019104
30000	0.1	76	2.033069
30000	0.1	72	2.028056
30000	0.1	72	2.025479
30000	0.1	76	2.021689
30000	0.1	71	2.030189
30000	0.1	75	2.018324
30000	0.1	80	2.026925
30000	0.1	74	2.035489
30000	0.1	79	2.023651
30000	0.1	74	2.030881

30000	0.15	35	2.837219
30000	0.15	41	2.824775
30000	0.15	36	2.836357
30000	0.15	33	2.828464
30000	0.15	39	2.834544
30000	0.15	39	2.818270
30000	0.15	36	2.820584
30000	0.15	37	2.830147
30000	0.15	36	3.079881
30000	0.15	37	2.856653
30000	0.15	34	2.852352
30000	0.15	36	2.852685
30000	0.15	39	2.842440
30000	0.15	37	2.838417
30000	0.15	36	2.845513
30000	0.15	38	2.826853
30000	0.15	38	2.871356
30000	0.15	36	2.856745
30000	0.15	40	2.848008
30000	0.15	36	2.852827
30000	0.15	37	2.854620
30000	0.15	39	2.868958
30000	0.15	38	2.857616
30000	0.15	37	2.854078
30000	0.15	36	2.856771
30000	0.15	35	2.842773
30000	0.15	40	2.853766
30000	0.15	38	2.854476
30000	0.15	37	2.864545
30000	0.15	36	2.870542

30000	0.2	24	3.831078
30000	0.2	23	3.816907
30000	0.2	21	3.810657
30000	0.2	21	3.816130
30000	0.2	25	3.825435
30000	0.2	20	3.811846
30000	0.2	20	3.835433
30000	0.2	22	3.808600
30000	0.2	22	3.790163
30000	0.2	21	3.832203
30000	0.2	23	3.811641
30000	0.2	21	3.813482
30000	0.2	21	3.833506
30000	0.2	23	3.835701
30000	0.2	23	3.856235
30000	0.2	23	3.849041
30000	0.2	23	3.863329
30000	0.2	22	3.816988
30000	0.2	23	3.816677
30000	0.2	24	3.838790
30000	0.2	21	3.837251
30000	0.2	24	3.835571
30000	0.2	24	3.787634
30000	0.2	22	3.760816
30000	0.2	22	3.812576
30000	0.2	21	3.774864
30000	0.2	24	3.792679
30000	0.2	20	3.791445
30000	0.2	23	3.768501
30000	0.2	21	3.807790

30000	0.25	15	4.903911
30000	0.25	14	4.865049
30000	0.25	17	4.840465
30000	0.25	13	4.951750
30000	0.25	17	5.023214
30000	0.25	16	4.953661
30000	0.25	16	4.966358
30000	0.25	14	4.874890
30000	0.25	17	4.853597
30000	0.25	19	4.861711
30000	0.25	18	4.848427
30000	0.25	15	4.861426
30000	0.25	16	4.841855
30000	0.25	15	4.835386
30000	0.25	17	4.823670
30000	0.25	14	4.854590
30000	0.25	16	4.858236
30000	0.25	16	4.898208
30000	0.25	18	4.848369
30000	0.25	16	4.911622
30000	0.25	15	4.835077
30000	0.25	15	4.852428
30000	0.25	16	4.848044
30000	0.25	16	4.852433
30000	0.25	19	4.833854
30000	0.25	15	4.860567
30000	0.25	15	4.839663
30000	0.25	14	4.862008
30000	0.25	13	4.892539
30000	0.25	15	4.898791

30000	0.3	12	5.979086
30000	0.3	12	5.941433
30000	0.3	12	5.992177
30000	0.3	12	6.042579
30000	0.3	12	6.053202
30000	0.3	12	6.082760
30000	0.3	12	5.956662
30000	0.3	12	5.947010
30000	0.3	12	6.023717
30000	0.3	11	5.960998
30000	0.3	13	6.043088
30000	0.3	11	5.947261
30000	0.3	12	5.917715
30000	0.3	12	5.950692
30000	0.3	11	5.961025
30000	0.3	12	5.943806
30000	0.3	13	5.993741
30000	0.3	11	5.983248
30000	0.3	13	6.047218
30000	0.3	12	5.972117
30000	0.3	12	6.016160
30000	0.3	12	5.991468
30000	0.3	12	5.920010
30000	0.3	13	6.142842
30000	0.3	13	5.993229
30000	0.3	10	6.032644
30000	0.3	13	6.036620
30000	0.3	11	5.995551
30000	0.3	12	6.050849
30000	0.3	11	5.985501

30000	0.35	10	7.130057
30000	0.35	9	7.095787
30000	0.35	9	7.082315
30000	0.35	8	7.268210
30000	0.35	10	7.087514
30000	0.35	9	7.305429
30000	0.35	10	7.245898
30000	0.35	8	7.239109
30000	0.35	8	7.139640
30000	0.35	9	7.135945
30000	0.35	9	7.164865
30000	0.35	8	7.388181
30000	0.35	10	7.208167
30000	0.35	8	7.173315
30000	0.35	8	7.325494
30000	0.35	10	7.147728
30000	0.35	10	7.106262
30000	0.35	8	7.112265
30000	0.35	9	7.097571
30000	0.35	9	7.140400
30000	0.35	8	7.064044
30000	0.35	9	7.561955
30000	0.35	8	7.052482
30000	0.35	9	7.173744
30000	0.35	7	7.128079
30000	0.35	10	7.112091
30000	0.35	8	7.118680
30000	0.35	10	7.085842
30000	0.35	8	7.170154
30000	0.35	9	7.141591

30000	0.4	8	8.348733
30000	0.4	7	8.435249
30000	0.4	7	8.329721
30000	0.4	7	8.457106
30000	0.4	7	8.459448
30000	0.4	7	8.356447
30000	0.4	7	8.390289
30000	0.4	7	8.413534
30000	0.4	7	8.453273
30000	0.4	7	8.608826
30000	0.4	6	8.546401
30000	0.4	8	8.373702
30000	0.4	7	8.444777
30000	0.4	7	8.525793
30000	0.4	7	8.271273
30000	0.4	7	8.452287
30000	0.4	7	8.527975
30000	0.4	7	8.547228
30000	0.4	7	8.407115
30000	0.4	7	8.541421
30000	0.4	7	8.467031
30000	0.4	7	8.373838
30000	0.4	8	8.608339
30000	0.4	6	8.555766
30000	0.4	7	8.442890
30000	0.4	7	8.520415
30000	0.4	7	8.631053
30000	0.4	7	12.855062
30000	0.4	7	8.838494
30000	0.4	7	8.516064

30000	0.45	6	10.615961
30000	0.45	7	9.933091
30000	0.45	7	10.818832
30000	0.45	6	10.001683
30000	0.45	7	12.087785
30000	0.45	7	10.156526
30000	0.45	7	10.583008
30000	0.45	7	10.133779
30000	0.45	7	10.647058
30000	0.45	7	10.805362
30000	0.45	7	10.000158
30000	0.45	7	10.448480
30000	0.45	7	11.092990
30000	0.45	7	9.864264
30000	0.45	7	9.803794
30000	0.45	7	10.182896
30000	0.45	7	10.750955
30000	0.45	7	10.978797
30000	0.45	7	11.336112
30000	0.45	7	10.093757
30000	0.45	7	10.833064
30000	0.45	7	10.306181
30000	0.45	7	9.913386
30000	0.45	7	11.382359
30000	0.45	7	11.244349
30000	0.45	7	9.904798
30000	0.45	7	9.924458
30000	0.45	7	9.673164
30000	0.45	7	10.018124
30000	0.45	6	11.013118

30000	0.5	6	11.404633
30000	0.5	5	10.775906
30000	0.5	6	11.402880
30000	0.5	6	11.825534
30000	0.5	6	11.729496
30000	0.5	5	11.976285
30000	0.5	6	14.694033
30000	0.5	5	11.199138
30000	0.5	6	11.702797
30000	0.5	6	11.652189
30000	0.5	6	11.770868
30000	0.5	6	11.767678
30000	0.5	6	11.946675
30000	0.5	5	11.704268
30000	0.5	5	12.275590
30000	0.5	5	12.543177
30000	0.5	6	12.180690
30000	0.5	6	11.228656
30000	0.5	6	11.102716
30000	0.5	6	12.345719
30000	0.5	6	11.630428
30000	0.5	6	11.838349
30000	0.5	6	12.049324
30000	0.5	5	12.101487
30000	0.5	6	12.090454
30000	0.5	6	11.786735
30000	0.5	5	11.748675
30000	0.5	6	12.017616
30000	0.5	6	11.925788
30000	0.5	5	11.079313

