1000	0.1	30	0.004727
1000	0.1	30	0.004767
1000	0.1	29	0.004754
1000	0.1	31	0.008365
1000	0.1	29	0.008449
1000	0.1	28	0.004777
1000	0.1	28	0.004741
1000	0.1	26	0.008042
1000	0.1	29	0.004785
1000	0.1	30	0.014205
1000	0.1	30	0.005101
1000	0.1	30	0.004998
1000	0.1	28	0.004979
1000	0.1	26	0.004821
1000	0.1	31	0.004831
1000	0.1	24	0.010061
1000	0.1	29	0.010407
1000	0.1	31	0.011825
1000	0.1	28	0.012200
1000	0.1	30	0.004829
1000	0.1	30	0.010840
1000	0.1	28	0.004635
1000	0.1	31	0.010438
1000	0.1	24	0.004777
1000	0.1	31	0.009873
1000	0.1	29	0.004768
1000	0.1	32	0.009060
1000	0.1	26	0.005009
1000	0.1	30	0.004695
1000	0.1	32	0.010400

2000	0.1	31	0.024047
2000	0.1	31	0.014468
2000	0.1	27	0.022680
2000	0.1	30	0.014812
2000	0.1	31	0.013938
2000	0.1	32	0.014954
2000	0.1	35	0.020784
2000	0.1	26	0.016187
2000	0.1	25	0.017200
2000	0.1	30	0.014914
2000	0.1	33	0.014219
2000	0.1	27	0.033558
2000	0.1	28	0.014079
2000	0.1	32	0.021406
2000	0.1	30	0.022667
2000	0.1	32	0.013954
2000	0.1	30	0.014167
2000	0.1	30	0.022257
2000	0.1	28	0.014400
2000	0.1	35	0.013519
2000	0.1	28	0.018466
2000	0.1	28	0.013977
2000	0.1	34	0.013870
2000	0.1	31	0.013972
2000	0.1	30	0.014065
2000	0.1	33	0.014435
2000	0.1	29	0.014132
2000	0.1	29	0.014013
2000	0.1	28	0.014294
2000	0.1	29	0.014211

3000	0.1	29	0.028620
3000	0.1	33	0.026541
3000	0.1	28	0.028581
3000	0.1	29	0.028111
3000	0.1	29	0.027612
3000	0.1	27	0.028824
3000	0.1	35	0.026975
3000	0.1	28	0.029146
3000	0.1	35	0.026876
3000	0.1	29	0.027841
3000	0.1	35	0.026933
3000	0.1	30	0.028537
3000	0.1	29	0.027511
3000	0.1	32	0.053116
3000	0.1	32	0.054557
3000	0.1	34	0.026811
3000	0.1	32	0.027172
3000	0.1	30	0.026509
3000	0.1	30	0.027810
3000	0.1	31	0.028046
3000	0.1	31	0.026510
3000	0.1	30	0.027356
3000	0.1	29	0.026392
3000	0.1	29	0.027071
3000	0.1	28	0.027393
3000	0.1	35	0.026555
3000	0.1	28	0.028906
3000	0.1	33	0.026832
3000	0.1	33	0.026816
3000	0.1	31	0.028072

4000	0.1	36	0.044652
4000	0.1	34	0.051275
4000	0.1	31	0.044124
4000	0.1	32	0.043362
4000	0.1	29	0.044768
4000	0.1	28	0.042468
4000	0.1	31	0.042763
4000	0.1	29	0.045205
4000	0.1	33	0.044499
4000	0.1	27	0.047047
4000	0.1	31	0.045721
4000	0.1	31	0.045625
4000	0.1	33	0.044386
4000	0.1	29	0.045560
4000	0.1	32	0.045530
4000	0.1	30	0.044605
4000	0.1	30	0.045336
4000	0.1	34	0.043170
4000	0.1	31	0.045608
4000	0.1	29	0.043421
4000	0.1	35	0.044674
4000	0.1	32	0.044171
4000	0.1	28	0.044793
4000	0.1	34	0.047434
4000	0.1	33	0.044510
4000	0.1	32	0.044732
4000	0.1	30	0.045111
4000	0.1	28	0.046620
4000	0.1	34	0.043296
4000	0.1	32	0.045244

5000	0.1	32	0.064890
5000	0.1	30	0.070315
5000	0.1	34	0.078922
5000	0.1	29	0.081486
5000	0.1	36	0.072334
5000	0.1	30	0.068202
5000	0.1	29	0.066700
5000	0.1	31	0.089568
5000	0.1	31	0.067575
5000	0.1	33	0.069668
5000	0.1	34	0.064124
5000	0.1	33	0.068993
5000	0.1	28	0.069612
5000	0.1	27	0.066090
5000	0.1	34	0.065125
5000	0.1	31	0.070111
5000	0.1	41	0.068629
5000	0.1	31	0.065112
5000	0.1	35	0.093623
5000	0.1	29	0.066883
5000	0.1	30	0.066613
5000	0.1	27	0.088068
5000	0.1	37	0.062802
5000	0.1	34	0.070790
5000	0.1	34	0.064674
5000	0.1	27	0.066184
5000	0.1	28	0.066262
5000	0.1	30	0.073020
5000	0.1	30	0.065761
5000	0.1	27	0.102659

6000	0.1	29	0.089278
6000	0.1	31	0.109934
6000	0.1	38	0.086815
6000	0.1	28	0.088578
6000	0.1	30	0.100030
6000	0.1	33	0.090198
6000	0.1	29	0.091751
6000	0.1	36	0.086899
6000	0.1	32	0.087883
6000	0.1	31	0.089385
6000	0.1	37	0.104618
6000	0.1	35	0.087452
6000	0.1	33	0.106381
6000	0.1	30	0.103601
6000	0.1	33	0.093655
6000	0.1	32	0.091707
6000	0.1	31	0.100682
6000	0.1	29	0.106134
6000	0.1	29	0.095796
6000	0.1	30	0.104431
6000	0.1	29	0.101655
6000	0.1	36	0.105434
6000	0.1	36	0.094322
6000	0.1	33	0.087896
6000	0.1	31	0.095190
6000	0.1	36	0.095708
6000	0.1	35	0.091577
6000	0.1	35	0.097859
6000	0.1	28	0.092667
6000	0.1	31	0.102444

7000	0.1	33	0.129676
7000	0.1	34	0.137002
7000	0.1	31	0.119911
7000	0.1	29	0.124517
7000	0.1	27	0.118218
7000	0.1	32	0.116999
7000	0.1	30	0.129497
7000	0.1	33	0.120316
7000	0.1	26	0.143746
7000	0.1	30	0.122705
7000	0.1	32	0.133942
7000	0.1	36	0.126171
7000	0.1	37	0.144845
7000	0.1	33	0.164376
7000	0.1	29	0.135537
7000	0.1	30	0.122290
7000	0.1	32	0.154121
7000	0.1	27	0.135100
7000	0.1	31	0.120848
7000	0.1	30	0.124807
7000	0.1	29	0.150209
7000	0.1	33	0.136660
7000	0.1	29	0.128514
7000	0.1	29	0.122377
7000	0.1	27	0.129028
7000	0.1	31	0.137388
7000	0.1	31	0.122847
7000	0.1	35	0.143732
7000	0.1	36	0.131559
7000	0.1	31	0.129512

8000	0.1	30	0.171021
8000	0.1	28	0.184277
8000	0.1	32	0.149986
8000	0.1	31	0.160056
8000	0.1	33	0.164611
8000	0.1	36	0.158840
8000	0.1	31	0.176582
8000	0.1	30	0.160405
8000	0.1	30	0.153982
8000	0.1	35	0.149759
8000	0.1	37	0.172350
8000	0.1	33	0.177692
8000	0.1	33	0.168646
8000	0.1	32	0.158619
8000	0.1	30	0.155695
8000	0.1	35	0.177460
8000	0.1	28	0.165331
8000	0.1	26	0.176579
8000	0.1	30	0.172939
8000	0.1	33	0.153391
8000	0.1	32	0.153896
8000	0.1	33	0.152803
8000	0.1	33	0.156074
8000	0.1	30	0.175209
8000	0.1	26	0.169212
8000	0.1	33	0.167781
8000	0.1	37	0.170310
8000	0.1	32	0.165729
8000	0.1	33	0.167165
8000	0.1	32	0.161060

9000	0.1	24	0.223379
9000	0.1	31	0.204364
9000	0.1	29	0.213221
9000	0.1	34	0.197418
9000	0.1	30	0.199284
9000	0.1	34	0.199856
9000	0.1	31	0.196240
9000	0.1	32	0.196159
9000	0.1	34	0.192646
9000	0.1	31	0.198168
9000	0.1	28	0.215506
9000	0.1	33	0.190316
9000	0.1	30	0.201094
9000	0.1	31	0.189515
9000	0.1	35	0.194765
9000	0.1	33	0.198321
9000	0.1	28	0.193149
9000	0.1	37	0.187931
9000	0.1	34	0.221203
9000	0.1	32	0.222357
9000	0.1	32	0.197141
9000	0.1	37	0.195277
9000	0.1	34	0.204020
9000	0.1	36	0.225169
9000	0.1	34	0.195185
9000	0.1	34	0.210858
9000	0.1	26	0.195055
9000	0.1	31	0.191820
9000	0.1	34	0.192308
9000	0.1	35	0.201036

10000	0.1	34	0.235123
10000	0.1	37	0.230298
10000	0.1	27	0.258742
10000	0.1	31	0.287800
10000	0.1	28	0.251181
10000	0.1	30	0.238543
10000	0.1	29	0.258856
10000	0.1	32	0.260952
10000	0.1	31	0.249878
10000	0.1	33	0.239677
10000	0.1	35	0.259577
10000	0.1	38	0.243322
10000	0.1	33	0.252520
10000	0.1	30	0.253027
10000	0.1	33	0.281706
10000	0.1	32	0.361579
10000	0.1	30	0.317898
10000	0.1	31	0.301776
10000	0.1	26	0.271656
10000	0.1	33	0.243314
10000	0.1	32	0.253846
10000	0.1	32	0.239675
10000	0.1	31	0.241914
10000	0.1	31	0.270597
10000	0.1	33	0.240630
10000	0.1	37	0.234437
10000	0.1	35	0.242130
10000	0.1	32	0.228686
10000	0.1	33	0.245243
10000	0.1	30	0.244311

11000	0.1	28	0.309420
11000	0.1	32	0.306658
11000	0.1	26	0.283310
11000	0.1	30	0.305696
11000	0.1	31	0.281801
11000	0.1	29	0.286927
11000	0.1	33	0.329582
11000	0.1	32	0.285680
11000	0.1	34	0.286773
11000	0.1	31	0.291984
11000	0.1	32	0.309025
11000	0.1	31	0.278509
11000	0.1	36	0.292856
11000	0.1	36	0.275550
11000	0.1	30	0.302749
11000	0.1	34	0.275400
11000	0.1	26	0.319478
11000	0.1	32	0.300761
11000	0.1	31	0.281264
11000	0.1	28	0.319228
11000	0.1	34	0.284414
11000	0.1	31	0.288013
11000	0.1	32	0.303727
11000	0.1	34	0.298277
11000	0.1	32	0.293430
11000	0.1	25	0.285898
11000	0.1	30	0.302364
11000	0.1	33	0.295794
11000	0.1	32	0.282803
11000	0.1	34	0.270943

12000	0.1	31	0.364596
12000	0.1	32	0.340263
12000	0.1	32	0.371466
12000	0.1	35	0.331121
12000	0.1	36	0.336915
12000	0.1	36	0.338753
12000	0.1	34	0.349580
12000	0.1	35	0.339842
12000	0.1	28	0.335204
12000	0.1	29	0.344005
12000	0.1	33	0.350218
12000	0.1	31	0.351374
12000	0.1	32	0.349759
12000	0.1	29	0.338708
12000	0.1	32	0.346447
12000	0.1	31	0.337755
12000	0.1	32	0.346455
12000	0.1	33	0.333930
12000	0.1	26	0.364283
12000	0.1	31	0.340452
12000	0.1	30	0.353252
12000	0.1	32	0.346027
12000	0.1	33	0.339750
12000	0.1	32	0.344266
12000	0.1	36	0.345308
12000	0.1	34	0.332458
12000	0.1	35	0.357529
12000	0.1	34	0.334174
12000	0.1	33	0.334044
12000	0.1	28	0.361704

13000	0.1	27	0.403925
13000	0.1	36	0.399064
13000	0.1	29	0.430741
13000	0.1	35	0.396627
13000	0.1	33	0.391958
13000	0.1	32	0.433655
13000	0.1	33	0.415075
13000	0.1	29	0.408253
13000	0.1	33	0.412536
13000	0.1	28	0.409311
13000	0.1	30	0.420621
13000	0.1	31	0.386778
13000	0.1	30	0.406493
13000	0.1	36	0.427729
13000	0.1	36	0.383256
13000	0.1	34	0.417490
13000	0.1	35	0.377299
13000	0.1	26	0.393663
13000	0.1	30	0.422812
13000	0.1	36	0.459649
13000	0.1	30	0.386181
13000	0.1	36	0.395362
13000	0.1	30	0.395274
13000	0.1	27	0.427260
13000	0.1	30	0.395252
13000	0.1	27	0.414667
13000	0.1	30	0.443281
13000	0.1	32	0.476032
13000	0.1	33	0.620084
13000	0.1	41	0.403541

14000	0.1	34	0.540357
14000	0.1	29	0.542288
14000	0.1	37	0.513589
14000	0.1	28	0.518050
14000	0.1	32	0.523509
14000	0.1	34	0.503254
14000	0.1	33	0.511494
14000	0.1	32	0.490523
14000	0.1	33	0.553338
14000	0.1	30	0.519919
14000	0.1	34	0.549847
14000	0.1	33	0.499428
14000	0.1	28	0.497646
14000	0.1	36	0.514292
14000	0.1	34	0.509765
14000	0.1	31	0.501398
14000	0.1	29	0.527690
14000	0.1	29	0.557923
14000	0.1	29	0.510561
14000	0.1	28	0.524707
14000	0.1	34	0.476124
14000	0.1	33	0.473208
14000	0.1	33	0.474525
14000	0.1	31	0.523241
14000	0.1	32	0.509114
14000	0.1	29	0.482636
14000	0.1	31	0.511073
14000	0.1	33	0.533601
14000	0.1	32	0.486204
14000	0.1	34	0.482014

15000	0.1	30	0.576925
15000	0.1	33	0.576924
15000	0.1	30	0.587895
15000	0.1	34	0.585447
15000	0.1	32	0.555028
15000	0.1	39	0.551366
15000	0.1	35	0.541668
15000	0.1	28	0.558842
15000	0.1	30	0.552187
15000	0.1	30	0.609172
15000	0.1	35	0.537490
15000	0.1	33	0.557628
15000	0.1	33	0.545067
15000	0.1	33	0.612093
15000	0.1	33	0.550713
15000	0.1	28	0.552117
15000	0.1	34	0.576708
15000	0.1	33	0.640295
15000	0.1	36	0.536613
15000	0.1	31	0.533896
15000	0.1	39	0.544009
15000	0.1	33	0.572914
15000	0.1	33	0.563918
15000	0.1	31	0.557885
15000	0.1	30	0.570639
15000	0.1	30	0.542244
15000	0.1	32	0.626551
15000	0.1	29	0.561275
15000	0.1	33	0.616858
15000	0.1	31	0.613436

16000	0.1	31	0.657282
16000	0.1	27	0.743069
16000	0.1	28	0.705860
16000	0.1	35	0.733516
16000	0.1	31	0.705309
16000	0.1	30	0.635939
16000	0.1	33	0.640896
16000	0.1	32	0.642891
16000	0.1	30	0.620427
16000	0.1	25	0.656869
16000	0.1	35	0.651819
16000	0.1	31	0.698158
16000	0.1	35	0.657013
16000	0.1	34	0.714185
16000	0.1	34	0.676975
16000	0.1	28	0.687279
16000	0.1	34	0.642280
16000	0.1	31	0.656795
16000	0.1	33	0.640721
16000	0.1	35	0.631662
16000	0.1	37	0.620915
16000	0.1	29	0.640849
16000	0.1	31	0.627237
16000	0.1	32	0.682885
16000	0.1	34	0.618538
16000	0.1	32	0.665859
16000	0.1	34	0.666052
16000	0.1	32	0.721662
16000	0.1	29	0.658030
16000	0.1	35	0.638640

17000	0.1	27	0.802383
17000	0.1	28	0.713009
17000	0.1	32	0.722094
17000	0.1	32	0.732477
17000	0.1	32	0.739864
17000	0.1	36	0.675315
17000	0.1	35	0.750240
17000	0.1	29	0.686508
17000	0.1	28	0.695827
17000	0.1	26	0.779892
17000	0.1	33	0.759238
17000	0.1	34	0.714180
17000	0.1	32	0.706171
17000	0.1	33	0.728906
17000	0.1	27	0.772817
17000	0.1	27	0.780019
17000	0.1	33	0.750327
17000	0.1	30	0.778151
17000	0.1	33	0.785641
17000	0.1	33	0.750425
17000	0.1	34	0.800926
17000	0.1	30	0.758323
17000	0.1	34	0.762361
17000	0.1	32	0.720229
17000	0.1	36	0.748429
17000	0.1	30	0.766240
17000	0.1	36	0.743060
17000	0.1	32	0.727488
17000	0.1	33	0.744516
17000	0.1	32	0.725814

18000	0.1	30	0.857355
18000	0.1	29	0.870505
18000	0.1	31	0.895351
18000	0.1	35	0.861015
18000	0.1	34	0.871223
18000	0.1	39	0.869049
18000	0.1	34	0.898414
18000	0.1	32	0.861540
18000	0.1	38	0.789178
18000	0.1	33	0.757755
18000	0.1	34	0.841089
18000	0.1	28	0.858841
18000	0.1	30	0.857214
18000	0.1	32	0.790059
18000	0.1	27	0.814580
18000	0.1	40	0.839222
18000	0.1	33	0.792368
18000	0.1	31	0.769976
18000	0.1	30	0.840764
18000	0.1	31	0.788831
18000	0.1	31	0.844514
18000	0.1	37	0.790815
18000	0.1	34	0.783094
18000	0.1	32	0.774922
18000	0.1	34	0.797063
18000	0.1	29	0.827015
18000	0.1	36	0.819925
18000	0.1	34	0.847961
18000	0.1	31	0.776265
18000	0.1	28	0.869677

19000	0.1	32	0.882477
19000	0.1	31	1.022400
19000	0.1	31	0.926092
19000	0.1	38	0.913742
19000	0.1	31	0.981992
19000	0.1	32	0.908649
19000	0.1	37	0.869143
19000	0.1	30	0.886949
19000	0.1	39	0.904803
19000	0.1	30	0.877293
19000	0.1	32	0.896425
19000	0.1	29	0.977484
19000	0.1	33	0.888344
19000	0.1	30	0.939475
19000	0.1	28	0.990756
19000	0.1	22	0.969266
19000	0.1	31	0.918437
19000	0.1	27	0.950426
19000	0.1	34	0.853888
19000	0.1	31	0.929676
19000	0.1	32	0.920259
19000	0.1	32	0.919170
19000	0.1	34	0.925916
19000	0.1	34	0.931053
19000	0.1	31	0.989635
19000	0.1	36	0.933135
19000	0.1	36	0.889947
19000	0.1	31	0.991707
19000	0.1	36	0.857578
19000	0.1	31	0.876198

20000	0.1	33	0.958124
20000	0.1	32	1.152213
20000	0.1	33	0.966535
20000	0.1	33	1.132457
20000	0.1	30	1.108550
20000	0.1	23	1.116920
20000	0.1	38	0.976425
20000	0.1	31	0.966635
20000	0.1	35	0.953792
20000	0.1	28	1.065634
20000	0.1	33	1.008416
20000	0.1	29	1.054254
20000	0.1	36	0.959662
20000	0.1	33	1.048780
20000	0.1	33	1.056840
20000	0.1	34	1.006703
20000	0.1	28	1.073725
20000	0.1	34	1.072529
20000	0.1	27	1.066586
20000	0.1	32	1.090705
20000	0.1	36	1.025781
20000	0.1	31	1.014698
20000	0.1	32	1.125951
20000	0.1	29	1.043134
20000	0.1	33	1.029448
20000	0.1	33	1.088946
20000	0.1	33	1.120802
20000	0.1	38	1.000494
20000	0.1	32	1.031707
20000	0.1	30	1.001016

21000	0.1	31	1.100141
21000	0.1	26	1.196292
21000	0.1	29	1.126820
21000	0.1	34	1.144700
21000	0.1	35	1.097933
21000	0.1	38	1.089868
21000	0.1	33	1.112140
21000	0.1	33	1.092716
21000	0.1	29	1.178422
21000	0.1	36	1.178894
21000	0.1	34	1.101121
21000	0.1	28	1.118946
21000	0.1	29	1.118362
21000	0.1	33	1.209534
21000	0.1	29	1.110265
21000	0.1	30	1.112221
21000	0.1	32	1.163585
21000	0.1	34	1.123851
21000	0.1	36	1.042208
21000	0.1	32	1.199952
21000	0.1	29	1.084486
21000	0.1	39	1.018505
21000	0.1	36	1.064085
21000	0.1	34	1.122861
21000	0.1	27	1.119392
21000	0.1	32	1.142984
21000	0.1	33	1.144345
21000	0.1	30	1.167578
21000	0.1	32	1.094966
21000	0.1	27	1.114538

22000	0.1	33	1.211413
22000	0.1	32	1.243019
22000	0.1	26	1.265826
22000	0.1	31	1.206627
22000	0.1	34	1.171525
22000	0.1	34	1.182143
22000	0.1	34	1.250389
22000	0.1	30	1.239321
22000	0.1	27	1.213597
22000	0.1	36	1.127558
22000	0.1	32	1.211066
22000	0.1	26	1.318761
22000	0.1	38	1.279764
22000	0.1	30	1.184782
22000	0.1	36	1.235312
22000	0.1	33	1.261770
22000	0.1	34	1.203195
22000	0.1	34	1.153439
22000	0.1	31	1.190775
22000	0.1	30	1.227211
22000	0.1	33	1.303113
22000	0.1	34	1.241256
22000	0.1	33	1.193277
22000	0.1	36	1.279420
22000	0.1	37	1.213134
22000	0.1	28	1.353353
22000	0.1	31	1.219748
22000	0.1	29	1.192343
22000	0.1	31	1.241107
22000	0.1	32	1.219260

23000	0.1	31	1.298915
23000	0.1	31	1.251450
23000	0.1	33	1.420827
23000	0.1	29	1.354886
23000	0.1	35	1.370420
23000	0.1	31	1.287393
23000	0.1	30	1.317590
23000	0.1	29	1.394812
23000	0.1	29	1.409182
23000	0.1	33	1.356789
23000	0.1	33	1.437384
23000	0.1	32	1.301632
23000	0.1	36	1.255560
23000	0.1	29	1.389095
23000	0.1	31	1.444794
23000	0.1	29	1.339569
23000	0.1	35	1.309177
23000	0.1	30	1.387612
23000	0.1	35	1.442047
23000	0.1	37	1.253580
23000	0.1	36	1.350107
23000	0.1	32	1.337822
23000	0.1	33	1.532613
23000	0.1	35	1.298015
23000	0.1	30	1.427865
23000	0.1	29	1.268055
23000	0.1	25	1.398609
23000	0.1	29	1.445748
23000	0.1	35	1.236666
23000	0.1	34	1.372587

24000	0.1	33	1.452733
24000	0.1	32	1.380499
24000	0.1	30	1.634783
24000	0.1	30	1.538266
24000	0.1	32	1.361597
24000	0.1	32	1.384263
24000	0.1	27	1.527928
24000	0.1	33	1.362135
24000	0.1	31	1.458806
24000	0.1	35	1.445250
24000	0.1	32	1.463935
24000	0.1	36	1.482281
24000	0.1	31	1.492215
24000	0.1	35	1.411974
24000	0.1	35	1.412725
24000	0.1	29	1.487160
24000	0.1	26	1.487852
24000	0.1	33	1.449743
24000	0.1	31	1.524392
24000	0.1	35	1.387908
24000	0.1	33	1.411139
24000	0.1	32	1.458690
24000	0.1	36	1.469480
24000	0.1	29	1.472649
24000	0.1	29	1.486491
24000	0.1	31	1.485232
24000	0.1	32	1.481886
24000	0.1	35	1.340022
24000	0.1	34	1.431337
24000	0.1	33	1.464384

25000	0.1	29	1.701243
25000	0.1	31	1.609759
25000	0.1	30	1.981739
25000	0.1	34	1.532507
25000	0.1	38	1.602218
25000	0.1	36	1.574105
25000	0.1	31	1.607090
25000	0.1	34	1.585457
25000	0.1	32	1.620497
25000	0.1	28	1.676084
25000	0.1	37	1.568455
25000	0.1	27	1.777239
25000	0.1	32	1.642817
25000	0.1	34	1.577949
25000	0.1	37	1.612550
25000	0.1	32	1.544263
25000	0.1	35	1.600469
25000	0.1	31	1.570207
25000	0.1	33	1.658278
25000	0.1	36	1.546981
25000	0.1	33	1.694386
25000	0.1	29	1.605232
25000	0.1	33	1.539853
25000	0.1	32	1.643329
25000	0.1	33	1.802238
25000	0.1	36	1.533610
25000	0.1	37	1.536207
25000	0.1	33	1.487938
25000	0.1	34	1.598128
25000	0.1	32	1.825425

26000	0.1	31	1.661583
26000	0.1	33	1.641853
26000	0.1	33	1.771084
26000	0.1	34	1.700411
26000	0.1	26	1.913643
26000	0.1	32	1.749083
26000	0.1	36	1.685603
26000	0.1	29	1.954142
26000	0.1	30	1.683627
26000	0.1	34	1.723842
26000	0.1	36	1.605406
26000	0.1	34	1.619595
26000	0.1	33	1.668092
26000	0.1	31	1.793305
26000	0.1	31	1.746294
26000	0.1	29	1.669502
26000	0.1	29	1.728609
26000	0.1	36	1.760073
26000	0.1	32	1.721457
26000	0.1	33	1.735773
26000	0.1	31	1.777966
26000	0.1	35	1.679462
26000	0.1	29	1.788584
26000	0.1	33	1.768156
26000	0.1	35	1.701121
26000	0.1	29	1.786030
26000	0.1	28	1.810655
26000	0.1	27	1.796888
26000	0.1	29	1.813495
26000	0.1	37	1.692643

27000	0.1	31	1.724905
27000	0.1	34	1.793458
27000	0.1	34	1.877356
27000	0.1	29	2.121213
27000	0.1	34	1.897725
27000	0.1	32	1.927999
27000	0.1	31	1.855970
27000	0.1	36	1.841582
27000	0.1	37	1.787242
27000	0.1	28	1.909834
27000	0.1	32	1.813156
27000	0.1	28	1.912002
27000	0.1	35	1.858826
27000	0.1	32	1.988712
27000	0.1	34	1.973254
27000	0.1	28	2.021821
27000	0.1	31	1.932547
27000	0.1	27	2.036856
27000	0.1	33	1.800618
27000	0.1	32	1.815530
27000	0.1	33	1.790308
27000	0.1	35	1.991731
27000	0.1	37	1.801994
27000	0.1	29	1.808233
27000	0.1	33	2.016384
27000	0.1	32	1.849906
27000	0.1	29	1.831065
27000	0.1	35	1.734966
27000	0.1	33	1.869263
27000	0.1	27	1.810506

28000	0.1	29	1.933040
28000	0.1	30	1.977109
28000	0.1	30	1.984962
28000	0.1	30	2.150224
28000	0.1	28	2.176158
28000	0.1	35	2.103315
28000	0.1	33	1.982261
28000	0.1	31	2.125598
28000	0.1	34	1.883731
28000	0.1	32	1.969554
28000	0.1	31	2.144336
28000	0.1	34	1.997429
28000	0.1	33	2.026951
28000	0.1	32	1.922200
28000	0.1	31	2.030579
28000	0.1	36	1.976020
28000	0.1	31	2.092188
28000	0.1	36	1.899047
28000	0.1	27	2.256175
28000	0.1	33	2.135806
28000	0.1	32	1.892985
28000	0.1	29	2.223367
28000	0.1	34	1.983240
28000	0.1	34	1.907945
28000	0.1	34	1.911662
28000	0.1	34	2.005664
28000	0.1	29	2.046457
28000	0.1	33	2.025679
28000	0.1	32	2.037685
28000	0.1	26	2.090723

29000	0.1	33	2.106142
29000	0.1	37	2.100807
29000	0.1	31	2.324755
29000	0.1	31	2.168466
29000	0.1	29	2.224886
29000	0.1	31	2.242025
29000	0.1	31	2.157142
29000	0.1	33	2.344547
29000	0.1	32	2.146371
29000	0.1	32	2.236892
29000	0.1	31	2.390536
29000	0.1	34	2.180573
29000	0.1	38	2.238401
29000	0.1	29	2.345714
29000	0.1	34	2.170436
29000	0.1	33	2.193483
29000	0.1	34	2.045865
29000	0.1	36	2.125747
29000	0.1	28	2.229313
29000	0.1	36	2.118146
29000	0.1	32	2.149130
29000	0.1	31	2.276639
29000	0.1	30	2.154125
29000	0.1	33	2.144118
29000	0.1	33	2.072943
29000	0.1	31	2.149708
29000	0.1	34	2.137628
29000	0.1	37	2.210299
29000	0.1	38	2.207859
29000	0.1	31	2.075493

30000	0.1	33	2.451729
30000	0.1	27	2.629358
30000	0.1	31	2.561711
30000	0.1	24	2.361288
30000	0.1	35	2.315825
30000	0.1	36	2.371918
30000	0.1	35	2.206474
30000	0.1	29	2.562862
30000	0.1	32	2.232685
30000	0.1	31	2.424965
30000	0.1	33	2.388732
30000	0.1	28	2.223885
30000	0.1	31	2.273430
30000	0.1	30	2.365950
30000	0.1	31	2.271403
30000	0.1	29	2.456880
30000	0.1	30	2.335587
30000	0.1	35	2.171425
30000	0.1	33	2.387818
30000	0.1	31	2.293861
30000	0.1	28	2.378091
30000	0.1	35	2.243406
30000	0.1	33	2.229943
30000	0.1	34	2.243453
30000	0.1	35	2.181130
30000	0.1	33	2.321301
30000	0.1	28	2.439544
30000	0.1	35	2.183911
30000	0.1	33	2.202920
30000	0.1	36	2.362378

