1000	0.1	68	0.002478
1000	0.1	67	0.003499
1000	0.1	64	0.003388
1000	0.1	67	0.003086
1000	0.1	69	0.003354
1000	0.1	65	0.003351
1000	0.1	62	0.003289
1000	0.1	64	0.003252
1000	0.1	68	0.002764
1000	0.1	63	0.003707
1000	0.1	63	0.003237
1000	0.1	65	0.003511
1000	0.1	66	0.003309
1000	0.1	65	0.002766
1000	0.1	65	0.003419
1000	0.1	62	0.003658
1000	0.1	67	0.002752
1000	0.1	68	0.002586
1000	0.1	68	0.003458
1000	0.1	65	0.002684
1000	0.1	67	0.002654
1000	0.1	63	0.002792
1000	0.1	68	0.003421
1000	0.1	66	0.002927
1000	0.1	67	0.002473
1000	0.1	67	0.003229
1000	0.1	64	0.002679
1000	0.1	66	0.003492
1000	0.1	68	0.002532
1000	0.1	66	0.002603

2000	0.1	68	0.007552
2000	0.1	72	0.006362
2000	0.1	71	0.010296
2000	0.1	70	0.007869
2000	0.1	74	0.007797
2000	0.1	74	0.008179
2000	0.1	71	0.00764
2000	0.1	68	0.00777
2000	0.1	72	0.008894
2000	0.1	71	0.007877
2000	0.1	69	0.008727
2000	0.1	77	0.008143
2000	0.1	74	0.008695
2000	0.1	72	0.008814
2000	0.1	70	0.008318
2000	0.1	74	0.007545
2000	0.1	75	0.007791
2000	0.1	73	0.007856
2000	0.1	69	0.008162
2000	0.1	70	0.00743
2000	0.1	71	0.008082
2000	0.1	73	0.007687
2000	0.1	70	0.006657
2000	0.1	76	0.007715
2000	0.1	71	0.006855
2000	0.1	75	0.008756
2000	0.1	73	0.009
2000	0.1	74	0.011732
2000	0.1	72	0.007592
2000	0.1	71	0.008408

3000	0.1	76	0.013724
3000	0.1	74	0.014842
3000	0.1	78	0.017474
3000	0.1	77	0.014625
3000	0.1	74	0.012458
3000	0.1	78	0.012666
3000	0.1	72	0.014658
3000	0.1	75	0.01479
3000	0.1	78	0.012669
3000	0.1	73	0.016171
3000	0.1	75	0.012598
3000	0.1	79	0.012474
3000	0.1	77	0.012695
3000	0.1	75	0.01251
3000	0.1	75	0.013265
3000	0.1	77	0.013558
3000	0.1	75	0.013059
3000	0.1	76	0.012813
3000	0.1	76	0.013951
3000	0.1	79	0.013907
3000	0.1	74	0.013353
3000	0.1	79	0.014522
3000	0.1	78	0.016575
3000	0.1	75	0.013937
3000	0.1	75	0.01617
3000	0.1	73	0.012443
3000	0.1	78	0.012919
3000	0.1	72	0.013864
3000	0.1	73	0.013643
3000	0.1	76	0.012529

4000	0.1	77	0.025744
4000	0.1	77	0.022084
4000	0.1	76	0.026146
4000	0.1	77	0.020304
4000	0.1	75	0.020197
4000	0.1	79	0.01958
4000	0.1	81	0.020618
4000	0.1	76	0.021528
4000	0.1	80	0.020439
4000	0.1	75	0.021478
4000	0.1	79	0.025445
4000	0.1	79	0.021482
4000	0.1	80	0.022469
4000	0.1	78	0.02387
4000	0.1	74	0.021586
4000	0.1	83	0.020461
4000	0.1	73	0.02695
4000	0.1	78	0.021944
4000	0.1	79	0.022042
4000	0.1	82	0.022162
4000	0.1	78	0.023475
4000	0.1	79	0.021673
4000	0.1	82	0.022725
4000	0.1	74	0.026853
4000	0.1	79	0.021506
4000	0.1	81	0.020504
4000	0.1	84	0.022075
4000	0.1	80	0.023063
4000	0.1	75	0.020247
4000	0.1	80	0.02274

5000	0.1	78	0.032191
5000	0.1	80	0.029516
5000	0.1	79	0.03253
5000	0.1	82	0.031362
5000	0.1	79	0.031742
5000	0.1	80	0.029711
5000	0.1	79	0.031474
5000	0.1	75	0.035084
5000	0.1	80	0.033301
5000	0.1	79	0.032633
5000	0.1	78	0.031883
5000	0.1	84	0.028896
5000	0.1	81	0.031418
5000	0.1	83	0.038087
5000	0.1	80	0.029789
5000	0.1	80	0.03291
5000	0.1	81	0.039274
5000	0.1	76	0.030164
5000	0.1	81	0.031155
5000	0.1	83	0.035172
5000	0.1	78	0.032952
5000	0.1	83	0.031076
5000	0.1	80	0.031365
5000	0.1	79	0.031101
5000	0.1	79	0.029878
5000	0.1	80	0.031015
5000	0.1	79	0.030465
5000	0.1	77	0.031424
5000	0.1	79	0.030495
5000	0.1	79	0.032082

6000	0.1	74	0.041509
6000	0.1	79	0.040493
6000	0.1	78	0.043888
6000	0.1	81	0.043443
6000	0.1	82	0.043021
6000	0.1	82	0.042645
6000	0.1	78	0.050867
6000	0.1	75	0.04024
6000	0.1	78	0.046597
6000	0.1	78	0.039631
6000	0.1	79	0.04267
6000	0.1	82	0.04268
6000	0.1	77	0.040232
6000	0.1	82	0.042277
6000	0.1	80	0.044398
6000	0.1	81	0.042983
6000	0.1	81	0.040704
6000	0.1	79	0.042909
6000	0.1	77	0.041026
6000	0.1	83	0.044402
6000	0.1	82	0.041078
6000	0.1	88	0.042396
6000	0.1	84	0.041253
6000	0.1	83	0.042059
6000	0.1	79	0.041952
6000	0.1	80	0.042384
6000	0.1	84	0.043379
6000	0.1	81	0.041348
6000	0.1	80	0.042185
6000	0.1	79	0.042488

7000	0.1	81	0.056151
7000	0.1	80	0.055762
7000	0.1	80	0.053742
7000	0.1	84	0.056235
7000	0.1	81	0.056093
7000	0.1	83	0.052566
7000	0.1	80	0.055394
7000	0.1	80	0.058099
7000	0.1	81	0.056426
7000	0.1	81	0.056338
7000	0.1	80	0.054922
7000	0.1	80	0.056089
7000	0.1	82	0.05647
7000	0.1	81	0.056373
7000	0.1	79	0.056893
7000	0.1	82	0.056547
7000	0.1	84	0.057035
7000	0.1	78	0.052003
7000	0.1	80	0.053467
7000	0.1	83	0.055984
7000	0.1	82	0.053291
7000	0.1	85	0.058431
7000	0.1	84	0.054092
7000	0.1	84	0.054969
7000	0.1	85	0.057352
7000	0.1	84	0.054643
7000	0.1	82	0.056088
7000	0.1	81	0.055341
7000	0.1	83	0.056136
7000	0.1	77	0.070456

8000	0.1	81	0.070725
8000	0.1	81	0.065915
8000	0.1	79	0.066852
8000	0.1	84	0.068143
8000	0.1	83	0.070018
8000	0.1	81	0.068084
8000	0.1	85	0.069439
8000	0.1	82	0.069279
8000	0.1	82	0.072751
8000	0.1	81	0.089645
8000	0.1	79	0.070342
8000	0.1	79	0.070808
8000	0.1	77	0.070335
8000	0.1	80	0.066476
8000	0.1	80	0.094967
8000	0.1	83	0.067138
8000	0.1	84	0.071428
8000	0.1	79	0.069147
8000	0.1	78	0.073385
8000	0.1	80	0.080504
8000	0.1	85	0.07146
8000	0.1	83	0.066272
8000	0.1	83	0.074127
8000	0.1	83	0.076312
8000	0.1	83	0.074478
8000	0.1	80	0.067455
8000	0.1	84	0.067567
8000	0.1	82	0.124243
8000	0.1	84	0.067229
8000	0.1	81	0.068758

9000	0.1	80	0.083725
9000	0.1	77	0.090287
9000	0.1	78	0.086952
9000	0.1	82	0.083302
9000	0.1	83	0.08604
9000	0.1	81	0.085027
9000	0.1	83	0.086259
9000	0.1	81	0.082479
9000	0.1	85	0.086338
9000	0.1	78	0.082792
9000	0.1	81	0.092074
9000	0.1	84	0.083079
9000	0.1	80	0.083026
9000	0.1	80	0.083037
9000	0.1	80	0.083665
9000	0.1	84	0.086712
9000	0.1	88	0.087694
9000	0.1	82	0.086836
9000	0.1	82	0.090035
9000	0.1	78	0.088317
9000	0.1	79	0.086369
9000	0.1	84	0.082734
9000	0.1	85	0.087336
9000	0.1	81	0.088046
9000	0.1	82	0.085925
9000	0.1	79	0.087855
9000	0.1	80	0.087375
9000	0.1	80	0.084082
9000	0.1	81	0.082529
9000	0.1	84	0.087969

10000	0.1	82	0.10267
10000	0.1	81	0.106841
10000	0.1	82	0.105551
10000	0.1	82	0.110092
10000	0.1	85	0.101289
10000	0.1	79	0.106223
10000	0.1	82	0.10462
10000	0.1	85	0.102549
10000	0.1	85	0.107724
10000	0.1	83	0.101253
10000	0.1	80	0.101425
10000	0.1	78	0.107095
10000	0.1	83	0.106657
10000	0.1	81	0.106396
10000	0.1	82	0.104561
10000	0.1	84	0.10696
10000	0.1	79	0.126038
10000	0.1	86	0.106982
10000	0.1	85	0.10035
10000	0.1	82	0.105966
10000	0.1	82	0.107995
10000	0.1	83	0.101725
10000	0.1	84	0.102047
10000	0.1	82	0.100769
10000	0.1	82	0.102682
10000	0.1	82	0.120497
10000	0.1	81	0.109728
10000	0.1	79	0.104948
10000	0.1	81	0.105971
10000	0.1	88	0.110888

11000	0.1	78	0.124453
11000	0.1	83	0.1245
11000	0.1	84	0.128675
11000	0.1	83	0.125297
11000	0.1	86	0.119043
11000	0.1	84	0.121001
11000	0.1	81	0.126318
11000	0.1	84	0.1207
11000	0.1	82	0.119759
11000	0.1	83	0.121353
11000	0.1	80	0.131449
11000	0.1	84	0.130256
11000	0.1	85	0.139859
11000	0.1	84	0.121944
11000	0.1	81	0.123513
11000	0.1	84	0.124303
11000	0.1	81	0.12535
11000	0.1	84	0.12486
11000	0.1	78	0.119347
11000	0.1	84	0.126369
11000	0.1	83	0.12502
11000	0.1	84	0.130671
11000	0.1	83	0.120183
11000	0.1	82	0.119189
11000	0.1	80	0.125583
11000	0.1	80	0.128002
11000	0.1	82	0.12587
11000	0.1	83	0.127424
11000	0.1	82	0.121827
11000	0.1	84	0.124739

12000	0.1	86	0.144274
12000	0.1	88	0.142692
12000	0.1	84	0.148481
12000	0.1	85	0.148181
12000	0.1	81	0.153619
12000	0.1	79	0.144937
12000	0.1	85	0.142787
12000	0.1	86	0.146025
12000	0.1	85	0.149338
12000	0.1	83	0.149843
12000	0.1	85	0.148042
12000	0.1	80	0.149875
12000	0.1	86	0.143836
12000	0.1	85	0.13996
12000	0.1	82	0.144603
12000	0.1	88	0.144497
12000	0.1	85	0.145734
12000	0.1	81	0.151087
12000	0.1	83	0.142459
12000	0.1	82	0.145797
12000	0.1	84	0.147574
12000	0.1	86	0.147832
12000	0.1	83	0.145755
12000	0.1	78	0.143948
12000	0.1	86	0.151181
12000	0.1	82	0.14394
12000	0.1	85	0.140904
12000	0.1	84	0.148749
12000	0.1	84	0.17538
12000	0.1	86	0.149352

13000	0.1	83	0.169726
13000	0.1	84	0.166722
13000	0.1	83	0.167149
13000	0.1	84	0.168247
13000	0.1	83	0.169848
13000	0.1	82	0.190327
13000	0.1	84	0.165223
13000	0.1	83	0.169235
13000	0.1	82	0.165599
13000	0.1	82	0.178098
13000	0.1	85	0.169345
13000	0.1	80	0.1648
13000	0.1	87	0.178187
13000	0.1	81	0.166001
13000	0.1	82	0.169805
13000	0.1	85	0.164495
13000	0.1	85	0.185159
13000	0.1	80	0.172799
13000	0.1	88	0.166306
13000	0.1	83	0.166201
13000	0.1	84	0.167579
13000	0.1	85	0.176081
13000	0.1	84	0.16637
13000	0.1	81	0.173644
13000	0.1	83	0.178332
13000	0.1	84	0.222978
13000	0.1	81	0.17308
13000	0.1	81	0.168849
13000	0.1	80	0.167151
13000	0.1	87	0.169662

14000	0.1	79	0.195612
14000	0.1	86	0.191878
14000	0.1	84	0.199514
14000	0.1	84	0.188955
14000	0.1	84	0.193649
14000	0.1	84	0.194223
14000	0.1	85	0.199726
14000	0.1	80	0.186286
14000	0.1	82	0.189995
14000	0.1	84	0.203654
14000	0.1	83	0.194838
14000	0.1	82	0.199857
14000	0.1	86	0.194689
14000	0.1	86	0.195041
14000	0.1	85	0.187711
14000	0.1	88	0.19536
14000	0.1	83	0.201286
14000	0.1	81	0.190713
14000	0.1	90	0.188789
14000	0.1	85	0.192746
14000	0.1	81	0.201287
14000	0.1	87	0.194089
14000	0.1	84	0.197975
14000	0.1	86	0.191584
14000	0.1	85	0.251286
14000	0.1	83	0.192352
14000	0.1	82	0.194779
14000	0.1	84	0.195555
14000	0.1	86	0.193117
14000	0.1	86	0.188978

15000	0.1	85	0.213634
15000	0.1	85	0.224078
15000	0.1	84	0.219019
15000	0.1	83	0.214847
15000	0.1	89	0.214467
15000	0.1	83	0.223367
15000	0.1	83	0.213509
15000	0.1	82	0.220129
15000	0.1	82	0.221051
15000	0.1	85	0.221025
15000	0.1	81	0.225492
15000	0.1	89	0.224657
15000	0.1	88	0.214401
15000	0.1	83	0.215576
15000	0.1	84	0.220935
15000	0.1	84	0.215097
15000	0.1	82	0.22206
15000	0.1	84	0.220912
15000	0.1	85	0.221872
15000	0.1	87	0.222442
15000	0.1	82	0.226781
15000	0.1	83	0.217754
15000	0.1	81	0.22304
15000	0.1	81	0.220019
15000	0.1	82	0.220472
15000	0.1	86	0.229078
15000	0.1	80	0.218578
15000	0.1	84	0.215268
15000	0.1	82	0.225175
15000	0.1	83	0.218949

16000	0.1	82	0.25116
16000	0.1	85	0.260704
16000	0.1	85	0.2582
16000	0.1	85	0.252973
16000	0.1	87	0.241765
16000	0.1	89	0.2602
16000	0.1	81	0.25055
16000	0.1	84	0.254931
16000	0.1	86	0.261479
16000	0.1	85	0.245452
16000	0.1	83	0.241851
16000	0.1	85	0.247718
16000	0.1	84	0.249421
16000	0.1	81	0.246398
16000	0.1	86	0.256539
16000	0.1	88	0.262602
16000	0.1	82	0.25642
16000	0.1	84	0.248856
16000	0.1	83	0.241875
16000	0.1	87	0.252678
16000	0.1	83	0.245529
16000	0.1	84	0.24964
16000	0.1	86	0.25681
16000	0.1	84	0.244453
16000	0.1	85	0.240897
16000	0.1	86	0.260333
16000	0.1	83	0.252383
16000	0.1	86	0.250257
16000	0.1	82	0.249956
16000	0.1	84	0.255112

17000	0.1	81	0.285708
17000	0.1	85	0.279448
17000	0.1	87	0.28312
17000	0.1	86	0.300554
17000	0.1	84	0.28302
17000	0.1	87	0.280071
17000	0.1	82	0.287402
17000	0.1	83	0.280438
17000	0.1	82	0.275682
17000	0.1	85	0.279219
17000	0.1	85	0.277518
17000	0.1	86	0.28369
17000	0.1	87	0.284611
17000	0.1	85	0.299314
17000	0.1	88	0.283946
17000	0.1	87	0.280132
17000	0.1	84	0.279425
17000	0.1	85	0.274312
17000	0.1	84	0.291788
17000	0.1	84	0.277509
17000	0.1	86	0.280065
17000	0.1	85	0.292674
17000	0.1	83	0.273906
17000	0.1	86	0.288762
17000	0.1	88	0.284998
17000	0.1	87	0.282266
17000	0.1	87	0.284223
17000	0.1	82	0.286292
17000	0.1	86	0.284799
17000	0.1	85	0.271137

18000	0.1	82	0.314275
18000	0.1	85	0.306633
18000	0.1	84	0.310384
18000	0.1	88	0.314652
18000	0.1	79	0.304987
18000	0.1	89	0.325196
18000	0.1	84	0.311968
18000	0.1	83	0.327733
18000	0.1	83	0.315932
18000	0.1	87	0.324552
18000	0.1	83	0.314736
18000	0.1	81	0.317752
18000	0.1	87	0.305368
18000	0.1	89	0.329522
18000	0.1	86	0.310936
18000	0.1	87	0.322992
18000	0.1	82	0.318127
18000	0.1	81	0.315447
18000	0.1	83	0.31835
18000	0.1	83	0.316526
18000	0.1	85	0.314593
18000	0.1	85	0.32129
18000	0.1	85	0.304158
18000	0.1	82	0.315287
18000	0.1	85	0.304728
18000	0.1	85	0.317281
18000	0.1	85	0.310656
18000	0.1	88	0.322636
18000	0.1	86	0.309671
18000	0.1	86	0.312671

19000	0.1	82	0.349002
19000	0.1	86	0.358201
19000	0.1	88	0.334864
19000	0.1	86	0.348584
19000	0.1	85	0.33713
19000	0.1	85	0.360149
19000	0.1	85	0.346036
19000	0.1	86	0.34832
19000	0.1	83	0.338176
19000	0.1	84	0.349868
19000	0.1	83	0.346992
19000	0.1	86	0.361
19000	0.1	85	0.349557
19000	0.1	88	0.353573
19000	0.1	86	0.357725
19000	0.1	86	0.335715
19000	0.1	88	0.351275
19000	0.1	85	0.347406
19000	0.1	87	0.349335
19000	0.1	82	0.363992
19000	0.1	82	0.349226
19000	0.1	86	0.34835
19000	0.1	86	0.338216
19000	0.1	87	0.347055
19000	0.1	86	0.350821
19000	0.1	84	0.347676
19000	0.1	86	0.339569
19000	0.1	87	0.353881
19000	0.1	84	0.342258
19000	0.1	83	0.373166

20000	0.1	88	0.377859
20000	0.1	86	0.376337
20000	0.1	86	0.375546
20000	0.1	85	0.396116
20000	0.1	87	0.370763
20000	0.1	82	0.372616
20000	0.1	88	0.391324
20000	0.1	81	0.396534
20000	0.1	86	0.377466
20000	0.1	83	0.404663
20000	0.1	84	0.373945
20000	0.1	87	0.394495
20000	0.1	86	0.377269
20000	0.1	88	0.406818
20000	0.1	84	0.380204
20000	0.1	87	0.397611
20000	0.1	86	0.380016
20000	0.1	85	0.387857
20000	0.1	87	0.396072
20000	0.1	85	0.379643
20000	0.1	84	0.459976
20000	0.1	85	0.383177
20000	0.1	87	0.37482
20000	0.1	86	0.386307
20000	0.1	86	0.36985
20000	0.1	87	0.390657
20000	0.1	88	0.379411
20000	0.1	87	0.390171
20000	0.1	83	0.380668
20000	0.1	84	0.424264











