20000	0.1	89	0.395091
20000	0.1	87	0.395092
20000	0.1	85	0.385724
20000	0.1	87	0.393503
20000	0.1	86	0.395251
20000	0.1	87	0.380958
20000	0.1	84	0.393988
20000	0.1	87	0.374337
20000	0.1	86	0.391591
20000	0.1	86	0.382927
20000	0.1	83	0.376025
20000	0.1	85	0.398969
20000	0.1	85	0.38201
20000	0.1	85	0.379449
20000	0.1	83	0.38553
20000	0.1	82	0.377004
20000	0.1	86	0.407687
20000	0.1	82	0.38582
20000	0.1	85	0.394791
20000	0.1	85	0.387249
20000	0.1	85	0.407197
20000	0.1	90	0.378663
20000	0.1	86	0.389278
20000	0.1	86	0.381525
20000	0.1	83	0.388697
20000	0.1	87	0.38721
20000	0.1	87	0.391832
20000	0.1	85	0.384852
20000	0.1	85	0.393796
20000	0.1	80	0.383805

20000	0.15	44	0.687424
20000	0.15	43	0.728801
20000	0.15	43	0.665687
20000	0.15	41	0.651467
20000	0.15	39	0.677452
20000	0.15	43	0.673176
20000	0.15	40	0.655274
20000	0.15	41	0.67208
20000	0.15	43	0.666707
20000	0.15	43	0.677082
20000	0.15	41	0.663027
20000	0.15	42	0.662307
20000	0.15	41	0.666366
20000	0.15	43	0.680215
20000	0.15	40	0.655786
20000	0.15	43	0.662945
20000	0.15	41	0.660799
20000	0.15	41	0.725672
20000	0.15	41	0.667571
20000	0.15	38	0.687957
20000	0.15	42	0.654611
20000	0.15	41	0.670752
20000	0.15	41	0.677454
20000	0.15	40	0.67239
20000	0.15	40	0.655626
20000	0.15	44	0.651852
20000	0.15	41	0.660508
20000	0.15	40	0.654083
20000	0.15	42	0.700612
20000	0.15	42	0.669751

20000	0.2	25	1.06568
20000	0.2	26	1.07139
20000	0.2	28	1.01117
20000	0.2	26	1.00777
20000	0.2	24	1.01651
20000	0.2	25	1.02305
20000	0.2	25	0.990843
20000	0.2	26	1.01174
20000	0.2	27	1.03012
20000	0.2	25	1.00562
20000	0.2	25	1.02702
20000	0.2	24	1.05407
20000	0.2	25	0.986652
20000	0.2	25	1.01477
20000	0.2	25	1.00614
20000	0.2	24	1.0125
20000	0.2	25	1.01663
20000	0.2	22	1.05053
20000	0.2	28	1.03379
20000	0.2	25	1.01417
20000	0.2	26	1.04298
20000	0.2	26	1.01458
20000	0.2	26	1.02122
20000	0.2	26	1.04028
20000	0.2	24	1.03236
20000	0.2	26	1.06284
20000	0.2	23	1.02397
20000	0.2	26	1.02887
20000	0.2	23	1.03142
20000	0.2	28	1.02197

20000	0.25	18	1.54116
20000	0.25	17	1.48047
20000	0.25	18	1.42859
20000	0.25	19	1.46964
20000	0.25	17	1.49287
20000	0.25	18	1.45285
20000	0.25	18	1.44931
20000	0.25	16	1.49135
20000	0.25	18	1.4479
20000	0.25	17	1.46507
20000	0.25	16	1.47858
20000	0.25	17	1.54365
20000	0.25	17	1.48857
20000	0.25	17	1.46935
20000	0.25	16	1.43752
20000	0.25	18	1.451
20000	0.25	17	1.45767
20000	0.25	20	1.49529
20000	0.25	18	1.47714
20000	0.25	17	1.56086
20000	0.25	19	1.44567
20000	0.25	19	1.4491
20000	0.25	18	1.50226
20000	0.25	19	1.50425
20000	0.25	18	1.48168
20000	0.25	18	1.45602
20000	0.25	19	1.44261
20000	0.25	17	1.45011
20000	0.25	20	1.49298
20000	0.25	16	1.44855

20000	0.3	13	2.2455
20000	0.3	14	2.19846
20000	0.3	13	2.1902
20000	0.3	12	2.18302
20000	0.3	14	2.17623
20000	0.3	13	2.17506
20000	0.3	13	2.19766
20000	0.3	13	2.31046
20000	0.3	14	2.15564
20000	0.3	14	2.1899
20000	0.3	13	2.21303
20000	0.3	13	2.07697
20000	0.3	13	2.14015
20000	0.3	14	2.12954
20000	0.3	13	2.07318
20000	0.3	14	2.09544
20000	0.3	12	2.12778
20000	0.3	12	2.24257
20000	0.3	13	2.10421
20000	0.3	13	2.14786
20000	0.3	9	2.13802
20000	0.3	12	2.15249
20000	0.3	14	2.1045
20000	0.3	13	2.17529
20000	0.3	13	2.13448
20000	0.3	12	2.06445
20000	0.3	12	2.03188
20000	0.3	12	2.12859
20000	0.3	12	2.05908
20000	0.3	12	2.08493





