1000	0.1	26	0.001127
1000	0.1	27	0.001208
1000	0.1	35	0.001038
1000	0.1	23	0.001012
1000	0.1	25	0.001023
1000	0.1	20	0.001036
1000	0.1	28	0.001027
1000	0.1	27	0.001013
1000	0.1	23	0.001029
1000	0.1	22	0.001045
1000	0.1	25	0.000973
1000	0.1	26	0.000975
1000	0.1	24	0.000959
1000	0.1	22	0.000962
1000	0.1	18	0.000977
1000	0.1	23	0.001037
1000	0.1	31	0.001052
1000	0.1	24	0.001035
1000	0.1	23	0.000968
1000	0.1	24	0.001035
1000	0.1	24	0.001031
1000	0.1	25	0.001045
1000	0.1	23	0.001001
1000	0.1	22	0.001055
1000	0.1	22	0.000978
1000	0.1	25	0.000969
1000	0.1	21	0.001024
1000	0.1	27	0.001045
1000	0.1	25	0.001049
1000	0.1	22	0.001005

2000	0.1	28	0.00214
2000	0.1	35	0.001976
2000	0.1	30	0.001994
2000	0.1	30	0.001808
2000	0.1	37	0.001772
2000	0.1	37	0.001914
2000	0.1	27	0.001974
2000	0.1	34	0.001854
2000	0.1	29	0.001779
2000	0.1	33	0.001916
2000	0.1	30	0.001797
2000	0.1	42	0.001785
2000	0.1	36	0.00182
2000	0.1	34	0.002023
2000	0.1	32	0.001807
2000	0.1	34	0.001826
2000	0.1	32	0.001908
2000	0.1	35	0.001926
2000	0.1	24	0.001921
2000	0.1	35	0.001809
2000	0.1	38	0.001797
2000	0.1	33	0.001903
2000	0.1	29	0.001832
2000	0.1	33	0.001801
2000	0.1	32	0.001808
2000	0.1	33	0.001787
2000	0.1	32	0.00179
2000	0.1	36	0.001783
2000	0.1	27	0.00191
2000	0.1	35	0.001796

3000	0.1	38	0.002983
3000	0.1	39	0.002744
3000	0.1	41	0.002675
3000	0.1	31	0.002704
3000	0.1	32	0.002884
3000	0.1	42	0.002648
3000	0.1	32	0.002714
3000	0.1	32	0.002817
3000	0.1	34	0.002864
3000	0.1	34	0.002879
3000	0.1	34	0.005623
3000	0.1	27	0.008083
3000	0.1	38	0.006509
3000	0.1	34	0.00636
3000	0.1	29	0.006643
3000	0.1	40	0.00613
3000	0.1	35	0.005987
3000	0.1	37	0.005646
3000	0.1	42	0.005105
3000	0.1	46	0.004569
3000	0.1	36	0.004525
3000	0.1	36	0.004295
3000	0.1	40	0.003107
3000	0.1	37	0.002795
3000	0.1	37	0.002959
3000	0.1	39	0.002736
3000	0.1	42	0.002678
3000	0.1	39	0.002705
3000	0.1	36	0.002903
3000	0.1	34	0.003691

4000	0.1	40	0.003902
4000	0.1	37	0.00387
4000	0.1	27	0.00391
4000	0.1	47	0.003732
4000	0.1	40	0.003556
4000	0.1	41	0.003542
4000	0.1	46	0.003549
4000	0.1	35	0.003943
4000	0.1	39	0.007528
4000	0.1	42	0.006723
4000	0.1	30	0.006533
4000	0.1	35	0.006182
4000	0.1	39	0.005779
4000	0.1	40	0.004392
4000	0.1	40	0.004647
4000	0.1	37	0.003673
4000	0.1	35	0.003915
4000	0.1	40	0.003632
4000	0.1	39	0.003683
4000	0.1	43	0.00387
4000	0.1	41	0.003802
4000	0.1	35	0.003619
4000	0.1	41	0.0036
4000	0.1	44	0.003575
4000	0.1	40	0.003584
4000	0.1	43	0.003781
4000	0.1	35	0.003804
4000	0.1	43	0.003817
4000	0.1	43	0.003878
4000	0.1	40	0.0038

5000	0.1	44	0.005022
5000	0.1	45	0.00482
5000	0.1	43	0.004738
5000	0.1	39	0.004681
5000	0.1	38	0.00472
5000	0.1	38	0.004815
5000	0.1	38	0.004577
5000	0.1	43	0.004689
5000	0.1	46	0.004833
5000	0.1	44	0.010752
5000	0.1	45	0.00467
5000	0.1	45	0.004517
5000	0.1	47	0.004692
5000	0.1	38	0.004664
5000	0.1	44	0.004509
5000	0.1	37	0.004879
5000	0.1	42	0.007957
5000	0.1	44	0.004679
5000	0.1	47	0.004614
5000	0.1	39	0.004623
5000	0.1	53	0.004482
5000	0.1	31	0.015336
5000	0.1	42	0.010564
5000	0.1	45	0.009667
5000	0.1	44	0.005197
5000	0.1	47	0.004703
5000	0.1	45	0.004723
5000	0.1	45	0.004706
5000	0.1	43	0.004657
5000	0.1	37	0.004902

6000	0.1	42	0.011088
6000	0.1	43	0.005857
6000	0.1	37	0.006106
6000	0.1	38	0.005995
6000	0.1	42	0.005885
6000	0.1	45	0.005741
6000	0.1	37	0.005882
6000	0.1	45	0.005717
6000	0.1	43	0.005464
6000	0.1	40	0.005563
6000	0.1	41	0.005789
6000	0.1	46	0.005521
6000	0.1	41	0.005687
6000	0.1	47	0.005782
6000	0.1	44	0.005644
6000	0.1	41	0.005781
6000	0.1	44	0.005854
6000	0.1	45	0.009252
6000	0.1	49	0.005846
6000	0.1	42	0.005505
6000	0.1	41	0.0094
6000	0.1	40	0.005972
6000	0.1	46	0.005486
6000	0.1	41	0.007897
6000	0.1	47	0.005582
6000	0.1	47	0.005641
6000	0.1	47	0.005508
6000	0.1	38	0.005542
6000	0.1	38	0.012324
6000	0.1	48	0.01074

7000	0.1	45	0.007051
7000	0.1	52	0.006834
7000	0.1	35	0.007125
7000	0.1	40	0.006611
7000	0.1	43	0.006579
7000	0.1	48	0.006333
7000	0.1	45	0.006656
7000	0.1	46	0.00646
7000	0.1	49	0.006424
7000	0.1	31	0.007095
7000	0.1	48	0.006705
7000	0.1	40	0.006807
7000	0.1	46	0.006461
7000	0.1	48	0.006591
7000	0.1	49	0.009498
7000	0.1	49	0.011034
7000	0.1	43	0.011385
7000	0.1	53	0.010353
7000	0.1	51	0.006963
7000	0.1	51	0.006777
7000	0.1	43	0.011104
7000	0.1	45	0.006672
7000	0.1	35	0.006786
7000	0.1	41	0.006769
7000	0.1	47	0.006478
7000	0.1	51	0.006584
7000	0.1	45	0.006607
7000	0.1	31	0.023563
7000	0.1	42	0.01316
7000	0.1	48	0.011515

8000	0.1	44	0.009361
8000	0.1	43	0.026061
8000	0.1	50	0.019849
8000	0.1	52	0.016938
8000	0.1	48	0.014396
8000	0.1	45	0.013651
8000	0.1	41	0.012461
8000	0.1	46	0.007712
8000	0.1	45	0.007633
8000	0.1	41	0.007702
8000	0.1	49	0.007703
8000	0.1	53	0.021375
8000	0.1	48	0.013048
8000	0.1	36	0.012815
8000	0.1	49	0.0079
8000	0.1	50	0.007793
8000	0.1	52	0.007468
8000	0.1	47	0.007743
8000	0.1	41	0.026228
8000	0.1	48	0.007875
8000	0.1	32	0.0174
8000	0.1	47	0.014219
8000	0.1	53	0.013048
8000	0.1	50	0.007623
8000	0.1	49	0.01651
8000	0.1	42	0.01559
8000	0.1	46	0.013674
8000	0.1	46	0.012684
8000	0.1	47	0.008405
8000	0.1	41	0.007814

9000	0.1	46	0.008642
9000	0.1	52	0.009321
9000	0.1	43	0.008614
9000	0.1	48	0.008429
9000	0.1	40	0.009101
9000	0.1	50	0.008679
9000	0.1	50	0.008535
9000	0.1	52	0.009728
9000	0.1	50	0.008573
9000	0.1	44	0.008528
9000	0.1	51	0.008505
9000	0.1	43	0.008744
9000	0.1	46	0.009126
9000	0.1	47	0.008746
9000	0.1	51	0.008822
9000	0.1	48	0.009079
9000	0.1	46	0.015181
9000	0.1	56	0.008502
9000	0.1	51	0.009028
9000	0.1	39	0.008952
9000	0.1	49	0.008585
9000	0.1	49	0.008655
9000	0.1	48	0.00887
9000	0.1	39	0.008933
9000	0.1	46	0.008788
9000	0.1	49	0.023561
9000	0.1	48	0.014539
9000	0.1	53	0.008818
9000	0.1	45	0.008995
9000	0.1	48	0.008861

10000	0.1	51	0.010283
10000	0.1	51	0.009818
10000	0.1	47	0.009857
10000	0.1	51	0.010085
10000	0.1	46	0.009982
10000	0.1	44	0.010052
10000	0.1	48	0.009645
10000	0.1	45	0.009886
10000	0.1	45	0.010035
10000	0.1	44	0.00984
10000	0.1	45	0.010142
10000	0.1	57	0.00986
10000	0.1	44	0.010186
10000	0.1	53	0.009645
10000	0.1	45	0.009669
10000	0.1	40	0.024785
10000	0.1	46	0.019229
10000	0.1	45	0.017427
10000	0.1	49	0.014245
10000	0.1	54	0.009538
10000	0.1	48	0.009917
10000	0.1	48	0.009437
10000	0.1	48	0.018844
10000	0.1	50	0.010078
10000	0.1	43	0.0102
10000	0.1	44	0.009816
10000	0.1	44	0.01002
10000	0.1	57	0.009638
10000	0.1	50	0.009907
10000	0.1	35	0.010257

11000	0.1	64	0.010741
11000	0.1	52	0.010573
11000	0.1	41	0.011708
11000	0.1	48	0.010812
11000	0.1	51	0.010596
11000	0.1	41	0.011365
11000	0.1	56	0.010646
11000	0.1	44	0.011774
11000	0.1	56	0.010691
11000	0.1	51	0.010898
11000	0.1	49	0.01084
11000	0.1	55	0.01072
11000	0.1	54	0.010861
11000	0.1	53	0.010855
11000	0.1	45	0.011175
11000	0.1	51	0.010733
11000	0.1	41	0.011059
11000	0.1	44	0.010938
11000	0.1	48	0.011108
11000	0.1	55	0.01049
11000	0.1	44	0.011597
11000	0.1	54	0.010467
11000	0.1	46	0.011183
11000	0.1	50	0.011056
11000	0.1	51	0.010782
11000	0.1	55	0.010387
11000	0.1	47	0.010531
11000	0.1	52	0.010447
11000	0.1	50	0.010505
11000	0.1	43	0.011301

12000	0.1	52	0.012355
12000	0.1	47	0.012899
12000	0.1	54	0.012172
12000	0.1	59	0.011559
12000	0.1	61	0.011645
12000	0.1	50	0.011468
12000	0.1	53	0.011747
12000	0.1	47	0.012137
12000	0.1	45	0.012209
12000	0.1	45	0.012102
12000	0.1	54	0.011612
12000	0.1	44	0.012282
12000	0.1	45	0.012178
12000	0.1	56	0.01201
12000	0.1	49	0.011595
12000	0.1	54	0.012173
12000	0.1	56	0.01179
12000	0.1	51	0.012252
12000	0.1	44	0.012623
12000	0.1	44	0.01215
12000	0.1	51	0.024494
12000	0.1	56	0.012146
12000	0.1	48	0.011919
12000	0.1	35	0.013444
12000	0.1	51	0.011703
12000	0.1	48	0.01204
12000	0.1	44	0.011984
12000	0.1	46	0.012403
12000	0.1	50	0.011784
12000	0.1	48	0.011901

13000	0.1	56	0.014298
13000	0.1	53	0.020017
13000	0.1	55	0.012886
13000	0.1	57	0.012777
13000	0.1	53	0.013144
13000	0.1	43	0.013638
13000	0.1	56	0.012952
13000	0.1	50	0.012948
13000	0.1	45	0.013305
13000	0.1	50	0.013164
13000	0.1	51	0.012847
13000	0.1	46	0.013736
13000	0.1	44	0.013524
13000	0.1	49	0.012997
13000	0.1	56	0.01283
13000	0.1	47	0.013234
13000	0.1	50	0.013587
13000	0.1	47	0.013299
13000	0.1	57	0.012738
13000	0.1	50	0.012733
13000	0.1	53	0.01269
13000	0.1	54	0.013236
13000	0.1	47	0.013254
13000	0.1	42	0.013447
13000	0.1	55	0.012779
13000	0.1	43	0.043925
13000	0.1	52	0.029311
13000	0.1	50	0.02407
13000	0.1	54	0.018254
13000	0.1	53	0.01332

14000	0.1	59	0.016213
14000	0.1	50	0.015118
14000	0.1	49	0.014261
14000	0.1	43	0.014662
14000	0.1	50	0.014246
14000	0.1	49	0.014791
14000	0.1	54	0.01394
14000	0.1	56	0.014101
14000	0.1	52	0.014314
14000	0.1	45	0.015074
14000	0.1	55	0.014037
14000	0.1	56	0.014553
14000	0.1	57	0.013665
14000	0.1	39	0.015126
14000	0.1	56	0.013994
14000	0.1	41	0.015389
14000	0.1	50	0.014488
14000	0.1	44	0.014485
14000	0.1	58	0.013611
14000	0.1	59	0.013756
14000	0.1	45	0.014555
14000	0.1	58	0.044043
14000	0.1	50	0.023984
14000	0.1	64	0.018621
14000	0.1	62	0.013569
14000	0.1	52	0.014045
14000	0.1	54	0.013815
14000	0.1	56	0.013861
14000	0.1	51	0.014993
14000	0.1	44	0.013999

15000	0.1	50	0.015932
15000	0.1	39	0.016151
15000	0.1	58	0.014887
15000	0.1	46	0.015471
15000	0.1	62	0.015181
15000	0.1	51	0.01525
15000	0.1	49	0.01565
15000	0.1	54	0.015842
15000	0.1	57	0.015263
15000	0.1	59	0.015419
15000	0.1	45	0.015579
15000	0.1	58	0.014933
15000	0.1	66	0.015493
15000	0.1	56	0.015265
15000	0.1	42	0.015747
15000	0.1	54	0.01544
15000	0.1	55	0.015562
15000	0.1	54	0.015137
15000	0.1	58	0.015641
15000	0.1	45	0.016165
15000	0.1	46	0.016333
15000	0.1	57	0.040254
15000	0.1	54	0.015864
15000	0.1	49	0.0155
15000	0.1	58	0.014679
15000	0.1	54	0.015185
15000	0.1	56	0.015418
15000	0.1	36	0.016914
15000	0.1	59	0.01489
15000	0.1	58	0.01542

16000	0.1	59	0.017382
16000	0.1	46	0.017564
16000	0.1	52	0.016953
16000	0.1	51	0.016662
16000	0.1	56	0.016535
16000	0.1	47	0.017516
16000	0.1	58	0.016383
16000	0.1	50	0.016919
16000	0.1	60	0.016155
16000	0.1	58	0.016345
16000	0.1	51	0.016941
16000	0.1	60	0.016847
16000	0.1	59	0.016126
16000	0.1	52	0.017221
16000	0.1	63	0.015953
16000	0.1	57	0.016277
16000	0.1	44	0.017838
16000	0.1	48	0.016703
16000	0.1	58	0.016613
16000	0.1	52	0.016689
16000	0.1	48	0.036291
16000	0.1	57	0.016639
16000	0.1	58	0.016509
16000	0.1	46	0.016932
16000	0.1	40	0.017537
16000	0.1	56	0.016415
16000	0.1	49	0.051026
16000	0.1	59	0.033651
16000	0.1	54	0.028724
16000	0.1	53	0.016961

17000	0.1	50	0.018677
17000	0.1	54	0.017648
17000	0.1	51	0.018515
17000	0.1	55	0.018656
17000	0.1	49	0.018028
17000	0.1	46	0.018596
17000	0.1	51	0.017709
17000	0.1	54	0.017458
17000	0.1	65	0.01758
17000	0.1	62	0.017671
17000	0.1	54	0.018291
17000	0.1	61	0.01751
17000	0.1	60	0.018074
17000	0.1	53	0.018132
17000	0.1	50	0.054689
17000	0.1	57	0.036073
17000	0.1	56	0.030318
17000	0.1	57	0.018074
17000	0.1	55	0.017776
17000	0.1	58	0.017743
17000	0.1	55	0.017598
17000	0.1	56	0.017564
17000	0.1	46	0.018416
17000	0.1	47	0.018721
17000	0.1	56	0.01812
17000	0.1	51	0.017953
17000	0.1	54	0.017974
17000	0.1	57	0.017468
17000	0.1	42	0.018085
17000	0.1	61	0.017563

18000	0.1	56	0.020073
18000	0.1	47	0.019256
18000	0.1	58	0.018865
18000	0.1	50	0.019434
18000	0.1	56	0.01845
18000	0.1	55	0.01897
18000	0.1	60	0.018448
18000	0.1	45	0.020318
18000	0.1	50	0.019735
18000	0.1	59	0.018886
18000	0.1	45	0.019809
18000	0.1	51	0.020129
18000	0.1	52	0.020253
18000	0.1	48	0.019744
18000	0.1	66	0.018901
18000	0.1	40	0.020904
18000	0.1	58	0.019093
18000	0.1	56	0.018337
18000	0.1	49	0.021198
18000	0.1	57	0.019556
18000	0.1	43	0.020528
18000	0.1	64	0.01848
18000	0.1	51	0.01995
18000	0.1	57	0.018803
18000	0.1	54	0.019263
18000	0.1	49	0.019138
18000	0.1	54	0.018755
18000	0.1	55	0.019263
18000	0.1	46	0.020359
18000	0.1	59	0.019173

19000	0.1	47	0.023947
19000	0.1	50	0.021183
19000	0.1	56	0.019954
19000	0.1	44	0.021188
19000	0.1	44	0.021562
19000	0.1	48	0.021359
19000	0.1	57	0.019975
19000	0.1	55	0.019902
19000	0.1	58	0.020022
19000	0.1	56	0.020041
19000	0.1	58	0.020221
19000	0.1	58	0.019707
19000	0.1	53	0.039964
19000	0.1	50	0.02128
19000	0.1	63	0.020091
19000	0.1	59	0.020209
19000	0.1	46	0.020973
19000	0.1	47	0.051676
19000	0.1	51	0.036437
19000	0.1	63	0.02134
19000	0.1	49	0.021029
19000	0.1	54	0.020718
19000	0.1	42	0.021884
19000	0.1	56	0.020833
19000	0.1	50	0.021171
19000	0.1	53	0.020117
19000	0.1	56	0.020487
19000	0.1	53	0.02108
19000	0.1	56	0.020018
19000	0.1	58	0.020603

20000	0.1	51	0.022502
20000	0.1	57	0.022245
20000	0.1	58	0.021202
20000	0.1	52	0.022233
20000	0.1	58	0.023134
20000	0.1	63	0.021142
20000	0.1	53	0.042662
20000	0.1	57	0.026661
20000	0.1	58	0.021746
20000	0.1	61	0.021471
20000	0.1	63	0.021077
20000	0.1	62	0.021323
20000	0.1	53	0.021812
20000	0.1	52	0.021764
20000	0.1	49	0.022507
20000	0.1	44	0.022897
20000	0.1	58	0.020858
20000	0.1	55	0.021944
20000	0.1	60	0.021454
20000	0.1	54	0.021948
20000	0.1	55	0.021955
20000	0.1	50	0.03137
20000	0.1	57	0.022173
20000	0.1	66	0.021332
20000	0.1	45	0.022423
20000	0.1	48	0.02238
20000	0.1	48	0.022464
20000	0.1	60	0.02148
20000	0.1	55	0.023
20000	0.1	50	0.022083

21000	0.1	44	0.027779
21000	0.1	40	0.026406
21000	0.1	62	0.023203
21000	0.1	56	0.023107
21000	0.1	53	0.047513
21000	0.1	46	0.030717
21000	0.1	48	0.024482
21000	0.1	46	0.025073
21000	0.1	55	0.023495
21000	0.1	46	0.024214
21000	0.1	54	0.023267
21000	0.1	55	0.023389
21000	0.1	51	0.023729
21000	0.1	52	0.023499
21000	0.1	41	0.02626
21000	0.1	54	0.02311
21000	0.1	59	0.022682
21000	0.1	58	0.023149
21000	0.1	62	0.022434
21000	0.1	62	0.023337
21000	0.1	54	0.023057
21000	0.1	51	0.023789
21000	0.1	53	0.022889
21000	0.1	49	0.024454
21000	0.1	62	0.022204
21000	0.1	57	0.022401
21000	0.1	47	0.024068
21000	0.1	44	0.026269
21000	0.1	50	0.026627
21000	0.1	49	0.023863

22000	0.1	57	0.02556
22000	0.1	65	0.023625
22000	0.1	60	0.03628
22000	0.1	57	0.024533
22000	0.1	60	0.024745
22000	0.1	51	0.025296
22000	0.1	67	0.023764
22000	0.1	45	0.027636
22000	0.1	55	0.024909
22000	0.1	61	0.023735
22000	0.1	53	0.02607
22000	0.1	50	0.025022
22000	0.1	57	0.024659
22000	0.1	57	0.02546
22000	0.1	59	0.025349
22000	0.1	57	0.024382
22000	0.1	56	0.024519
22000	0.1	58	0.023853
22000	0.1	61	0.024238
22000	0.1	59	0.025221
22000	0.1	58	0.023678
22000	0.1	52	0.025643
22000	0.1	59	0.024716
22000	0.1	57	0.024898
22000	0.1	43	0.026782
22000	0.1	61	0.024553
22000	0.1	60	0.023604
22000	0.1	57	0.024652
22000	0.1	53	0.024153
22000	0.1	54	0.024988

23000	0.1	58	0.02691
23000	0.1	59	0.025633
23000	0.1	54	0.025643
23000	0.1	53	0.028219
23000	0.1	64	0.024743
23000	0.1	50	0.026563
23000	0.1	51	0.026111
23000	0.1	51	0.027546
23000	0.1	63	0.025031
23000	0.1	45	0.027591
23000	0.1	57	0.026677
23000	0.1	59	0.025763
23000	0.1	57	0.026208
23000	0.1	50	0.026413
23000	0.1	44	0.029499
23000	0.1	53	0.027009
23000	0.1	62	0.025281
23000	0.1	49	0.026987
23000	0.1	51	0.026713
23000	0.1	60	0.025106
23000	0.1	61	0.02707
23000	0.1	49	0.027674
23000	0.1	40	0.028116
23000	0.1	59	0.026
23000	0.1	53	0.026589
23000	0.1	56	0.025495
23000	0.1	52	0.026007
23000	0.1	56	0.025828
23000	0.1	48	0.027256
23000	0.1	56	0.026629

24000	0.1	65	0.029594
24000	0.1	49	0.028815
24000	0.1	61	0.026365
24000	0.1	63	0.026524
24000	0.1	47	0.029763
24000	0.1	48	0.028906
24000	0.1	47	0.031631
24000	0.1	51	0.027734
24000	0.1	54	0.028615
24000	0.1	67	0.026551
24000	0.1	57	0.027253
24000	0.1	55	0.028323
24000	0.1	61	0.027085
24000	0.1	57	0.02777
24000	0.1	57	0.027524
24000	0.1	54	0.027975
24000	0.1	64	0.026312
24000	0.1	44	0.029774
24000	0.1	57	0.026799
24000	0.1	58	0.026613
24000	0.1	56	0.027513
24000	0.1	63	0.027255
24000	0.1	61	0.026937
24000	0.1	56	0.029202
24000	0.1	50	0.029581
24000	0.1	53	0.028391
24000	0.1	48	0.028769
24000	0.1	63	0.025748
24000	0.1	58	0.027355
24000	0.1	51	0.028484

25000	0.1	69	0.028852
25000	0.1	40	0.031512
25000	0.1	47	0.029943
25000	0.1	61	0.028343
25000	0.1	43	0.032856
25000	0.1	64	0.027752
25000	0.1	61	0.02838
25000	0.1	53	0.029081
25000	0.1	59	0.028825
25000	0.1	62	0.027571
25000	0.1	57	0.028134
25000	0.1	41	0.032193
25000	0.1	57	0.030094
25000	0.1	65	0.028703
25000	0.1	58	0.028893
25000	0.1	48	0.030269
25000	0.1	53	0.02984
25000	0.1	65	0.027721
25000	0.1	58	0.029122
25000	0.1	52	0.02966
25000	0.1	57	0.028975
25000	0.1	58	0.028233
25000	0.1	64	0.041124
25000	0.1	61	0.028885
25000	0.1	69	0.028216
25000	0.1	48	0.03038
25000	0.1	63	0.028638
25000	0.1	59	0.028778
25000	0.1	52	0.03172
25000	0.1	54	0.029492

26000	0.1	60	0.028991
26000	0.1	58	0.030121
26000	0.1	56	0.029863
26000	0.1	61	0.029996
26000	0.1	46	0.032235
26000	0.1	61	0.030199
26000	0.1	62	0.029677
26000	0.1	61	0.030255
26000	0.1	64	0.029004
26000	0.1	60	0.030034
26000	0.1	57	0.03127
26000	0.1	54	0.031007
26000	0.1	54	0.030421
26000	0.1	61	0.029682
26000	0.1	66	0.030336
26000	0.1	65	0.029894
26000	0.1	60	0.029187
26000	0.1	63	0.030283
26000	0.1	55	0.030632
26000	0.1	48	0.032086
26000	0.1	52	0.030126
26000	0.1	59	0.029904
26000	0.1	59	0.030607
26000	0.1	48	0.030824
26000	0.1	53	0.030208
26000	0.1	60	0.02956
26000	0.1	59	0.030633
26000	0.1	49	0.030094
26000	0.1	59	0.0327
26000	0.1	41	0.034329

27000	0.1	46	0.03629
27000	0.1	63	0.031744
27000	0.1	59	0.030703
27000	0.1	46	0.032981
27000	0.1	59	0.030939
27000	0.1	62	0.030978
27000	0.1	51	0.035143
27000	0.1	62	0.032151
27000	0.1	63	0.031444
27000	0.1	59	0.031009
27000	0.1	59	0.032952
27000	0.1	58	0.031484
27000	0.1	58	0.031667
27000	0.1	58	0.034017
27000	0.1	51	0.033872
27000	0.1	64	0.030863
27000	0.1	59	0.031281
27000	0.1	53	0.032718
27000	0.1	46	0.035687
27000	0.1	56	0.031381
27000	0.1	67	0.03021
27000	0.1	67	0.030246
27000	0.1	65	0.030425
27000	0.1	44	0.034735
27000	0.1	56	0.032932
27000	0.1	62	0.03103
27000	0.1	69	0.030206
27000	0.1	56	0.032708
27000	0.1	67	0.029577
27000	0.1	55	0.03145

28000	0.1	49	0.040966
28000	0.1	56	0.033489
28000	0.1	48	0.035196
28000	0.1	53	0.03396
28000	0.1	59	0.03277
28000	0.1	62	0.032645
28000	0.1	58	0.032085
28000	0.1	62	0.033141
28000	0.1	48	0.034887
28000	0.1	62	0.032487
28000	0.1	63	0.03284
28000	0.1	60	0.032609
28000	0.1	65	0.032581
28000	0.1	66	0.032223
28000	0.1	63	0.032026
28000	0.1	68	0.031771
28000	0.1	52	0.03346
28000	0.1	59	0.03503
28000	0.1	59	0.032639
28000	0.1	60	0.033829
28000	0.1	60	0.032559
28000	0.1	62	0.032972
28000	0.1	64	0.035322
28000	0.1	55	0.0336
28000	0.1	59	0.033098
28000	0.1	61	0.031906
28000	0.1	56	0.033216
28000	0.1	55	0.0357
28000	0.1	66	0.03243
28000	0.1	58	0.03346

29000	0.1	47	0.036839
29000	0.1	68	0.033199
29000	0.1	58	0.034578
29000	0.1	58	0.034906
29000	0.1	60	0.035478
29000	0.1	56	0.034813
29000	0.1	49	0.039249
29000	0.1	64	0.034163
29000	0.1	66	0.036146
29000	0.1	52	0.036818
29000	0.1	47	0.036588
29000	0.1	54	0.03522
29000	0.1	61	0.033721
29000	0.1	56	0.035766
29000	0.1	62	0.035045
29000	0.1	64	0.033508
29000	0.1	54	0.034625
29000	0.1	44	0.038755
29000	0.1	64	0.035872
29000	0.1	62	0.034926
29000	0.1	60	0.034127
29000	0.1	68	0.03363
29000	0.1	60	0.035516
29000	0.1	53	0.03533
29000	0.1	44	0.03928
29000	0.1	53	0.034971
29000	0.1	57	0.034104
29000	0.1	56	0.034975
29000	0.1	54	0.037331
29000	0.1	54	0.034369

30000	0.1	59	0.036772
30000	0.1	61	0.035317
30000	0.1	65	0.034605
30000	0.1	67	0.0349
30000	0.1	62	0.035186
30000	0.1	62	0.036207
30000	0.1	59	0.035863
30000	0.1	55	0.036715
30000	0.1	66	0.03521
30000	0.1	63	0.034974
30000	0.1	68	0.035561
30000	0.1	60	0.036394
30000	0.1	67	0.035185
30000	0.1	51	0.040579
30000	0.1	63	0.036433
30000	0.1	61	0.036179
30000	0.1	50	0.036902
30000	0.1	59	0.036982
30000	0.1	52	0.038398
30000	0.1	65	0.034235
30000	0.1	51	0.038986
30000	0.1	58	0.035654
30000	0.1	61	0.036706
30000	0.1	60	0.035737
30000	0.1	57	0.037226
30000	0.1	61	0.035481
30000	0.1	62	0.035447
30000	0.1	63	0.036744
30000	0.1	73	0.03437
30000	0.1	66	0.036079

