1000	0.15	23	0.000959
1000	0.15	24	0.003509
1000	0.15	20	0.000974
1000	0.15	19	0.000955
1000	0.15	20	0.000961
1000	0.15	20	0.000961
1000	0.15	21	0.000959
1000	0.15	23	0.000959
1000	0.15	21	0.000958
1000	0.15	21	0.001004
1000	0.15	23	0.000992
1000	0.15	22	0.001008
1000	0.15	23	0.000998
1000	0.15	22	0.00096
1000	0.15	20	0.001001
1000	0.15	21	0.000967
1000	0.15	22	0.000964
1000	0.15	24	0.000957
1000	0.15	21	0.000955
1000	0.15	22	0.001073
1000	0.15	26	0.003474
1000	0.15	20	0.003548
1000	0.15	21	0.000972
1000	0.15	15	0.000962
1000	0.15	23	0.000958
1000	0.15	20	0.000963
1000	0.15	20	0.000997
1000	0.15	24	0.000967
1000	0.15	21	0.000961
1000	0.15	21	0.000996

2000	0.15	25	0.001812
2000	0.15	26	0.004193
2000	0.15	28	0.00183
2000	0.15	26	0.0018
2000	0.15	28	0.001788
2000	0.15	29	0.001834
2000	0.15	26	0.001867
2000	0.15	26	0.001839
2000	0.15	24	0.001811
2000	0.15	25	0.001807
2000	0.15	24	0.001794
2000	0.15	23	0.001796
2000	0.15	26	0.001836
2000	0.15	28	0.0018
2000	0.15	23	0.001878
2000	0.15	25	0.001958
2000	0.15	28	0.001836
2000	0.15	28	0.003644
2000	0.15	23	0.001796
2000	0.15	28	0.001812
2000	0.15	26	0.001824
2000	0.15	28	0.005395
2000	0.15	23	0.003645
2000	0.15	24	0.001802
2000	0.15	25	0.001802
2000	0.15	26	0.001826
2000	0.15	24	0.001814
2000	0.15	24	0.001837
2000	0.15	24	0.001852
2000	0.15	26	0.001843

3000	0.15	28	0.002715
3000	0.15	28	0.002729
3000	0.15	29	0.002726
3000	0.15	29	0.002728
3000	0.15	30	0.002685
3000	0.15	29	0.002772
3000	0.15	30	0.002694
3000	0.15	29	0.002738
3000	0.15	26	0.002733
3000	0.15	27	0.002704
3000	0.15	30	0.002725
3000	0.15	26	0.002702
3000	0.15	29	0.00269
3000	0.15	28	0.00268
3000	0.15	26	0.002704
3000	0.15	31	0.002784
3000	0.15	29	0.002731
3000	0.15	28	0.002739
3000	0.15	27	0.002799
3000	0.15	31	0.00274
3000	0.15	29	0.002738
3000	0.15	29	0.002784
3000	0.15	29	0.0027
3000	0.15	27	0.002718
3000	0.15	26	0.002726
3000	0.15	27	0.002742
3000	0.15	29	0.00275
3000	0.15	26	0.002736
3000	0.15	28	0.002712
3000	0.15	25	0.002737

4000	0.15	31	0.013257
4000	0.15	30	0.003727
4000	0.15	29	0.003641
4000	0.15	30	0.003621
4000	0.15	34	0.003623
4000	0.15	29	0.003715
4000	0.15	29	0.00755
4000	0.15	34	0.003874
4000	0.15	28	0.003699
4000	0.15	30	0.003892
4000	0.15	32	0.003605
4000	0.15	29	0.003627
4000	0.15	31	0.003607
4000	0.15	31	0.003622
4000	0.15	29	0.003869
4000	0.15	29	0.003614
4000	0.15	30	0.003642
4000	0.15	31	0.003603
4000	0.15	29	0.003649
4000	0.15	32	0.003715
4000	0.15	31	0.003655
4000	0.15	28	0.003633
4000	0.15	28	0.003615
4000	0.15	30	0.003642
4000	0.15	31	0.003628
4000	0.15	32	0.00371
4000	0.15	33	0.003734
4000	0.15	30	0.003695
4000	0.15	32	0.003619
4000	0.15	27	0.003662

5000	0.15	30	0.004614
5000	0.15	31	0.004644
5000	0.15	34	0.004605
5000	0.15	32	0.004597
5000	0.15	34	0.004618
5000	0.15	31	0.00458
5000	0.15	33	0.004598
5000	0.15	30	0.00465
5000	0.15	31	0.00463
5000	0.15	33	0.004705
5000	0.15	32	0.004629
5000	0.15	31	0.004698
5000	0.15	31	0.004598
5000	0.15	31	0.004594
5000	0.15	29	0.004671
5000	0.15	31	0.004616
5000	0.15	30	0.004579
5000	0.15	32	0.009481
5000	0.15	29	0.010237
5000	0.15	32	0.00462
5000	0.15	32	0.004611
5000	0.15	28	0.004595
5000	0.15	32	0.004595
5000	0.15	32	0.004647
5000	0.15	31	0.004699
5000	0.15	31	0.004614
5000	0.15	33	0.004649
5000	0.15	30	0.004584
5000	0.15	34	0.010627
5000	0.15	30	0.00466

6000	0.15	31	0.005962
6000	0.15	32	0.00562
6000	0.15	33	0.005627
6000	0.15	33	0.005622
6000	0.15	34	0.005592
6000	0.15	30	0.005604
6000	0.15	30	0.005627
6000	0.15	32	0.005591
6000	0.15	32	0.005628
6000	0.15	34	0.00565
6000	0.15	32	0.005588
6000	0.15	30	0.005626
6000	0.15	36	0.005602
6000	0.15	32	0.005642
6000	0.15	32	0.006007
6000	0.15	35	0.005603
6000	0.15	33	0.005608
6000	0.15	33	0.005635
6000	0.15	31	0.005652
6000	0.15	34	0.005612
6000	0.15	33	0.005693
6000	0.15	34	0.005699
6000	0.15	34	0.005706
6000	0.15	32	0.005642
6000	0.15	34	0.005608
6000	0.15	33	0.005543
6000	0.15	35	0.005582
6000	0.15	32	0.005617
6000	0.15	32	0.005611
6000	0.15	30	0.005614

7000	0.15	32	0.006759
7000	0.15	35	0.006653
7000	0.15	37	0.006653
7000	0.15	31	0.006637
7000	0.15	32	0.006622
7000	0.15	32	0.006596
7000	0.15	33	0.022724
7000	0.15	33	0.006625
7000	0.15	35	0.006673
7000	0.15	32	0.011536
7000	0.15	31	0.006626
7000	0.15	33	0.007008
7000	0.15	32	0.006652
7000	0.15	36	0.006693
7000	0.15	33	0.006622
7000	0.15	33	0.006707
7000	0.15	36	0.006664
7000	0.15	36	0.006637
7000	0.15	32	0.00666
7000	0.15	37	0.006698
7000	0.15	36	0.006649
7000	0.15	28	0.006639
7000	0.15	30	0.011377
7000	0.15	33	0.006714
7000	0.15	34	0.006634
7000	0.15	32	0.006752
7000	0.15	32	0.00663
7000	0.15	33	0.006599
7000	0.15	34	0.006676
7000	0.15	30	0.006651

8000	0.15	34	0.00783
8000	0.15	32	0.007697
8000	0.15	33	0.016197
8000	0.15	33	0.007669
8000	0.15	34	0.007776
8000	0.15	35	0.007678
8000	0.15	31	0.007772
8000	0.15	35	0.007749
8000	0.15	37	0.00774
8000	0.15	34	0.00784
8000	0.15	33	0.007682
8000	0.15	30	0.007757
8000	0.15	32	0.008004
8000	0.15	36	0.007743
8000	0.15	35	0.007738
8000	0.15	35	0.007827
8000	0.15	36	0.007691
8000	0.15	35	0.007689
8000	0.15	33	0.007726
8000	0.15	31	0.007736
8000	0.15	36	0.007706
8000	0.15	32	0.007647
8000	0.15	32	0.024679
8000	0.15	30	0.007674
8000	0.15	36	0.007768
8000	0.15	33	0.007719
8000	0.15	33	0.007728
8000	0.15	34	0.01892
8000	0.15	32	0.007709
8000	0.15	35	0.007745

9000	0.15	36	0.008858
9000	0.15	29	0.008898
9000	0.15	35	0.008868
9000	0.15	33	0.0089
9000	0.15	35	0.008848
9000	0.15	35	0.008796
9000	0.15	35	0.008847
9000	0.15	35	0.008722
9000	0.15	33	0.009349
9000	0.15	34	0.008853
9000	0.15	35	0.008879
9000	0.15	31	0.00889
9000	0.15	36	0.008865
9000	0.15	37	0.008788
9000	0.15	35	0.008859
9000	0.15	32	0.00894
9000	0.15	34	0.008863
9000	0.15	37	0.008818
9000	0.15	32	0.00886
9000	0.15	33	0.00879
9000	0.15	34	0.009184
9000	0.15	33	0.016296
9000	0.15	34	0.00885
9000	0.15	34	0.008844
9000	0.15	35	0.008767
9000	0.15	33	0.008803
9000	0.15	35	0.008864
9000	0.15	34	0.008871
9000	0.15	35	0.00886
9000	0.15	35	0.024219

10000	0.15	33	0.010365
10000	0.15	33	0.009763
10000	0.15	32	0.009586
10000	0.15	35	0.009755
10000	0.15	37	0.009562
10000	0.15	33	0.009801
10000	0.15	35	0.00984
10000	0.15	36	0.009773
10000	0.15	33	0.009852
10000	0.15	35	0.009871
10000	0.15	34	0.009799
10000	0.15	33	0.009768
10000	0.15	35	0.010102
10000	0.15	38	0.009813
10000	0.15	33	0.009785
10000	0.15	32	0.010427
10000	0.15	35	0.010386
10000	0.15	35	0.009837
10000	0.15	36	0.00972
10000	0.15	35	0.009821
10000	0.15	37	0.025227
10000	0.15	35	0.009739
10000	0.15	34	0.009831
10000	0.15	32	0.009808
10000	0.15	33	0.009851
10000	0.15	36	0.010388
10000	0.15	31	0.009779
10000	0.15	34	0.009831
10000	0.15	34	0.009798
10000	0.15	35	0.009773

11000	0.15	33	0.011101
11000	0.15	33	0.01099
11000	0.15	34	0.010982
11000	0.15	38	0.010904
11000	0.15	37	0.025738
11000	0.15	36	0.011013
11000	0.15	34	0.011084
11000	0.15	38	0.011084
11000	0.15	35	0.010976
11000	0.15	37	0.011081
11000	0.15	36	0.011128
11000	0.15	37	0.011839
11000	0.15	35	0.018736
11000	0.15	37	0.011069
11000	0.15	33	0.01106
11000	0.15	32	0.01106
11000	0.15	35	0.011088
11000	0.15	35	0.010918
11000	0.15	33	0.011113
11000	0.15	35	0.01107
11000	0.15	35	0.010995
11000	0.15	31	0.011033
11000	0.15	36	0.011028
11000	0.15	34	0.011862
11000	0.15	37	0.011064
11000	0.15	35	0.010951
11000	0.15	33	0.010959
11000	0.15	35	0.011085
11000	0.15	33	0.011049
11000	0.15	35	0.011111

12000	0.15	35	0.040028
12000	0.15	32	0.01223
12000	0.15	34	0.012276
12000	0.15	35	0.01227
12000	0.15	37	0.011967
12000	0.15	36	0.012202
12000	0.15	31	0.012298
12000	0.15	34	0.012239
12000	0.15	33	0.012256
12000	0.15	36	0.012233
12000	0.15	37	0.012331
12000	0.15	37	0.012296
12000	0.15	36	0.012266
12000	0.15	38	0.012327
12000	0.15	37	0.031976
12000	0.15	35	0.012287
12000	0.15	34	0.012146
12000	0.15	35	0.012289
12000	0.15	33	0.012261
12000	0.15	33	0.012263
12000	0.15	34	0.012239
12000	0.15	34	0.012262
12000	0.15	35	0.012132
12000	0.15	37	0.01222
12000	0.15	34	0.012277
12000	0.15	35	0.012181
12000	0.15	32	0.012335
12000	0.15	37	0.012294
12000	0.15	35	0.012238
12000	0.15	35	0.012341

13000	0.15	34	0.013491
13000	0.15	32	0.013643
13000	0.15	34	0.013604
13000	0.15	36	0.013516
13000	0.15	35	0.013584
13000	0.15	32	0.013569
13000	0.15	32	0.042682
13000	0.15	38	0.013486
13000	0.15	36	0.013451
13000	0.15	35	0.013616
13000	0.15	37	0.013617
13000	0.15	36	0.013579
13000	0.15	35	0.013617
13000	0.15	37	0.013574
13000	0.15	35	0.01355
13000	0.15	34	0.013651
13000	0.15	34	0.013365
13000	0.15	35	0.013483
13000	0.15	35	0.013549
13000	0.15	36	0.013594
13000	0.15	37	0.013497
13000	0.15	37	0.013541
13000	0.15	33	0.01357
13000	0.15	37	0.014344
13000	0.15	32	0.017356
13000	0.15	35	0.031784
13000	0.15	35	0.01357
13000	0.15	35	0.013504
13000	0.15	35	0.01379
13000	0.15	34	0.013533

14000	0.15	35	0.029695
14000	0.15	33	0.014958
14000	0.15	37	0.014807
14000	0.15	38	0.014907
14000	0.15	37	0.014956
14000	0.15	33	0.014834
14000	0.15	33	0.014475
14000	0.15	38	0.014927
14000	0.15	37	0.014786
14000	0.15	34	0.014892
14000	0.15	35	0.014869
14000	0.15	36	0.014794
14000	0.15	34	0.015059
14000	0.15	38	0.0148
14000	0.15	35	0.014787
14000	0.15	35	0.014957
14000	0.15	35	0.014888
14000	0.15	33	0.028799
14000	0.15	34	0.01487
14000	0.15	35	0.014922
14000	0.15	35	0.015027
14000	0.15	34	0.014886
14000	0.15	36	0.014933
14000	0.15	35	0.014826
14000	0.15	33	0.014799
14000	0.15	37	0.016066
14000	0.15	34	0.015078
14000	0.15	35	0.014945
14000	0.15	35	0.01489
14000	0.15	32	0.014899

15000	0.15	36	0.016379
15000	0.15	34	0.01632
15000	0.15	35	0.016166
15000	0.15	38	0.028254
15000	0.15	35	0.01624
15000	0.15	34	0.016142
15000	0.15	34	0.016313
15000	0.15	36	0.049682
15000	0.15	35	0.016182
15000	0.15	35	0.016278
15000	0.15	37	0.01584
15000	0.15	38	0.016207
15000	0.15	37	0.01587
15000	0.15	36	0.016564
15000	0.15	37	0.016231
15000	0.15	36	0.015923
15000	0.15	34	0.015845
15000	0.15	36	0.016138
15000	0.15	35	0.015773
15000	0.15	37	0.016395
15000	0.15	37	0.016158
15000	0.15	36	0.016266
15000	0.15	37	0.016231
15000	0.15	37	0.049717
15000	0.15	33	0.016892
15000	0.15	38	0.015815
15000	0.15	36	0.016274
15000	0.15	36	0.016169
15000	0.15	37	0.016297
15000	0.15	36	0.016294

16000	0.15	36	0.018275
16000	0.15	34	0.017678
16000	0.15	37	0.017654
16000	0.15	37	0.017599
16000	0.15	37	0.017626
16000	0.15	36	0.017619
16000	0.15	36	0.017537
16000	0.15	35	0.017555
16000	0.15	36	0.017618
16000	0.15	36	0.017728
16000	0.15	34	0.017278
16000	0.15	35	0.017741
16000	0.15	34	0.017627
16000	0.15	38	0.017365
16000	0.15	38	0.017652
16000	0.15	36	0.053055
16000	0.15	34	0.017584
16000	0.15	34	0.017483
16000	0.15	36	0.017597
16000	0.15	39	0.017235
16000	0.15	34	0.017573
16000	0.15	35	0.017322
16000	0.15	34	0.017947
16000	0.15	36	0.017508
16000	0.15	38	0.02907
16000	0.15	36	0.017097
16000	0.15	37	0.017701
16000	0.15	38	0.017711
16000	0.15	38	0.017705
16000	0.15	37	0.017766

17000	0.15	36	0.019059
17000	0.15	34	0.018754
17000	0.15	37	0.018979
17000	0.15	38	0.019175
17000	0.15	34	0.018629
17000	0.15	37	0.01859
17000	0.15	38	0.019098
17000	0.15	37	0.018928
17000	0.15	36	0.019047
17000	0.15	36	0.020397
17000	0.15	34	0.019163
17000	0.15	37	0.019577
17000	0.15	37	0.019192
17000	0.15	37	0.018766
17000	0.15	38	0.019027
17000	0.15	36	0.019212
17000	0.15	35	0.018721
17000	0.15	36	0.019033
17000	0.15	36	0.018752
17000	0.15	37	0.034775
17000	0.15	37	0.019169
17000	0.15	39	0.019088
17000	0.15	37	0.039742
17000	0.15	38	0.019004
17000	0.15	36	0.019055
17000	0.15	38	0.018939
17000	0.15	37	0.019158
17000	0.15	34	0.018672
17000	0.15	38	0.019149
17000	0.15	38	0.01921

18000	0.15	37	0.0426
18000	0.15	33	0.020646
18000	0.15	37	0.020176
18000	0.15	37	0.020568
18000	0.15	36	0.020534
18000	0.15	36	0.020568
18000	0.15	35	0.020131
18000	0.15	39	0.020593
18000	0.15	37	0.021161
18000	0.15	38	0.038693
18000	0.15	35	0.020128
18000	0.15	38	0.020579
18000	0.15	35	0.020259
18000	0.15	36	0.020708
18000	0.15	38	0.020565
18000	0.15	36	0.020589
18000	0.15	35	0.020107
18000	0.15	35	0.020485
18000	0.15	35	0.020255
18000	0.15	35	0.020479
18000	0.15	36	0.020163
18000	0.15	37	0.020589
18000	0.15	36	0.045978
18000	0.15	39	0.021295
18000	0.15	40	0.020075
18000	0.15	39	0.021043
18000	0.15	36	0.020178
18000	0.15	35	0.0202
18000	0.15	38	0.020564
18000	0.15	38	0.020337

19000	0.15	38	0.021985
19000	0.15	36	0.022273
19000	0.15	34	0.022126
19000	0.15	38	0.022052
19000	0.15	38	0.022231
19000	0.15	37	0.021961
19000	0.15	36	0.021673
19000	0.15	36	0.022258
19000	0.15	36	0.021618
19000	0.15	39	0.022159
19000	0.15	34	0.022089
19000	0.15	37	0.021655
19000	0.15	38	0.022217
19000	0.15	36	0.02209
19000	0.15	38	0.022212
19000	0.15	35	0.022174
19000	0.15	35	0.021965
19000	0.15	35	0.035696
19000	0.15	37	0.022155
19000	0.15	33	0.021724
19000	0.15	36	0.021694
19000	0.15	37	0.022243
19000	0.15	37	0.021632
19000	0.15	37	0.021627
19000	0.15	38	0.022095
19000	0.15	38	0.021992
19000	0.15	36	0.022264
19000	0.15	35	0.022143
19000	0.15	37	0.022061
19000	0.15	36	0.022251

20000	0.15	40	0.024434
20000	0.15	39	0.023657
20000	0.15	35	0.023732
20000	0.15	36	0.023651
20000	0.15	41	0.023659
20000	0.15	36	0.023633
20000	0.15	38	0.023577
20000	0.15	37	0.023252
20000	0.15	39	0.023588
20000	0.15	38	0.023875
20000	0.15	38	0.023243
20000	0.15	36	0.023145
20000	0.15	38	0.023658
20000	0.15	37	0.023669
20000	0.15	41	0.023312
20000	0.15	36	0.02327
20000	0.15	38	0.023279
20000	0.15	35	0.023927
20000	0.15	39	0.023696
20000	0.15	34	0.023247
20000	0.15	33	0.023627
20000	0.15	38	0.023304
20000	0.15	38	0.023226
20000	0.15	42	0.023567
20000	0.15	39	0.023632
20000	0.15	38	0.023446
20000	0.15	35	0.023701
20000	0.15	38	0.023361
20000	0.15	35	0.023251
20000	0.15	38	0.023279

21000	0.15	38	0.025115
21000	0.15	39	0.025366
21000	0.15	35	0.025198
21000	0.15	36	0.024846
21000	0.15	39	0.025393
21000	0.15	36	0.024815
21000	0.15	38	0.024706
21000	0.15	38	0.025212
21000	0.15	36	0.024761
21000	0.15	36	0.025395
21000	0.15	37	0.025096
21000	0.15	37	0.025334
21000	0.15	37	0.025004
21000	0.15	41	0.024965
21000	0.15	38	0.025228
21000	0.15	35	0.02491
21000	0.15	37	0.024727
21000	0.15	37	0.024742
21000	0.15	36	0.02519
21000	0.15	35	0.025283
21000	0.15	34	0.025502
21000	0.15	38	0.025261
21000	0.15	37	0.025126
21000	0.15	38	0.024887
21000	0.15	41	0.024667
21000	0.15	37	0.024982
21000	0.15	36	0.026485
21000	0.15	37	0.025202
21000	0.15	35	0.025169
21000	0.15	38	0.02524

22000	0.15	38	0.051643
22000	0.15	38	0.026907
22000	0.15	36	0.027265
22000	0.15	36	0.026912
22000	0.15	38	0.026925
22000	0.15	36	0.026754
22000	0.15	36	0.026854
22000	0.15	38	0.026447
22000	0.15	37	0.026673
22000	0.15	39	0.027112
22000	0.15	38	0.039214
22000	0.15	37	0.027298
22000	0.15	37	0.026897
22000	0.15	39	0.02705
22000	0.15	37	0.026518
22000	0.15	36	0.026526
22000	0.15	36	0.026419
22000	0.15	36	0.026272
22000	0.15	39	0.026432
22000	0.15	38	0.02658
22000	0.15	34	0.072184
22000	0.15	41	0.0266
22000	0.15	40	0.026465
22000	0.15	38	0.026435
22000	0.15	39	0.026353
22000	0.15	37	0.026656
22000	0.15	35	0.048409
22000	0.15	39	0.026897
22000	0.15	40	0.026532
22000	0.15	40	0.026833

23000	0.15	37	0.028444
23000	0.15	39	0.02853
23000	0.15	36	0.028442
23000	0.15	37	0.028495
23000	0.15	37	0.028503
23000	0.15	36	0.028461
23000	0.15	36	0.028673
23000	0.15	38	0.028049
23000	0.15	35	0.027936
23000	0.15	38	0.02874
23000	0.15	39	0.028507
23000	0.15	36	0.028524
23000	0.15	39	0.028536
23000	0.15	39	0.029164
23000	0.15	38	0.028728
23000	0.15	35	0.028844
23000	0.15	38	0.028216
23000	0.15	39	0.02926
23000	0.15	40	0.028404
23000	0.15	38	0.028453
23000	0.15	35	0.028511
23000	0.15	39	0.028841
23000	0.15	35	0.029153
23000	0.15	38	0.028673
23000	0.15	38	0.028331
23000	0.15	40	0.028349
23000	0.15	37	0.028473
23000	0.15	37	0.029033
23000	0.15	38	0.028502
23000	0.15	37	0.028546

24000	0.15	37	0.030305
24000	0.15	39	0.03055
24000	0.15	35	0.030136
24000	0.15	39	0.030359
24000	0.15	40	0.030281
24000	0.15	37	0.030095
24000	0.15	35	0.029792
24000	0.15	39	0.030374
24000	0.15	35	0.030004
24000	0.15	38	0.030477
24000	0.15	38	0.030022
24000	0.15	36	0.030139
24000	0.15	39	0.030543
24000	0.15	39	0.030305
24000	0.15	38	0.030565
24000	0.15	35	0.030262
24000	0.15	38	0.030125
24000	0.15	37	0.0556
24000	0.15	38	0.030228
24000	0.15	38	0.030238
24000	0.15	37	0.029839
24000	0.15	41	0.030275
24000	0.15	38	0.030579
24000	0.15	38	0.03007
24000	0.15	38	0.030235
24000	0.15	40	0.029799
24000	0.15	38	0.029745
24000	0.15	36	0.030108
24000	0.15	38	0.029648
24000	0.15	38	0.030043

25000	0.15	39	0.031758
25000	0.15	40	0.031768
25000	0.15	38	0.031939
25000	0.15	38	0.031834
25000	0.15	38	0.061876
25000	0.15	39	0.031697
25000	0.15	37	0.08338
25000	0.15	38	0.031739
25000	0.15	38	0.031697
25000	0.15	35	0.031942
25000	0.15	38	0.031639
25000	0.15	35	0.032658
25000	0.15	37	0.068689
25000	0.15	39	0.031843
25000	0.15	39	0.031553
25000	0.15	34	0.031524
25000	0.15	37	0.032437
25000	0.15	35	0.031236
25000	0.15	38	0.031532
25000	0.15	37	0.065864
25000	0.15	36	0.031753
25000	0.15	40	0.031524
25000	0.15	38	0.031779
25000	0.15	38	0.031661
25000	0.15	40	0.044418
25000	0.15	39	0.031678
25000	0.15	36	0.031419
25000	0.15	37	0.031827
25000	0.15	38	0.031818
25000	0.15	39	0.031887

26000	0.15	38	0.060218
26000	0.15	39	0.033172
26000	0.15	40	0.033493
26000	0.15	40	0.033616
26000	0.15	38	0.033663
26000	0.15	38	0.033605
26000	0.15	37	0.033556
26000	0.15	38	0.033487
26000	0.15	36	0.033333
26000	0.15	40	0.034153
26000	0.15	38	0.033813
26000	0.15	36	0.033571
26000	0.15	38	0.033828
26000	0.15	42	0.033603
26000	0.15	40	0.033637
26000	0.15	36	0.033432
26000	0.15	39	0.033424
26000	0.15	39	0.033387
26000	0.15	40	0.03352
26000	0.15	37	0.033619
26000	0.15	36	0.033713
26000	0.15	41	0.033687
26000	0.15	36	0.033405
26000	0.15	38	0.033488
26000	0.15	40	0.03331
26000	0.15	41	0.033188
26000	0.15	34	0.046117
26000	0.15	41	0.033623
26000	0.15	38	0.033246
26000	0.15	39	0.033328

27000	0.15	37	0.035007
27000	0.15	40	0.03561
27000	0.15	39	0.035231
27000	0.15	38	0.035502
27000	0.15	38	0.03566
27000	0.15	39	0.035316
27000	0.15	36	0.035458
27000	0.15	39	0.034931
27000	0.15	36	0.035144
27000	0.15	38	0.035655
27000	0.15	38	0.035234
27000	0.15	36	0.035363
27000	0.15	39	0.03542
27000	0.15	42	0.03546
27000	0.15	39	0.036485
27000	0.15	36	0.035341
27000	0.15	41	0.035517
27000	0.15	40	0.035207
27000	0.15	39	0.035119
27000	0.15	38	0.035315
27000	0.15	38	0.03539
27000	0.15	42	0.043656
27000	0.15	39	0.035452
27000	0.15	36	0.035445
27000	0.15	37	0.035279
27000	0.15	40	0.035306
27000	0.15	35	0.03541
27000	0.15	38	0.035562
27000	0.15	38	0.035418
27000	0.15	37	0.035385

28000	0.15	37	0.03708
28000	0.15	40	0.037314
28000	0.15	42	0.037216
28000	0.15	39	0.037339
28000	0.15	39	0.037197
28000	0.15	39	0.037218
28000	0.15	36	0.037191
28000	0.15	38	0.037272
28000	0.15	35	0.038001
28000	0.15	39	0.037511
28000	0.15	39	0.037139
28000	0.15	36	0.037196
28000	0.15	37	0.037135
28000	0.15	42	0.037382
28000	0.15	39	0.037015
28000	0.15	37	0.037292
28000	0.15	39	0.037252
28000	0.15	38	0.037157
28000	0.15	37	0.037223
28000	0.15	36	0.036814
28000	0.15	36	0.037296
28000	0.15	38	0.037134
28000	0.15	39	0.037355
28000	0.15	36	0.03709
28000	0.15	39	0.037141
28000	0.15	40	0.037154
28000	0.15	35	0.037099
28000	0.15	38	0.037385
28000	0.15	38	0.07172
28000	0.15	39	0.037649

29000	0.15	37	0.03897
29000	0.15	39	0.039147
29000	0.15	39	0.039103
29000	0.15	41	0.038873
29000	0.15	39	0.039168
29000	0.15	38	0.039051
29000	0.15	35	0.038767
29000	0.15	35	0.039024
29000	0.15	35	0.039033
29000	0.15	39	0.039425
29000	0.15	38	0.039138
29000	0.15	38	0.039226
29000	0.15	38	0.038788
29000	0.15	40	0.039182
29000	0.15	38	0.039112
29000	0.15	37	0.038763
29000	0.15	37	0.040115
29000	0.15	37	0.038531
29000	0.15	37	0.039118
29000	0.15	35	0.039078
29000	0.15	36	0.039065
29000	0.15	37	0.039247
29000	0.15	39	0.039022
29000	0.15	40	0.03908
29000	0.15	41	0.039135
29000	0.15	38	0.038638
29000	0.15	34	0.039233
29000	0.15	38	0.039065
29000	0.15	39	0.039166
29000	0.15	39	0.039584

30000	0.15	39	0.041427
30000	0.15	38	0.040987
30000	0.15	40	0.040621
30000	0.15	41	0.041124
30000	0.15	39	0.041114
30000	0.15	40	0.043831
30000	0.15	39	0.041084
30000	0.15	35	0.040959
30000	0.15	36	0.040626
30000	0.15	38	0.041109
30000	0.15	36	0.04093
30000	0.15	39	0.041042
30000	0.15	36	0.040782
30000	0.15	41	0.044645
30000	0.15	38	0.042585
30000	0.15	36	0.041074
30000	0.15	39	0.040738
30000	0.15	38	0.040563
30000	0.15	39	0.040843
30000	0.15	36	0.040627
30000	0.15	39	0.041249
30000	0.15	37	0.041197
30000	0.15	39	0.090459
30000	0.15	38	0.040507
30000	0.15	38	0.040629
30000	0.15	39	0.040443
30000	0.15	35	0.041239
30000	0.15	40	0.040913
30000	0.15	37	0.040542
30000	0.15	37	0.041026

