20000	0.1	33	0.902197
20000	0.1	32	1.045883
20000	0.1	33	0.901456
20000	0.1	33	1.032919
20000	0.1	30	1.052466
20000	0.1	23	1.051704
20000	0.1	38	0.916048
20000	0.1	31	0.952402
20000	0.1	35	0.913500
20000	0.1	28	1.009601
20000	0.1	33	0.991478
20000	0.1	29	0.995329
20000	0.1	36	0.899585
20000	0.1	33	0.968345
20000	0.1	33	0.990700
20000	0.1	34	0.966661
20000	0.1	28	0.998549
20000	0.1	34	1.004657
20000	0.1	27	1.047098
20000	0.1	32	1.031429
20000	0.1	36	0.979410
20000	0.1	31	0.966894
20000	0.1	32	0.985467
20000	0.1	29	0.996819
20000	0.1	33	0.964298
20000	0.1	33	1.051611
20000	0.1	33	1.070163
20000	0.1	38	0.979007
20000	0.1	32	0.995108
20000	0.1	30	0.965670

20000	0.15	22	1.232905
20000	0.15	19	1.435397
20000	0.15	27	1.203692
20000	0.15	20	1.416350
20000	0.15	18	1.408681
20000	0.15	16	1.391275
20000	0.15	24	1.241281
20000	0.15	24	1.258623
20000	0.15	20	1.222836
20000	0.15	23	1.279112
20000	0.15	18	1.314881
20000	0.15	23	1.352911
20000	0.15	23	1.259854
20000	0.15	21	1.324560
20000	0.15	19	1.319779
20000	0.15	18	1.299509
20000	0.15	20	1.327116
20000	0.15	22	1.443297
20000	0.15	18	1.462157
20000	0.15	21	1.439099
20000	0.15	18	1.321799
20000	0.15	24	1.313540
20000	0.15	18	1.325878
20000	0.15	17	1.301284
20000	0.15	20	1.287701
20000	0.15	19	1.345152
20000	0.15	20	1.427696
20000	0.15	20	1.388833
20000	0.15	17	1.314273
20000	0.15	21	1.271965

20000	0.2	14	1.646084
20000	0.2	13	1.862419
20000	0.2	15	1.545375
20000	0.2	14	1.937116
20000	0.2	12	1.789912
20000	0.2	12	1.768996
20000	0.2	14	1.638666
20000	0.2	16	1.717975
20000	0.2	13	1.600899
20000	0.2	15	1.559008
20000	0.2	14	1.691286
20000	0.2	14	1.701614
20000	0.2	14	1.594793
20000	0.2	16	1.693541
20000	0.2	13	1.759474
20000	0.2	12	1.650616
20000	0.2	15	1.707172
20000	0.2	14	2.032370
20000	0.2	11	1.824511
20000	0.2	14	1.923989
20000	0.2	15	1.676490
20000	0.2	12	1.656147
20000	0.2	10	1.661975
20000	0.2	16	1.647755
20000	0.2	14	1.620452
20000	0.2	14	1.699873
20000	0.2	17	1.756744
20000	0.2	15	1.708448
20000	0.2	14	1.679371
20000	0.2	12	1.706507

20000	0.25	10	2.226466
20000	0.25	10	2.416557
20000	0.25	12	2.010059
20000	0.25	10	2.507769
20000	0.25	8	2.122297
20000	0.25	9	2.280880
20000	0.25	12	2.030758
20000	0.25	11	2.180111
20000	0.25	11	1.988874
20000	0.25	12	1.940163
20000	0.25	10	2.141973
20000	0.25	9	2.044548
20000	0.25	10	1.974260
20000	0.25	13	2.196774
20000	0.25	11	2.167203
20000	0.25	12	2.044224
20000	0.25	10	2.087238
20000	0.25	7	2.367314
20000	0.25	11	2.304226
20000	0.25	10	2.437640
20000	0.25	10	2.125823
20000	0.25	10	2.129932
20000	0.25	13	2.047457
20000	0.25	10	2.042362
20000	0.25	9	2.043753
20000	0.25	10	2.205977
20000	0.25	11	3.134002
20000	0.25	10	2.145803
20000	0.25	11	2.165347
20000	0.25	10	2.040540

20000	0.3	7	2.667509
20000	0.3	6	2.879327
20000	0.3	10	2.370795
20000	0.3	8	2.890500
20000	0.3	6	2.388242
20000	0.3	8	2.519917
20000	0.3	9	2.477128
20000	0.3	8	2.713127
20000	0.3	8	2.443505
20000	0.3	9	2.289233
20000	0.3	7	2.574557
20000	0.3	6	2.476885
20000	0.3	8	2.344130
20000	0.3	8	2.608856
20000	0.3	7	2.570052
20000	0.3	7	2.819058
20000	0.3	6	2.699141
20000	0.3	7	2.964185
20000	0.3	6	3.252060
20000	0.3	7	3.213545
20000	0.3	6	2.751858
20000	0.3	6	2.730147
20000	0.3	10	2.665709
20000	0.3	5	2.546760
20000	0.3	8	2.507804
20000	0.3	9	2.545564
20000	0.3	9	2.788081
20000	0.3	7	2.709161
20000	0.3	7	2.513392
20000	0.3	9	2.522660

20000	0.35	8	3.123278
20000	0.35	6	3.634626
20000	0.35	5	2.863074
20000	0.35	5	3.512270
20000	0.35	6	2.998484
20000	0.35	6	2.881038
20000	0.35	6	2.937506
20000	0.35	7	3.247808
20000	0.35	6	2.915975
20000	0.35	6	2.699739
20000	0.35	6	2.994462
20000	0.35	5	2.942937
20000	0.35	6	2.799536
20000	0.35	6	2.989720
20000	0.35	6	3.131196
20000	0.35	6	2.925607
20000	0.35	5	2.758259
20000	0.35	5	3.402713
20000	0.35	7	3.239621
20000	0.35	6	3.506152
20000	0.35	7	2.977810
20000	0.35	5	3.064913
20000	0.35	5	3.008860
20000	0.35	6	2.787261
20000	0.35	7	2.752692
20000	0.35	7	2.816028
20000	0.35	5	3.024802
20000	0.35	6	3.148023
20000	0.35	6	2.859826
20000	0.35	5	2.774238

20000	0.4	6	3.544226
20000	0.4	6	3.976031
20000	0.4	6	3.150098
20000	0.4	6	3.964169
20000	0.4	4	3.115316
20000	0.4	7	3.225154
20000	0.4	5	3.378830
20000	0.4	5	3.688540
20000	0.4	5	3.388268
20000	0.4	4	3.110570
20000	0.4	6	3.495355
20000	0.4	7	3.325698
20000	0.4	6	3.186774
20000	0.4	5	3.516063
20000	0.4	5	3.558869
20000	0.4	6	3.538000
20000	0.4	5	3.127363
20000	0.4	5	4.290578
20000	0.4	6	3.780383
20000	0.4	5	4.065545
20000	0.4	5	3.468138
20000	0.4	6	3.469228
20000	0.4	5	3.265167
20000	0.4	5	3.132141
20000	0.4	5	3.237454
20000	0.4	5	3.194026
20000	0.4	5	3.496934
20000	0.4	5	3.524292
20000	0.4	6	3.487646
20000	0.4	6	3.309696

20000	0.45	4	4.313804
20000	0.45	5	4.736327
20000	0.45	6	3.566550
20000	0.45	5	4.554539
20000	0.45	4	3.430208
20000	0.45	4	3.561858
20000	0.45	6	3.872520
20000	0.45	6	4.183773
20000	0.45	4	3.832346
20000	0.45	5	3.748631
20000	0.45	4	4.575764
20000	0.45	5	3.753239
20000	0.45	6	4.675331
20000	0.45	4	4.004028
20000	0.45	5	4.049397
20000	0.45	5	3.894856
20000	0.45	4	3.547097
20000	0.45	5	4.490165
20000	0.45	4	4.468315
20000	0.45	5	4.665522
20000	0.45	5	3.912997
20000	0.45	5	4.082204
20000	0.45	6	3.778336
20000	0.45	6	3.544497
20000	0.45	5	3.592388
20000	0.45	5	3.539016
20000	0.45	4	3.985112
20000	0.45	4	3.982936
20000	0.45	4	3.912469
20000	0.45	5	3.703199

20000	0.5	5	4.453371
20000	0.5	4	4.908147
20000	0.5	5	3.986025
20000	0.5	3	5.471122
20000	0.5	4	3.917153
20000	0.5	5	3.930571
20000	0.5	6	4.292409
20000	0.5	4	4.616292
20000	0.5	3	4.323390
20000	0.5	4	4.858357
20000	0.5	5	4.862658
20000	0.5	3	4.276029
20000	0.5	5	4.066071
20000	0.5	5	4.320198
20000	0.5	5	4.270944
20000	0.5	4	4.273764
20000	0.5	4	3.859702
20000	0.5	4	4.851848
20000	0.5	4	4.686403
20000	0.5	4	5.059839
20000	0.5	5	4.361526
20000	0.5	5	4.463633
20000	0.5	4	4.065949
20000	0.5	4	3.939567
20000	0.5	4	4.185358
20000	0.5	4	3.997719
20000	0.5	4	4.295682
20000	0.5	4	4.458088
20000	0.5	6	4.363633
20000	0.5	4	4.141894

