1000	0.2	15	0.005446
1000	0.2	11	0.005440
1000	0.2	14	0.005340
1000	0.2	15	0.013865
1000	0.2	12	0.005423
1000	0.2	10	0.005342
1000	0.2	14	0.005192
1000	0.2	13	0.005363
1000	0.2	11	0.005345
1000	0.2	12	0.005335
1000	0.2	9	0.005293
1000	0.2	12	0.010901
1000	0.2	12	0.005364
1000	0.2	13	0.010474
1000	0.2	15	0.005490
1000	0.2	11	0.012986
1000	0.2	14	0.005372
1000	0.2	15	0.005619
1000	0.2	15	0.009766
1000	0.2	14	0.005539
1000	0.2	15	0.005446
1000	0.2	15	0.005430
1000	0.2	11	0.005971
1000	0.2	12	0.005491
1000	0.2	16	0.005592
1000	0.2	11	0.010974
1000	0.2	14	0.011478
1000	0.2	12	0.005370
1000	0.2	14	0.013912
1000	0.2	13	0.005775

2000	0.2	14	0.042991
2000	0.2	11	0.017886
2000	0.2	11	0.017481
2000	0.2	14	0.018982
2000	0.2	12	0.016955
2000	0.2	15	0.034724
2000	0.2	12	0.017237
2000	0.2	10	0.019051
2000	0.2	11	0.016431
2000	0.2	13	0.017717
2000	0.2	12	0.027421
2000	0.2	14	0.030396
2000	0.2	12	0.034132
2000	0.2	14	0.017551
2000	0.2	12	0.028073
2000	0.2	14	0.017600
2000	0.2	14	0.022773
2000	0.2	12	0.019729
2000	0.2	13	0.031935
2000	0.2	12	0.028351
2000	0.2	11	0.030025
2000	0.2	14	0.029203
2000	0.2	14	0.027352
2000	0.2	11	0.019554
2000	0.2	11	0.026655
2000	0.2	13	0.016963
2000	0.2	14	0.017032
2000	0.2	15	0.028875
2000	0.2	15	0.018678
2000	0.2	13	0.018943

3000	0.2	15	0.038569
3000	0.2	15	0.035069
3000	0.2	11	0.044439
3000	0.2	11	0.035056
3000	0.2	13	0.035820
3000	0.2	12	0.036404
3000	0.2	13	0.035179
3000	0.2	14	0.036246
3000	0.2	15	0.037085
3000	0.2	14	0.058868
3000	0.2	17	0.034706
3000	0.2	16	0.033418
3000	0.2	14	0.035361
3000	0.2	12	0.033302
3000	0.2	13	0.035362
3000	0.2	14	0.037159
3000	0.2	13	0.035987
3000	0.2	16	0.033734
3000	0.2	11	0.034868
3000	0.2	13	0.038061
3000	0.2	11	0.034410
3000	0.2	13	0.034490
3000	0.2	15	0.033442
3000	0.2	12	0.034544
3000	0.2	11	0.035275
3000	0.2	13	0.035028
3000	0.2	14	0.037772
3000	0.2	15	0.036285
3000	0.2	13	0.037201
3000	0.2	14	0.036664

4000	0.2	13	0.059721
4000	0.2	13	0.068117
4000	0.2	13	0.062962
4000	0.2	15	0.058486
4000	0.2	12	0.066347
4000	0.2	16	0.058990
4000	0.2	14	0.059856
4000	0.2	14	0.062053
4000	0.2	13	0.064527
4000	0.2	12	0.061312
4000	0.2	14	0.068050
4000	0.2	12	0.094772
4000	0.2	16	0.060954
4000	0.2	12	0.068157
4000	0.2	12	0.065465
4000	0.2	11	0.064593
4000	0.2	15	0.069526
4000	0.2	16	0.057823
4000	0.2	12	0.062360
4000	0.2	17	0.062343
4000	0.2	14	0.069812
4000	0.2	15	0.073327
4000	0.2	14	0.068390
4000	0.2	15	0.081553
4000	0.2	13	0.074696
4000	0.2	14	0.065366
4000	0.2	14	0.073935
4000	0.2	13	0.074114
4000	0.2	13	0.059688
4000	0.2	13	0.063589

5000	0.2	13	0.114755
5000	0.2	13	0.096522
5000	0.2	12	0.094160
5000	0.2	13	0.115097
5000	0.2	14	0.095248
5000	0.2	10	0.104240
5000	0.2	15	0.104303
5000	0.2	12	0.095372
5000	0.2	15	0.100520
5000	0.2	15	0.143436
5000	0.2	16	0.104601
5000	0.2	16	0.095680
5000	0.2	14	0.097333
5000	0.2	11	0.102613
5000	0.2	14	0.101756
5000	0.2	13	0.123060
5000	0.2	13	0.106277
5000	0.2	12	0.105046
5000	0.2	13	0.093964
5000	0.2	12	0.108138
5000	0.2	11	0.104095
5000	0.2	12	0.093828
5000	0.2	15	0.090589
5000	0.2	14	0.097929
5000	0.2	12	0.098193
5000	0.2	11	0.092501
5000	0.2	12	0.112029
5000	0.2	14	0.092729
5000	0.2	13	0.129003
5000	0.2	12	0.095864

6000	0.2	13	0.130781
6000	0.2	12	0.159831
6000	0.2	13	0.134106
6000	0.2	13	0.127194
6000	0.2	15	0.141090
6000	0.2	18	0.127151
6000	0.2	13	0.136865
6000	0.2	14	0.139458
6000	0.2	14	0.128366
6000	0.2	10	0.137657
6000	0.2	12	0.129814
6000	0.2	12	0.131110
6000	0.2	12	0.153333
6000	0.2	15	0.147111
6000	0.2	12	0.140940
6000	0.2	17	0.137283
6000	0.2	12	0.138561
6000	0.2	14	0.129260
6000	0.2	13	0.137790
6000	0.2	12	0.143570
6000	0.2	13	0.136771
6000	0.2	13	0.180958
6000	0.2	16	0.149559
6000	0.2	15	0.129657
6000	0.2	12	0.142716
6000	0.2	17	0.151214
6000	0.2	13	0.146329
6000	0.2	12	0.135161
6000	0.2	15	0.133006
6000	0.2	17	0.134766

7000	0.2	16	0.181720
7000	0.2	15	0.195459
7000	0.2	16	0.207725
7000	0.2	13	0.188420
7000	0.2	14	0.177551
7000	0.2	13	0.202273
7000	0.2	13	0.171699
7000	0.2	14	0.206173
7000	0.2	15	0.183342
7000	0.2	15	0.197078
7000	0.2	13	0.209388
7000	0.2	11	0.183248
7000	0.2	15	0.175832
7000	0.2	14	0.187923
7000	0.2	14	0.192337
7000	0.2	12	0.212896
7000	0.2	14	0.208390
7000	0.2	18	0.182334
7000	0.2	16	0.178306
7000	0.2	14	0.195350
7000	0.2	14	0.185139
7000	0.2	13	0.176881
7000	0.2	13	0.175110
7000	0.2	13	0.191663
7000	0.2	12	0.181736
7000	0.2	14	0.183323
7000	0.2	12	0.195333
7000	0.2	13	0.183916
7000	0.2	14	0.176838
7000	0.2	12	0.226872

8000	0.2	15	0.256238
8000	0.2	13	0.260363
8000	0.2	17	0.256631
8000	0.2	15	0.266780
8000	0.2	16	0.232257
8000	0.2	13	0.239494
8000	0.2	13	0.260408
8000	0.2	15	0.246254
8000	0.2	13	0.231280
8000	0.2	13	0.233969
8000	0.2	13	0.242756
8000	0.2	15	0.275378
8000	0.2	13	0.244053
8000	0.2	15	0.232296
8000	0.2	13	0.248215
8000	0.2	14	0.260284
8000	0.2	14	0.246376
8000	0.2	12	0.274548
8000	0.2	11	0.236696
8000	0.2	13	0.239599
8000	0.2	13	0.245618
8000	0.2	14	0.243060
8000	0.2	15	0.255432
8000	0.2	15	0.288412
8000	0.2	14	0.271132
8000	0.2	13	0.254251
8000	0.2	15	0.224996
8000	0.2	14	0.256345
8000	0.2	11	0.244617
8000	0.2	17	0.235642

9000	0.2	11	0.350813
9000	0.2	15	0.332794
9000	0.2	14	0.309977
9000	0.2	12	0.322212
9000	0.2	11	0.330565
9000	0.2	14	0.317397
9000	0.2	15	0.301801
9000	0.2	12	0.322302
9000	0.2	12	0.307863
9000	0.2	13	0.322899
9000	0.2	12	0.343918
9000	0.2	16	0.327513
9000	0.2	13	0.375448
9000	0.2	15	0.311250
9000	0.2	15	0.288156
9000	0.2	14	0.327632
9000	0.2	15	0.298854
9000	0.2	15	0.293678
9000	0.2	13	0.356093
9000	0.2	10	0.310765
9000	0.2	17	0.307443
9000	0.2	17	0.288261
9000	0.2	14	0.303959
9000	0.2	14	0.333897
9000	0.2	14	0.278620
9000	0.2	14	0.321496
9000	0.2	11	0.337317
9000	0.2	15	0.340313
9000	0.2	15	0.306035
9000	0.2	15	0.337421

10000	0.2	15	0.408232
10000	0.2	16	0.363327
10000	0.2	13	0.430974
10000	0.2	15	0.410488
10000	0.2	13	0.414396
10000	0.2	15	0.398801
10000	0.2	14	0.433078
10000	0.2	13	0.437297
10000	0.2	10	0.382684
10000	0.2	13	0.422003
10000	0.2	12	0.388942
10000	0.2	14	0.395619
10000	0.2	13	0.393407
10000	0.2	13	0.443919
10000	0.2	16	0.402075
10000	0.2	14	0.393135
10000	0.2	15	0.395979
10000	0.2	14	0.369207
10000	0.2	13	0.415200
10000	0.2	15	0.379035
10000	0.2	14	0.391944
10000	0.2	15	0.375321
10000	0.2	12	0.378836
10000	0.2	14	0.413118
10000	0.2	14	0.399601
10000	0.2	14	0.401433
10000	0.2	16	0.387541
10000	0.2	18	0.362593
10000	0.2	15	0.399840
10000	0.2	11	0.420649

11000	0.2	12	0.459931
11000	0.2	13	0.509263
11000	0.2	15	0.443185
11000	0.2	11	0.506077
11000	0.2	15	0.477815
11000	0.2	12	0.474296
11000	0.2	10	0.551654
11000	0.2	15	0.477312
11000	0.2	13	0.485447
11000	0.2	11	0.465976
11000	0.2	13	0.491917
11000	0.2	12	0.495000
11000	0.2	11	0.508439
11000	0.2	15	0.434683
11000	0.2	14	0.499698
11000	0.2	14	0.472861
11000	0.2	14	0.471104
11000	0.2	16	0.535861
11000	0.2	13	0.481282
11000	0.2	16	0.522256
11000	0.2	14	0.471402
11000	0.2	12	0.488889
11000	0.2	13	0.554940
11000	0.2	15	0.492197
11000	0.2	11	0.481819
11000	0.2	15	0.552072
11000	0.2	12	0.742040
11000	0.2	16	0.585081
11000	0.2	12	0.490572
11000	0.2	14	0.440447

12000	0.2	14	0.573124
12000	0.2	14	0.588954
12000	0.2	14	0.562065
12000	0.2	13	0.570606
12000	0.2	13	0.581201
12000	0.2	17	0.576322
12000	0.2	17	0.607098
12000	0.2	12	0.512110
12000	0.2	16	0.572143
12000	0.2	13	0.596569
12000	0.2	13	0.618696
12000	0.2	13	0.572630
12000	0.2	14	0.589610
12000	0.2	14	0.543464
12000	0.2	16	0.545612
12000	0.2	17	0.562314
12000	0.2	13	0.532497
12000	0.2	15	0.600728
12000	0.2	13	0.578653
12000	0.2	12	0.586949
12000	0.2	14	0.578597
12000	0.2	12	0.585025
12000	0.2	12	0.558211
12000	0.2	16	0.604424
12000	0.2	13	0.605951
12000	0.2	16	0.564472
12000	0.2	13	0.553393
12000	0.2	14	0.603771
12000	0.2	14	0.525300
12000	0.2	14	0.579730

13000	0.2	16	0.669740
13000	0.2	12	0.699478
13000	0.2	12	0.672698
13000	0.2	13	0.670247
13000	0.2	13	0.645209
13000	0.2	13	0.743557
13000	0.2	14	0.699292
13000	0.2	16	0.610727
13000	0.2	13	0.678125
13000	0.2	14	0.726569
13000	0.2	13	0.660424
13000	0.2	16	0.620151
13000	0.2	11	0.692088
13000	0.2	14	0.746085
13000	0.2	14	0.648998
13000	0.2	12	0.687683
13000	0.2	14	0.633448
13000	0.2	13	0.613533
13000	0.2	12	0.678147
13000	0.2	16	0.637928
13000	0.2	13	0.691779
13000	0.2	12	0.668352
13000	0.2	12	0.664223
13000	0.2	15	0.636594
13000	0.2	15	0.669359
13000	0.2	12	0.635131
13000	0.2	11	0.686965
13000	0.2	13	0.693472
13000	0.2	14	0.707455
13000	0.2	19	0.671165

14000	0.2	11	0.770687
14000	0.2	14	0.863857
14000	0.2	16	0.773227
14000	0.2	15	0.717436
14000	0.2	12	0.806299
14000	0.2	13	0.782728
14000	0.2	15	0.755458
14000	0.2	13	0.779776
14000	0.2	14	0.940331
14000	0.2	14	0.830784
14000	0.2	14	0.807201
14000	0.2	15	0.847963
14000	0.2	12	0.728138
14000	0.2	15	0.782130
14000	0.2	15	0.814749
14000	0.2	14	0.827897
14000	0.2	14	0.793807
14000	0.2	14	0.865122
14000	0.2	13	0.834909
14000	0.2	12	0.851322
14000	0.2	15	0.826397
14000	0.2	14	0.756845
14000	0.2	15	0.751814
14000	0.2	13	0.859311
14000	0.2	10	0.817972
14000	0.2	15	0.794920
14000	0.2	15	0.793163
14000	0.2	13	0.778065
14000	0.2	18	0.743994
14000	0.2	12	0.816621

15000	0.2	14	0.938983
15000	0.2	15	0.975869
15000	0.2	14	0.924783
15000	0.2	14	0.925884
15000	0.2	10	0.898100
15000	0.2	13	0.852030
15000	0.2	14	0.924932
15000	0.2	11	0.925612
15000	0.2	12	1.034061
15000	0.2	12	1.109601
15000	0.2	13	1.040338
15000	0.2	13	0.953955
15000	0.2	15	0.935613
15000	0.2	18	0.963492
15000	0.2	17	0.967622
15000	0.2	15	0.935814
15000	0.2	13	0.995687
15000	0.2	13	1.010470
15000	0.2	14	0.893776
15000	0.2	13	0.965052
15000	0.2	15	1.041719
15000	0.2	14	1.034445
15000	0.2	11	0.910187
15000	0.2	12	0.896083
15000	0.2	15	0.895025
15000	0.2	13	0.916161
15000	0.2	13	1.134483
15000	0.2	12	1.057128
15000	0.2	15	1.002394
15000	0.2	14	1.043096

16000	0.2	12	1.093198
16000	0.2	13	1.157734
16000	0.2	14	1.064779
16000	0.2	13	1.130466
16000	0.2	16	1.184830
16000	0.2	15	0.967083
16000	0.2	13	1.099147
16000	0.2	12	1.012628
16000	0.2	18	0.992778
16000	0.2	12	1.017829
16000	0.2	14	1.014855
16000	0.2	14	1.070964
16000	0.2	16	1.088938
16000	0.2	9	1.288082
16000	0.2	16	1.105407
16000	0.2	12	1.133168
16000	0.2	14	1.083149
16000	0.2	16	1.028037
16000	0.2	11	1.035260
16000	0.2	14	1.036477
16000	0.2	13	1.050861
16000	0.2	11	1.060619
16000	0.2	15	1.024382
16000	0.2	14	1.056013
16000	0.2	14	1.000750
16000	0.2	14	0.959157
16000	0.2	14	1.073482
16000	0.2	15	1.214404
16000	0.2	13	0.998302
16000	0.2	15	1.002022

17000	0.2	8	1.232905
17000	0.2	16	1.140763
17000	0.2	14	1.143955
17000	0.2	16	1.179063
17000	0.2	14	1.206079
17000	0.2	14	1.119964
17000	0.2	13	1.234061
17000	0.2	15	1.179803
17000	0.2	14	1.242450
17000	0.2	12	1.277408
17000	0.2	13	1.190684
17000	0.2	14	1.160813
17000	0.2	14	1.209454
17000	0.2	14	1.198515
17000	0.2	14	1.196781
17000	0.2	14	1.244867
17000	0.2	14	1.189694
17000	0.2	12	1.166410
17000	0.2	11	1.253457
17000	0.2	11	1.153820
17000	0.2	11	1.286892
17000	0.2	12	1.203419
17000	0.2	14	1.177841
17000	0.2	13	1.115185
17000	0.2	13	1.160619
17000	0.2	12	1.222170
17000	0.2	12	1.204590
17000	0.2	15	1.102165
17000	0.2	15	1.153682
17000	0.2	14	1.136220

18000	0.2	10	1.342490
18000	0.2	13	1.459765
18000	0.2	12	1.387103
18000	0.2	13	1.498529
18000	0.2	11	1.373471
18000	0.2	15	1.277958
18000	0.2	14	1.357981
18000	0.2	15	1.245803
18000	0.2	16	1.317412
18000	0.2	16	1.280634
18000	0.2	14	1.355094
18000	0.2	13	1.480659
18000	0.2	13	1.277641
18000	0.2	14	1.339521
18000	0.2	12	1.260877
18000	0.2	14	1.437765
18000	0.2	11	1.296482
18000	0.2	15	1.297582
18000	0.2	11	1.510675
18000	0.2	12	1.381646
18000	0.2	13	1.401081
18000	0.2	13	1.312679
18000	0.2	17	1.393222
18000	0.2	13	1.268635
18000	0.2	15	1.229400
18000	0.2	13	1.422837
18000	0.2	13	1.388746
18000	0.2	14	1.335140
18000	0.2	13	1.372500
18000	0.2	14	1.418287

19000	0.2	12	1.450011
19000	0.2	17	1.524242
19000	0.2	14	1.541130
19000	0.2	12	1.573610
19000	0.2	15	1.572794
19000	0.2	15	1.538704
19000	0.2	12	1.416463
19000	0.2	15	1.395369
19000	0.2	13	1.562110
19000	0.2	16	1.490272
19000	0.2	12	1.593817
19000	0.2	14	1.636905
19000	0.2	12	1.506634
19000	0.2	12	1.550128
19000	0.2	13	1.630668
19000	0.2	13	1.539643
19000	0.2	13	1.566644
19000	0.2	14	1.422311
19000	0.2	16	1.405054
19000	0.2	13	1.506584
19000	0.2	11	1.487698
19000	0.2	14	1.458643
19000	0.2	12	1.550830
19000	0.2	14	1.467290
19000	0.2	13	1.507583
19000	0.2	12	1.553707
19000	0.2	14	1.496556
19000	0.2	11	1.748826
19000	0.2	14	1.437279
19000	0.2	13	1.458461

20000	0.2	14	1.636535
20000	0.2	13	1.908622
20000	0.2	15	1.530331
20000	0.2	14	1.936700
20000	0.2	12	1.783810
20000	0.2	12	1.751340
20000	0.2	14	1.618717
20000	0.2	16	1.700549
20000	0.2	13	1.584538
20000	0.2	15	1.555790
20000	0.2	14	1.683296
20000	0.2	14	1.676726
20000	0.2	14	1.586135
20000	0.2	16	1.715051
20000	0.2	13	1.983070
20000	0.2	12	1.798549
20000	0.2	15	1.694634
20000	0.2	14	1.881797
20000	0.2	11	1.817914
20000	0.2	14	1.893772
20000	0.2	15	1.655962
20000	0.2	12	1.644180
20000	0.2	10	1.652001
20000	0.2	16	1.649023
20000	0.2	14	1.615975
20000	0.2	14	1.687996
20000	0.2	17	1.803333
20000	0.2	15	1.685049
20000	0.2	14	1.674000
20000	0.2	12	1.608180

21000	0.2	14	1.910869
21000	0.2	12	1.995972
21000	0.2	13	1.765253
21000	0.2	14	1.904203
21000	0.2	12	1.881054
21000	0.2	14	1.783688
21000	0.2	13	1.939074
21000	0.2	15	1.816124
21000	0.2	14	1.789552
21000	0.2	15	1.843154
21000	0.2	14	1.898660
21000	0.2	12	1.822831
21000	0.2	15	1.868820
21000	0.2	11	2.076533
21000	0.2	14	1.749961
21000	0.2	14	1.938975
21000	0.2	14	1.917705
21000	0.2	15	1.853728
21000	0.2	16	1.911393
21000	0.2	12	1.858455
21000	0.2	13	1.825504
21000	0.2	15	1.877223
21000	0.2	14	1.872110
21000	0.2	13	1.861173
21000	0.2	14	1.657968
21000	0.2	16	1.922633
21000	0.2	18	1.940198
21000	0.2	12	1.882595
21000	0.2	13	1.761943
21000	0.2	14	1.769824

22000	0.2	15	2.043818
22000	0.2	13	2.187249
22000	0.2	13	2.133080
22000	0.2	15	1.853455
22000	0.2	13	2.012993
22000	0.2	15	2.021776
22000	0.2	13	2.149499
22000	0.2	12	1.959166
22000	0.2	14	1.855929
22000	0.2	15	1.902965
22000	0.2	13	2.142157
22000	0.2	14	1.962034
22000	0.2	14	2.208124
22000	0.2	12	2.099270
22000	0.2	16	2.085301
22000	0.2	13	3.072020
22000	0.2	14	2.105375
22000	0.2	13	2.093581
22000	0.2	14	2.047776
22000	0.2	13	2.030426
22000	0.2	15	2.128960
22000	0.2	16	2.108510
22000	0.2	14	2.026572
22000	0.2	13	2.024601
22000	0.2	13	2.005499
22000	0.2	14	2.195111
22000	0.2	13	2.066996
22000	0.2	13	2.039243
22000	0.2	12	2.061348
22000	0.2	11	1.958223

23000	0.2	15	2.397683
23000	0.2	13	2.165200
23000	0.2	12	2.203622
23000	0.2	13	2.408571
23000	0.2	14	2.254574
23000	0.2	15	2.315208
23000	0.2	15	2.141147
23000	0.2	10	2.349737
23000	0.2	11	2.493546
23000	0.2	13	2.245907
23000	0.2	13	2.186527
23000	0.2	13	2.172536
23000	0.2	11	2.093974
23000	0.2	12	2.337095
23000	0.2	12	2.243944
23000	0.2	14	2.206060
23000	0.2	12	2.254540
23000	0.2	17	2.297131
23000	0.2	17	2.540572
23000	0.2	16	2.203082
23000	0.2	14	2.232988
23000	0.2	13	2.202814
23000	0.2	13	2.465504
23000	0.2	13	2.259835
23000	0.2	15	2.280506
23000	0.2	14	2.043047
23000	0.2	13	2.078926
23000	0.2	17	2.399614
23000	0.2	14	2.109797
23000	0.2	14	2.309233

24000	0.2	13	2.487902
24000	0.2	14	2.353274
24000	0.2	12	2.641802
24000	0.2	13	2.477746
24000	0.2	16	2.348989
24000	0.2	13	2.542196
24000	0.2	15	2.595771
24000	0.2	17	2.444385
24000	0.2	15	2.662825
24000	0.2	14	2.428417
24000	0.2	12	2.467011
24000	0.2	14	2.488876
24000	0.2	15	2.682039
24000	0.2	14	2.481163
24000	0.2	15	2.345625
24000	0.2	12	2.430437
24000	0.2	10	2.642383
24000	0.2	13	2.405003
24000	0.2	16	2.525073
24000	0.2	12	2.379374
24000	0.2	16	2.312094
24000	0.2	17	2.387537
24000	0.2	14	2.413737
24000	0.2	17	2.455561
24000	0.2	14	2.309963
24000	0.2	14	2.451814
24000	0.2	14	2.574342
24000	0.2	16	2.256289
24000	0.2	13	2.563343
24000	0.2	16	2.509950

25000	0.2	13	2.968315
25000	0.2	13	2.754615
25000	0.2	14	2.729144
25000	0.2	14	2.684896
25000	0.2	14	3.128044
25000	0.2	15	2.635555
25000	0.2	16	2.763210
25000	0.2	15	2.511900
25000	0.2	15	2.687176
25000	0.2	13	2.740964
25000	0.2	14	2.751797
25000	0.2	11	3.273374
25000	0.2	16	2.869422
25000	0.2	14	2.729224
25000	0.2	13	2.672747
25000	0.2	13	2.724270
25000	0.2	14	2.944630
25000	0.2	14	2.736041
25000	0.2	13	2.794004
25000	0.2	14	2.677796
25000	0.2	12	2.989812
25000	0.2	15	3.470559
25000	0.2	13	3.060469
25000	0.2	12	2.957822
25000	0.2	12	3.077383
25000	0.2	13	2.702937
25000	0.2	13	2.694245
25000	0.2	14	2.792215
25000	0.2	13	2.760510
25000	0.2	11	3.080863

26000	0.2	16	2.879068
26000	0.2	13	2.782483
26000	0.2	12	2.993446
26000	0.2	14	2.978046
26000	0.2	13	2.982576
26000	0.2	12	3.146269
26000	0.2	12	3.070311
26000	0.2	18	2.941987
26000	0.2	15	2.558075
26000	0.2	12	2.824014
26000	0.2	14	2.972300
26000	0.2	13	2.946299
26000	0.2	13	2.844467
26000	0.2	12	2.980098
26000	0.2	17	2.729341
26000	0.2	14	2.810236
26000	0.2	12	2.808497
26000	0.2	17	2.751966
26000	0.2	13	2.776297
26000	0.2	15	2.979102
26000	0.2	14	2.921459
26000	0.2	15	2.725800
26000	0.2	14	2.909675
26000	0.2	14	3.096153
26000	0.2	16	2.750418
26000	0.2	11	3.018222
26000	0.2	12	3.010173
26000	0.2	15	3.092012
26000	0.2	14	3.103669
26000	0.2	14	2.819956

27000	0.2	13	3.144346
27000	0.2	15	2.969799
27000	0.2	15	3.279564
27000	0.2	15	3.370532
27000	0.2	11	3.377338
27000	0.2	17	3.304256
27000	0.2	14	2.980792
27000	0.2	11	3.087274
27000	0.2	15	3.167908
27000	0.2	13	3.387041
27000	0.2	13	4.127068
27000	0.2	11	3.280904
27000	0.2	14	3.361279
27000	0.2	14	3.547636
27000	0.2	16	3.694774
27000	0.2	11	3.734085
27000	0.2	13	3.647251
27000	0.2	18	3.745457
27000	0.2	11	3.119264
27000	0.2	11	3.238163
27000	0.2	16	3.148972
27000	0.2	14	3.472899
27000	0.2	14	3.269121
27000	0.2	13	2.844477
27000	0.2	12	3.193132
27000	0.2	15	3.240823
27000	0.2	13	3.016819
27000	0.2	15	3.048512
27000	0.2	13	3.332857
27000	0.2	12	3.313672

28000	0.2	13	3.235405
28000	0.2	17	3.312364
28000	0.2	13	3.389916
28000	0.2	13	3.451598
28000	0.2	12	3.420149
28000	0.2	16	3.619234
28000	0.2	13	3.379122
28000	0.2	17	3.385618
28000	0.2	14	3.129368
28000	0.2	13	3.542285
28000	0.2	11	3.779201
28000	0.2	15	3.602528
28000	0.2	13	3.371073
28000	0.2	13	3.453124
28000	0.2	14	3.826867
28000	0.2	13	3.253339
28000	0.2	15	3.588740
28000	0.2	14	3.340539
28000	0.2	15	3.585457
28000	0.2	15	3.447365
28000	0.2	15	3.104990
28000	0.2	11	3.453260
28000	0.2	15	3.564790
28000	0.2	15	3.343347
28000	0.2	15	3.373556
28000	0.2	16	3.265334
28000	0.2	14	3.426462
28000	0.2	13	3.368741
28000	0.2	15	3.457966
28000	0.2	12	3.599882

29000	0.2	14	3.589517
29000	0.2	11	3.615148
29000	0.2	15	3.634843
29000	0.2	13	3.632109
29000	0.2	12	4.066336
29000	0.2	15	3.796788
29000	0.2	13	3.890943
29000	0.2	14	4.054039
29000	0.2	16	4.693334
29000	0.2	15	4.108685
29000	0.2	15	4.258420
29000	0.2	13	3.766888
29000	0.2	12	4.001675
29000	0.2	11	4.483772
29000	0.2	13	4.198212
29000	0.2	13	4.228994
29000	0.2	16	3.740322
29000	0.2	13	4.073722
29000	0.2	14	4.364263
29000	0.2	15	4.016836
29000	0.2	14	3.846747
29000	0.2	14	4.298493
29000	0.2	12	4.111451
29000	0.2	15	4.131259
29000	0.2	12	4.003511
29000	0.2	15	3.872808
29000	0.2	14	3.825017
29000	0.2	14	4.333080
29000	0.2	13	4.206568
29000	0.2	16	3.974083

30000	0.2	14	4.149999
30000	0.2	11	4.753973
30000	0.2	9	4.570183
30000	0.2	15	3.973942
30000	0.2	15	4.256588
30000	0.2	15	4.433067
30000	0.2	15	4.121632
30000	0.2	14	4.738015
30000	0.2	13	4.448594
30000	0.2	12	4.849091
30000	0.2	13	4.789225
30000	0.2	15	4.181932
30000	0.2	15	4.303499
30000	0.2	14	4.234273
30000	0.2	15	4.013590
30000	0.2	14	4.668497
30000	0.2	15	4.655867
30000	0.2	12	4.347426
30000	0.2	13	4.854094
30000	0.2	15	4.205207
30000	0.2	12	4.881450
30000	0.2	16	4.537903
30000	0.2	13	4.190652
30000	0.2	13	4.390196
30000	0.2	12	4.036955
30000	0.2	16	4.554271
30000	0.2	14	4.178115
30000	0.2	16	4.003256
30000	0.2	16	4.561431
30000	0.2	16	4.211978

