1000	0.3	11	0.007516
1000	0.3	11	0.007503
1000	0.3	9	0.008369
1000	0.3	10	0.010935
1000	0.3	10	0.007266
1000	0.3	11	0.008815
1000	0.3	10	0.008323
1000	0.3	10	0.007790
1000	0.3	9	0.007916
1000	0.3	10	0.007731
1000	0.3	11	0.009168
1000	0.3	8	0.008917
1000	0.3	8	0.007809
1000	0.3	10	0.008323
1000	0.3	11	0.008351
1000	0.3	10	0.007641
1000	0.3	9	0.010005
1000	0.3	10	0.007299
1000	0.3	11	0.008008
1000	0.3	10	0.008187
1000	0.3	10	0.007813
1000	0.3	10	0.008239
1000	0.3	11	0.008248
1000	0.3	10	0.009492
1000	0.3	8	0.009621
1000	0.3	9	0.008356
1000	0.3	11	0.007766
1000	0.3	11	0.007275
1000	0.3	9	0.007357
1000	0.3	12	0.007603

2000	0.3	8	0.028755
2000	0.3	8	0.027911
2000	0.3	11	0.029652
2000	0.3	9	0.028383
2000	0.3	9	0.029066
2000	0.3	11	0.029799
2000	0.3	11	0.028524
2000	0.3	10	0.029302
2000	0.3	11	0.028491
2000	0.3	10	0.031204
2000	0.3	10	0.027394
2000	0.3	11	0.028677
2000	0.3	9	0.026633
2000	0.3	11	0.027883
2000	0.3	10	0.029140
2000	0.3	10	0.026301
2000	0.3	8	0.029724
2000	0.3	11	0.027116
2000	0.3	11	0.028065
2000	0.3	11	0.029025
2000	0.3	12	0.031286
2000	0.3	11	0.029142
2000	0.3	10	0.032158
2000	0.3	12	0.032854
2000	0.3	12	0.026789
2000	0.3	8	0.030341
2000	0.3	10	0.027413
2000	0.3	9	0.030652
2000	0.3	10	0.027225
2000	0.3	10	0.030169

3000	0.3	10	0.060914
3000	0.3	10	0.063421
3000	0.3	11	0.061097
3000	0.3	10	0.063633
3000	0.3	9	0.062256
3000	0.3	12	0.061038
3000	0.3	10	0.063308
3000	0.3	11	0.060382
3000	0.3	9	0.059102
3000	0.3	11	0.064502
3000	0.3	10	0.064978
3000	0.3	11	0.066735
3000	0.3	9	0.070105
3000	0.3	10	0.066916
3000	0.3	12	0.063511
3000	0.3	10	0.060608
3000	0.3	10	0.065060
3000	0.3	10	0.062601
3000	0.3	10	0.064786
3000	0.3	11	0.063339
3000	0.3	10	0.063514
3000	0.3	11	0.060679
3000	0.3	12	0.062246
3000	0.3	11	0.061185
3000	0.3	11	0.060336
3000	0.3	10	0.061434
3000	0.3	10	0.062294
3000	0.3	9	0.065806
3000	0.3	12	0.063553
3000	0.3	10	0.065683

4000	0.3	13	0.118260
4000	0.3	12	0.112415
4000	0.3	11	0.109228
4000	0.3	11	0.110644
4000	0.3	10	0.108117
4000	0.3	12	0.104534
4000	0.3	11	0.104231
4000	0.3	11	0.107240
4000	0.3	11	0.118821
4000	0.3	10	0.112583
4000	0.3	12	0.106519
4000	0.3	11	0.106296
4000	0.3	10	0.108046
4000	0.3	11	0.108466
4000	0.3	8	0.108965
4000	0.3	10	0.111754
4000	0.3	12	0.109353
4000	0.3	11	0.113213
4000	0.3	11	0.112995
4000	0.3	11	0.111904
4000	0.3	11	0.108720
4000	0.3	12	0.110413
4000	0.3	11	0.108292
4000	0.3	10	0.110726
4000	0.3	10	0.107335
4000	0.3	11	0.108995
4000	0.3	11	0.109067
4000	0.3	11	0.116160
4000	0.3	11	0.103579
4000	0.3	11	0.110138

5000	0.3	11	0.173151
5000	0.3	12	0.173781
5000	0.3	12	0.185661
5000	0.3	11	0.174090
5000	0.3	12	0.172395
5000	0.3	12	0.204915
5000	0.3	11	0.170215
5000	0.3	10	0.174362
5000	0.3	11	0.179212
5000	0.3	12	0.170820
5000	0.3	11	0.169106
5000	0.3	11	0.177375
5000	0.3	10	0.176663
5000	0.3	11	0.180563
5000	0.3	10	0.171057
5000	0.3	11	0.180850
5000	0.3	11	0.167306
5000	0.3	12	0.169447
5000	0.3	12	0.172647
5000	0.3	10	0.170216
5000	0.3	12	0.173578
5000	0.3	12	0.182016
5000	0.3	12	0.186762
5000	0.3	10	0.177130
5000	0.3	12	0.176465
5000	0.3	11	0.176741
5000	0.3	9	0.171442
5000	0.3	12	0.171064
5000	0.3	11	0.169644
5000	0.3	11	0.167453

6000	0.3	11	0.258297
6000	0.3	10	0.256227
6000	0.3	11	0.249083
6000	0.3	10	0.251321
6000	0.3	10	0.259288
6000	0.3	10	0.244380
6000	0.3	11	0.257234
6000	0.3	12	0.254891
6000	0.3	11	0.249434
6000	0.3	11	0.251144
6000	0.3	9	0.239322
6000	0.3	11	0.246439
6000	0.3	11	0.248775
6000	0.3	11	0.249040
6000	0.3	10	0.241615
6000	0.3	10	0.250074
6000	0.3	11	0.242422
6000	0.3	12	0.243548
6000	0.3	11	0.252089
6000	0.3	11	0.241867
6000	0.3	11	0.256002
6000	0.3	10	0.239718
6000	0.3	11	0.247902
6000	0.3	11	0.333972
6000	0.3	12	0.293061
6000	0.3	11	0.341046
6000	0.3	11	0.315344
6000	0.3	10	0.296176
6000	0.3	10	0.244284
6000	0.3	11	0.234334

7000	0.3	11	0.333116
7000	0.3	11	0.320756
7000	0.3	11	0.341987
7000	0.3	12	0.331902
7000	0.3	12	0.331882
7000	0.3	11	0.332771
7000	0.3	10	0.320299
7000	0.3	12	0.335848
7000	0.3	12	0.333725
7000	0.3	11	0.347825
7000	0.3	9	0.346066
7000	0.3	12	0.337779
7000	0.3	12	0.379091
7000	0.3	10	0.337462
7000	0.3	13	0.326843
7000	0.3	12	0.326239
7000	0.3	12	0.357435
7000	0.3	10	0.346532
7000	0.3	10	0.355286
7000	0.3	11	0.326324
7000	0.3	11	0.366525
7000	0.3	12	0.346892
7000	0.3	10	0.339233
7000	0.3	10	0.332845
7000	0.3	10	0.337970
7000	0.3	12	0.335733
7000	0.3	12	0.325027
7000	0.3	9	0.338242
7000	0.3	13	0.351295
7000	0.3	11	0.341835

8000	0.3	12	0.452088
8000	0.3	11	0.456614
8000	0.3	9	0.446985
8000	0.3	13	0.446092
8000	0.3	11	0.453231
8000	0.3	10	0.493458
8000	0.3	13	0.451211
8000	0.3	11	0.435542
8000	0.3	10	0.470711
8000	0.3	11	0.443071
8000	0.3	11	0.448230
8000	0.3	12	0.439302
8000	0.3	11	0.456539
8000	0.3	12	0.463978
8000	0.3	11	0.445839
8000	0.3	11	0.449081
8000	0.3	13	0.450118
8000	0.3	11	0.508466
8000	0.3	13	0.439037
8000	0.3	10	0.455266
8000	0.3	12	0.443107
8000	0.3	11	0.439099
8000	0.3	10	0.439954
8000	0.3	11	0.443131
8000	0.3	11	0.451651
8000	0.3	11	0.443119
8000	0.3	12	0.421717
8000	0.3	12	0.439768
8000	0.3	10	0.453821
8000	0.3	11	0.447355

9000	0.3	12	0.570437
9000	0.3	12	0.562432
9000	0.3	11	0.545484
9000	0.3	12	0.539096
9000	0.3	13	0.583322
9000	0.3	12	0.559376
9000	0.3	10	0.535311
9000	0.3	12	0.548035
9000	0.3	11	0.558205
9000	0.3	12	0.558335
9000	0.3	12	0.544255
9000	0.3	10	0.539226
9000	0.3	9	0.565401
9000	0.3	11	0.572297
9000	0.3	12	0.561703
9000	0.3	10	0.566643
9000	0.3	12	0.579330
9000	0.3	12	0.550541
9000	0.3	11	0.546319
9000	0.3	11	0.656855
9000	0.3	13	0.577700
9000	0.3	11	0.541367
9000	0.3	11	0.560307
9000	0.3	11	0.568147
9000	0.3	10	0.558285
9000	0.3	11	0.582843
9000	0.3	10	0.569916
9000	0.3	12	0.594106
9000	0.3	11	0.574082
9000	0.3	12	0.574855

10000	0.3	11	0.727233
10000	0.3	11	0.726255
10000	0.3	11	0.722455
10000	0.3	11	0.740417
10000	0.3	12	0.714456
10000	0.3	11	0.696771
10000	0.3	12	0.729579
10000	0.3	12	0.731809
10000	0.3	11	0.710899
10000	0.3	11	0.728709
10000	0.3	12	0.731711
10000	0.3	12	0.719287
10000	0.3	11	0.739054
10000	0.3	11	0.709976
10000	0.3	12	0.707990
10000	0.3	11	0.724760
10000	0.3	11	0.734039
10000	0.3	12	0.721426
10000	0.3	12	0.689898
10000	0.3	11	0.719249
10000	0.3	12	0.729939
10000	0.3	12	0.698019
10000	0.3	12	0.712964
10000	0.3	13	0.705019
10000	0.3	11	0.713706
10000	0.3	11	0.696809
10000	0.3	11	0.713751
10000	0.3	11	0.714855
10000	0.3	11	0.694412
10000	0.3	11	0.688975

11000	0.3	11	0.859893
11000	0.3	10	0.820510
11000	0.3	11	0.806628
11000	0.3	11	0.784985
11000	0.3	12	0.806679
11000	0.3	12	0.812349
11000	0.3	11	0.828812
11000	0.3	11	0.794367
11000	0.3	11	0.787336
11000	0.3	12	0.779809
11000	0.3	12	0.789758
11000	0.3	12	0.781940
11000	0.3	12	0.784070
11000	0.3	11	0.806144
11000	0.3	12	0.771172
11000	0.3	12	0.780015
11000	0.3	11	0.782253
11000	0.3	12	0.785000
11000	0.3	11	0.788066
11000	0.3	11	0.789479
11000	0.3	10	0.800156
11000	0.3	11	0.866781
11000	0.3	11	0.845819
11000	0.3	12	0.988448
11000	0.3	12	0.787896
11000	0.3	12	0.773420
11000	0.3	11	0.781891
11000	0.3	13	0.780579
11000	0.3	12	0.789923
11000	0.3	12	0.776865

12000	0.3	13	0.963822
12000	0.3	12	0.928012
12000	0.3	12	0.944372
12000	0.3	11	0.934948
12000	0.3	12	0.950337
12000	0.3	11	0.950536
12000	0.3	12	1.016200
12000	0.3	12	0.958751
12000	0.3	11	0.947347
12000	0.3	12	0.941049
12000	0.3	11	1.066662
12000	0.3	12	0.941516
12000	0.3	12	0.945636
12000	0.3	10	0.938712
12000	0.3	12	0.958367
12000	0.3	11	0.964797
12000	0.3	12	0.961504
12000	0.3	13	0.931956
12000	0.3	11	0.942508
12000	0.3	12	0.941733
12000	0.3	11	0.930968
12000	0.3	11	0.932905
12000	0.3	12	0.940007
12000	0.3	12	0.925790
12000	0.3	12	0.944851
12000	0.3	12	0.922449
12000	0.3	12	0.936374
12000	0.3	12	0.926537
12000	0.3	11	0.937371
12000	0.3	13	0.933221

13000	0.3	11	1.110392
13000	0.3	11	1.105561
13000	0.3	12	1.266125
13000	0.3	12	1.231360
13000	0.3	11	1.099284
13000	0.3	12	1.176776
13000	0.3	12	1.135263
13000	0.3	11	1.120353
13000	0.3	12	1.107504
13000	0.3	12	1.101803
13000	0.3	12	1.106505
13000	0.3	11	1.119841
13000	0.3	13	1.109877
13000	0.3	13	1.104510
13000	0.3	12	1.113284
13000	0.3	11	1.093722
13000	0.3	10	1.096810
13000	0.3	12	1.102226
13000	0.3	11	1.099590
13000	0.3	12	1.102941
13000	0.3	12	1.100151
13000	0.3	12	1.095593
13000	0.3	12	1.107768
13000	0.3	11	1.106315
13000	0.3	11	1.106686
13000	0.3	12	1.099640
13000	0.3	12	1.091261
13000	0.3	11	1.093708
13000	0.3	12	1.095987
13000	0.3	11	1.092498

14000	0.3	12	1.302124
14000	0.3	12	1.297883
14000	0.3	11	1.286341
14000	0.3	12	1.273555
14000	0.3	11	1.277909
14000	0.3	11	1.275200
14000	0.3	12	1.270394
14000	0.3	12	1.258212
14000	0.3	12	1.286734
14000	0.3	12	1.290246
14000	0.3	12	1.297320
14000	0.3	12	1.281270
14000	0.3	12	1.280585
14000	0.3	13	1.299351
14000	0.3	11	1.281164
14000	0.3	12	1.276023
14000	0.3	12	1.308601
14000	0.3	12	1.400019
14000	0.3	13	1.463051
14000	0.3	11	1.307545
14000	0.3	11	1.283125
14000	0.3	12	1.309894
14000	0.3	11	1.311803
14000	0.3	11	1.331078
14000	0.3	12	1.310418
14000	0.3	12	1.299160
14000	0.3	11	1.285531
14000	0.3	10	1.280320
14000	0.3	12	1.288085
14000	0.3	12	1.287960

15000	0.3	13	1.488411
15000	0.3	12	1.459618
15000	0.3	13	1.472277
15000	0.3	12	1.523924
15000	0.3	12	1.472851
15000	0.3	11	1.477611
15000	0.3	12	1.478319
15000	0.3	11	1.531470
15000	0.3	12	1.474890
15000	0.3	12	1.531295
15000	0.3	12	1.490812
15000	0.3	11	1.489390
15000	0.3	12	1.482320
15000	0.3	12	1.467247
15000	0.3	12	1.482308
15000	0.3	12	1.639018
15000	0.3	12	1.517734
15000	0.3	12	1.567982
15000	0.3	11	1.497958
15000	0.3	12	1.551272
15000	0.3	13	1.489409
15000	0.3	12	1.623554
15000	0.3	11	1.454323
15000	0.3	11	1.472027
15000	0.3	11	1.486661
15000	0.3	11	1.467171
15000	0.3	11	1.455843
15000	0.3	12	1.467175
15000	0.3	12	1.481402
15000	0.3	11	1.457788

16000	0.3	11	1.675321
16000	0.3	12	1.673655
16000	0.3	12	1.654347
16000	0.3	12	1.666963
16000	0.3	12	1.710187
16000	0.3	12	1.747797
16000	0.3	12	1.689373
16000	0.3	11	1.683696
16000	0.3	12	1.770824
16000	0.3	12	1.669655
16000	0.3	12	1.822132
16000	0.3	11	1.697736
16000	0.3	11	1.679910
16000	0.3	12	1.849283
16000	0.3	12	1.876266
16000	0.3	11	1.824106
16000	0.3	11	1.706059
16000	0.3	12	1.720131
16000	0.3	12	1.695143
16000	0.3	10	1.670482
16000	0.3	12	1.661668
16000	0.3	12	1.657992
16000	0.3	12	1.667015
16000	0.3	11	1.658123
16000	0.3	11	1.659959
16000	0.3	12	1.682914
16000	0.3	13	1.657762
16000	0.3	12	1.653246
16000	0.3	12	1.672094
16000	0.3	12	1.661657

17000	0.3	12	1.873257
17000	0.3	12	1.888112
17000	0.3	12	1.883243
17000	0.3	11	1.916792
17000	0.3	12	1.878355
17000	0.3	11	1.926642
17000	0.3	12	1.890558
17000	0.3	11	1.891241
17000	0.3	11	1.934404
17000	0.3	12	1.869886
17000	0.3	12	1.898270
17000	0.3	12	1.894309
17000	0.3	13	1.897201
17000	0.3	11	1.881820
17000	0.3	11	1.879270
17000	0.3	12	1.899562
17000	0.3	11	1.900126
17000	0.3	12	1.924019
17000	0.3	12	1.874813
17000	0.3	11	1.909991
17000	0.3	12	1.897601
17000	0.3	12	1.904804
17000	0.3	12	1.911381
17000	0.3	12	1.885372
17000	0.3	12	1.969080
17000	0.3	11	1.892917
17000	0.3	10	1.886920
17000	0.3	12	1.916789
17000	0.3	12	1.926948
17000	0.3	12	2.033636

18000	0.3	13	2.242554
18000	0.3	12	2.213290
18000	0.3	9	2.235761
18000	0.3	12	2.210488
18000	0.3	13	2.197455
18000	0.3	12	2.207254
18000	0.3	11	2.211358
18000	0.3	11	2.218976
18000	0.3	13	2.179642
18000	0.3	12	2.244311
18000	0.3	12	2.204355
18000	0.3	13	2.192199
18000	0.3	11	2.218927
18000	0.3	12	2.212416
18000	0.3	12	2.210210
18000	0.3	11	2.187766
18000	0.3	12	2.190317
18000	0.3	11	2.209742
18000	0.3	12	2.197764
18000	0.3	11	2.175783
18000	0.3	11	2.192428
18000	0.3	12	2.198280
18000	0.3	10	2.209270
18000	0.3	12	2.203420
18000	0.3	12	2.167616
18000	0.3	11	2.174383
18000	0.3	12	2.167542
18000	0.3	11	2.171661
18000	0.3	12	2.161691
18000	0.3	12	2.361148

19000	0.3	11	2.422455
19000	0.3	13	2.430762
19000	0.3	12	2.426344
19000	0.3	13	2.434267
19000	0.3	11	2.408793
19000	0.3	12	2.530222
19000	0.3	11	2.360334
19000	0.3	12	2.368503
19000	0.3	10	2.361541
19000	0.3	11	2.359857
19000	0.3	10	2.383689
19000	0.3	11	2.427014
19000	0.3	12	2.410407
19000	0.3	12	2.462454
19000	0.3	11	2.356009
19000	0.3	12	2.364303
19000	0.3	12	2.361443
19000	0.3	12	2.405867
19000	0.3	11	2.365823
19000	0.3	11	2.386911
19000	0.3	11	2.397563
19000	0.3	11	2.426508
19000	0.3	11	2.425842
19000	0.3	11	2.449982
19000	0.3	12	2.435407
19000	0.3	12	2.401624
19000	0.3	11	2.398985
19000	0.3	11	2.393364
19000	0.3	12	2.371440
19000	0.3	11	2.382613

20000	0.3	11	2.712756
20000	0.3	13	2.633909
20000	0.3	11	2.630627
20000	0.3	12	2.622184
20000	0.3	12	2.613086
20000	0.3	13	2.629518
20000	0.3	13	2.681603
20000	0.3	12	2.699566
20000	0.3	13	2.710473
20000	0.3	13	2.689152
20000	0.3	13	2.736013
20000	0.3	12	2.766530
20000	0.3	12	2.622380
20000	0.3	12	2.710354
20000	0.3	12	2.732244
20000	0.3	12	2.604228
20000	0.3	11	2.622114
20000	0.3	11	2.717289
20000	0.3	11	2.612612
20000	0.3	12	2.751107
20000	0.3	12	3.053166
20000	0.3	12	2.746227
20000	0.3	12	2.733844
20000	0.3	10	2.900466
20000	0.3	12	2.695664
20000	0.3	12	2.643045
20000	0.3	12	2.646523
20000	0.3	12	2.692249
20000	0.3	12	2.726881
20000	0.3	12	2.653179

21000	0.3	13	2.987778
21000	0.3	12	2.927379
21000	0.3	12	3.030317
21000	0.3	11	3.077607
21000	0.3	12	3.157717
21000	0.3	13	2.976465
21000	0.3	12	2.925230
21000	0.3	10	2.973669
21000	0.3	12	2.962099
21000	0.3	12	2.940124
21000	0.3	11	3.003830
21000	0.3	12	2.925050
21000	0.3	11	2.950723
21000	0.3	12	2.909360
21000	0.3	11	2.996720
21000	0.3	12	2.914646
21000	0.3	12	2.960394
21000	0.3	12	2.990648
21000	0.3	12	2.948074
21000	0.3	12	3.188575
21000	0.3	12	2.978305
21000	0.3	10	2.927860
21000	0.3	12	2.910303
21000	0.3	13	2.988852
21000	0.3	12	2.951873
21000	0.3	13	2.896803
21000	0.3	11	3.058261
21000	0.3	12	2.947304
21000	0.3	11	2.934881
21000	0.3	11	2.902482

22000	0.3	12	3.171622
22000	0.3	11	3.246855
22000	0.3	12	3.261576
22000	0.3	12	3.188598
22000	0.3	11	3.240016
22000	0.3	11	3.395817
22000	0.3	11	3.363292
22000	0.3	12	3.342676
22000	0.3	12	3.375237
22000	0.3	12	3.361639
22000	0.3	12	3.340370
22000	0.3	12	3.313285
22000	0.3	13	3.368353
22000	0.3	11	3.333365
22000	0.3	11	3.360058
22000	0.3	12	3.340302
22000	0.3	13	3.322733
22000	0.3	12	3.339867
22000	0.3	11	3.386383
22000	0.3	12	3.361669
22000	0.3	12	3.344806
22000	0.3	11	3.347714
22000	0.3	12	3.545609
22000	0.3	12	3.342968
22000	0.3	12	3.303920
22000	0.3	13	3.376688
22000	0.3	11	3.311950
22000	0.3	13	3.322467
22000	0.3	11	3.274917
22000	0.3	12	3.191691

23000	0.3	12	3.637657
23000	0.3	13	3.504522
23000	0.3	13	3.577693
23000	0.3	12	3.498785
23000	0.3	13	3.522003
23000	0.3	11	3.871205
23000	0.3	12	3.738746
23000	0.3	11	3.670074
23000	0.3	12	3.712338
23000	0.3	12	3.691792
23000	0.3	12	3.704218
23000	0.3	12	3.677782
23000	0.3	11	3.711940
23000	0.3	12	3.673937
23000	0.3	12	3.717382
23000	0.3	12	3.696176
23000	0.3	12	3.690380
23000	0.3	12	3.691518
23000	0.3	10	3.703986
23000	0.3	12	3.691674
23000	0.3	12	3.730259
23000	0.3	12	3.692316
23000	0.3	11	3.644014
23000	0.3	11	3.741636
23000	0.3	11	3.732005
23000	0.3	11	3.516776
23000	0.3	12	3.804227
23000	0.3	12	3.547900
23000	0.3	13	3.556398
23000	0.3	12	3.478248

24000	0.3	13	3.881430
24000	0.3	11	3.831309
24000	0.3	11	3.828040
24000	0.3	12	3.822755
24000	0.3	11	3.910937
24000	0.3	12	3.861172
24000	0.3	12	3.785797
24000	0.3	11	3.787622
24000	0.3	12	3.820904
24000	0.3	12	3.814527
24000	0.3	12	3.802779
24000	0.3	13	3.800338
24000	0.3	11	3.801639
24000	0.3	12	3.787523
24000	0.3	13	3.793320
24000	0.3	12	3.801521
24000	0.3	12	3.786556
24000	0.3	13	3.797827
24000	0.3	12	3.775401
24000	0.3	12	3.802484
24000	0.3	12	3.820692
24000	0.3	12	3.821520
24000	0.3	11	3.774138
24000	0.3	11	3.789961
24000	0.3	12	3.840658
24000	0.3	12	3.899835
24000	0.3	13	3.808571
24000	0.3	13	3.762537
24000	0.3	12	3.797030
24000	0.3	11	3.818611

25000	0.3	12	4.127381
25000	0.3	12	4.141288
25000	0.3	12	4.128050
25000	0.3	12	4.130173
25000	0.3	12	4.139795
25000	0.3	13	4.148110
25000	0.3	12	4.156605
25000	0.3	12	4.144908
25000	0.3	12	4.172982
25000	0.3	12	4.119179
25000	0.3	12	4.140979
25000	0.3	12	4.136204
25000	0.3	12	4.148851
25000	0.3	12	4.114377
25000	0.3	13	4.139604
25000	0.3	11	4.134314
25000	0.3	12	4.107292
25000	0.3	12	4.100799
25000	0.3	12	4.172114
25000	0.3	11	4.134535
25000	0.3	12	4.105626
25000	0.3	12	4.107110
25000	0.3	12	4.126991
25000	0.3	11	4.108129
25000	0.3	12	4.207148
25000	0.3	11	4.098356
25000	0.3	11	4.114485
25000	0.3	12	4.127620
25000	0.3	12	4.093725
25000	0.3	13	4.110345

26000	0.3	12	4.500837
26000	0.3	11	4.437051
26000	0.3	11	4.458080
26000	0.3	12	4.518636
26000	0.3	12	4.526644
26000	0.3	12	4.467405
26000	0.3	12	4.489710
26000	0.3	12	4.457815
26000	0.3	12	4.465613
26000	0.3	12	4.457590
26000	0.3	12	4.458290
26000	0.3	12	4.440883
26000	0.3	12	4.460629
26000	0.3	12	4.430993
26000	0.3	12	4.452921
26000	0.3	11	4.451867
26000	0.3	11	4.471276
26000	0.3	12	4.478979
26000	0.3	12	4.445340
26000	0.3	13	4.435033
26000	0.3	12	4.431703
26000	0.3	11	4.444396
26000	0.3	11	4.521163
26000	0.3	12	4.464221
26000	0.3	12	4.448972
26000	0.3	12	4.492078
26000	0.3	12	4.457890
26000	0.3	11	4.492185
26000	0.3	12	4.462181
26000	0.3	12	4.493797

27000	0.3	13	4.827848
27000	0.3	12	4.817126
27000	0.3	13	4.809138
27000	0.3	12	4.809930
27000	0.3	12	4.818957
27000	0.3	12	4.809320
27000	0.3	12	4.838664
27000	0.3	12	4.894340
27000	0.3	11	4.893328
27000	0.3	12	4.817693
27000	0.3	11	4.878987
27000	0.3	12	4.804931
27000	0.3	12	4.833535
27000	0.3	12	4.872446
27000	0.3	11	4.825268
27000	0.3	11	4.853928
27000	0.3	11	4.799606
27000	0.3	12	4.825265
27000	0.3	12	4.833658
27000	0.3	12	4.824596
27000	0.3	11	4.855622
27000	0.3	13	4.879803
27000	0.3	12	4.818869
27000	0.3	12	4.811262
27000	0.3	11	4.803359
27000	0.3	11	4.878906
27000	0.3	12	4.835618
27000	0.3	11	4.828089
27000	0.3	12	4.797723
27000	0.3	12	4.780367

28000	0.3	12	5.157200
28000	0.3	12	5.203414
28000	0.3	12	5.221868
28000	0.3	12	5.249573
28000	0.3	12	5.196293
28000	0.3	12	5.193164
28000	0.3	10	5.200864
28000	0.3	12	5.158835
28000	0.3	12	5.212320
28000	0.3	12	5.175671
28000	0.3	12	5.206550
28000	0.3	13	5.224259
28000	0.3	12	5.193132
28000	0.3	12	5.230542
28000	0.3	12	5.229357
28000	0.3	12	5.170909
28000	0.3	13	5.198365
28000	0.3	12	5.156468
28000	0.3	12	5.249919
28000	0.3	13	5.238380
28000	0.3	12	5.200423
28000	0.3	11	5.203758
28000	0.3	12	5.176213
28000	0.3	13	5.307733
28000	0.3	12	5.213191
28000	0.3	11	5.173191
28000	0.3	12	5.191573
28000	0.3	13	5.272873
28000	0.3	12	5.143796
28000	0.3	13	5.189709

29000	0.3	13	5.574988
29000	0.3	12	5.551210
29000	0.3	12	5.544829
29000	0.3	11	5.543494
29000	0.3	12	5.549758
29000	0.3	12	5.552840
29000	0.3	12	5.598659
29000	0.3	12	5.588109
29000	0.3	12	5.612640
29000	0.3	12	5.571511
29000	0.3	12	5.553677
29000	0.3	11	5.589900
29000	0.3	12	5.530358
29000	0.3	12	5.549122
29000	0.3	13	5.608974
29000	0.3	12	5.544090
29000	0.3	12	5.548929
29000	0.3	12	5.575740
29000	0.3	12	5.569340
29000	0.3	12	5.625621
29000	0.3	13	5.644344
29000	0.3	11	5.571944
29000	0.3	12	5.582495
29000	0.3	11	5.596356
29000	0.3	12	5.579200
29000	0.3	12	5.605184
29000	0.3	12	5.574252
29000	0.3	12	5.555520
29000	0.3	10	5.572137
29000	0.3	12	5.623345

30000	0.3	12	5.952403
30000	0.3	12	5.935501
30000	0.3	13	6.003121
30000	0.3	12	5.971089
30000	0.3	13	6.034140
30000	0.3	12	5.945301
30000	0.3	11	5.989315
30000	0.3	12	5.963921
30000	0.3	12	6.000024
30000	0.3	11	5.963330
30000	0.3	12	6.059655
30000	0.3	12	5.974180
30000	0.3	12	5.997365
30000	0.3	12	5.983783
30000	0.3	11	5.939832
30000	0.3	13	5.937003
30000	0.3	12	6.032752
30000	0.3	12	5.996154
30000	0.3	12	5.986058
30000	0.3	11	5.958480
30000	0.3	12	6.023961
30000	0.3	11	5.966980
30000	0.3	12	5.977480
30000	0.3	11	5.966459
30000	0.3	13	6.033386
30000	0.3	13	6.080199
30000	0.3	12	6.007980
30000	0.3	12	6.006593
30000	0.3	12	6.037067
30000	0.3	11	5.992980

