1000	0.1	56	0.003367
1000	0.1	49	0.003387
1000	0.1	56	0.00328
1000	0.1	45	0.003339
1000	0.1	38	0.004047
1000	0.1	41	0.003578
1000	0.1	58	0.011825
1000	0.1	50	0.003772
1000	0.1	47	0.00354
1000	0.1	42	0.003835
1000	0.1	41	0.003974
1000	0.1	48	0.003648
1000	0.1	36	0.003485
1000	0.1	37	0.003677
1000	0.1	44	0.003824
1000	0.1	42	0.003871
1000	0.1	39	0.00359
1000	0.1	50	0.003543
1000	0.1	49	0.003593
1000	0.1	45	0.003713
1000	0.1	41	0.003857
1000	0.1	45	0.003591
1000	0.1	39	0.003335
1000	0.1	37	0.003745
1000	0.1	37	0.004015
1000	0.1	60	0.003114
1000	0.1	41	0.003686
1000	0.1	46	0.003588
1000	0.1	41	0.003749
1000	0.1	41	0.003727

2000	0.1	47	0.032858
2000	0.1	36	0.011674
2000	0.1	53	0.009273
2000	0.1	53	0.031073
2000	0.1	47	0.010559
2000	0.1	50	0.009658
2000	0.1	33	0.012456
2000	0.1	44	0.010456
2000	0.1	46	0.022137
2000	0.1	56	0.009105
2000	0.1	45	0.010783
2000	0.1	50	0.009472
2000	0.1	47	0.010639
2000	0.1	55	0.009136
2000	0.1	45	0.009795
2000	0.1	48	0.01059
2000	0.1	48	0.008692
2000	0.1	55	0.009218
2000	0.1	46	0.009926
2000	0.1	65	0.008853
2000	0.1	54	0.008867
2000	0.1	51	0.00902
2000	0.1	53	0.018906
2000	0.1	37	0.01073
2000	0.1	41	0.010727
2000	0.1	56	0.008971
2000	0.1	50	0.009526
2000	0.1	56	0.008751
2000	0.1	49	0.009783
2000	0.1	64	0.008644

3000	0.1	49	0.050922
3000	0.1	46	0.018881
3000	0.1	57	0.017439
3000	0.1	44	0.01808
3000	0.1	60	0.017478
3000	0.1	57	0.017986
3000	0.1	57	0.017934
3000	0.1	44	0.020411
3000	0.1	55	0.016899
3000	0.1	60	0.017617
3000	0.1	49	0.03993
3000	0.1	42	0.022569
3000	0.1	56	0.017974
3000	0.1	52	0.020871
3000	0.1	46	0.021091
3000	0.1	55	0.018296
3000	0.1	55	0.018076
3000	0.1	34	0.025369
3000	0.1	64	0.016577
3000	0.1	58	0.017129
3000	0.1	55	0.018174
3000	0.1	57	0.019013
3000	0.1	53	0.01907
3000	0.1	63	0.017795
3000	0.1	62	0.016216
3000	0.1	53	0.018196
3000	0.1	59	0.017608
3000	0.1	52	0.018451
3000	0.1	59	0.018226
3000	0.1	52	0.018786

4000	0.1	47	0.071601
4000	0.1	44	0.043765
4000	0.1	52	0.028988
4000	0.1	64	0.055306
4000	0.1	52	0.033686
4000	0.1	60	0.03032
4000	0.1	60	0.030321
4000	0.1	45	0.039096
4000	0.1	50	0.030265
4000	0.1	45	0.038822
4000	0.1	36	0.049747
4000	0.1	57	0.032558
4000	0.1	53	0.030069
4000	0.1	69	0.027127
4000	0.1	58	0.031456
4000	0.1	54	0.032614
4000	0.1	45	0.0363
4000	0.1	53	0.083032
4000	0.1	54	0.07703
4000	0.1	63	0.06441
4000	0.1	49	0.03311
4000	0.1	44	0.03659
4000	0.1	53	0.033437
4000	0.1	62	0.028707
4000	0.1	47	0.034827
4000	0.1	51	0.029382
4000	0.1	62	0.029637
4000	0.1	54	0.032975
4000	0.1	64	0.026994
4000	0.1	60	0.029444

5000	0.1	62	0.085012
5000	0.1	64	0.042807
5000	0.1	52	0.056298
5000	0.1	62	0.046221
5000	0.1	54	0.050722
5000	0.1	51	0.0509
5000	0.1	66	0.044206
5000	0.1	64	0.043449
5000	0.1	60	0.049006
5000	0.1	65	0.038732
5000	0.1	56	0.044896
5000	0.1	62	0.048839
5000	0.1	66	0.048653
5000	0.1	54	0.04919
5000	0.1	60	0.045314
5000	0.1	51	0.108408
5000	0.1	55	0.048562
5000	0.1	51	0.050685
5000	0.1	62	0.042626
5000	0.1	48	0.050078
5000	0.1	62	0.047516
5000	0.1	55	0.047979
5000	0.1	56	0.05047
5000	0.1	65	0.043481
5000	0.1	58	0.047043
5000	0.1	53	0.048435
5000	0.1	63	0.040392
5000	0.1	67	0.079376
5000	0.1	59	0.056737
5000	0.1	51	0.052291

6000	0.1	60	0.068044
6000	0.1	58	0.065479
6000	0.1	45	0.154199
6000	0.1	50	0.07454
6000	0.1	55	0.080044
6000	0.1	58	0.083199
6000	0.1	48	0.072881
6000	0.1	61	0.066299
6000	0.1	48	0.07963
6000	0.1	53	0.07342
6000	0.1	53	0.093039
6000	0.1	48	0.123017
6000	0.1	71	0.05949
6000	0.1	60	0.070264
6000	0.1	62	0.058862
6000	0.1	42	0.093019
6000	0.1	51	0.106721
6000	0.1	59	0.068442
6000	0.1	62	0.058631
6000	0.1	55	0.072419
6000	0.1	42	0.097519
6000	0.1	62	0.068282
6000	0.1	64	0.06464
6000	0.1	63	0.064246
6000	0.1	62	0.10324
6000	0.1	56	0.075849
6000	0.1	58	0.070431
6000	0.1	59	0.064565
6000	0.1	55	0.064191
6000	0.1	58	0.068489

7000	0.1	53	0.155473
7000	0.1	62	0.088749
7000	0.1	47	0.116742
7000	0.1	61	0.125645
7000	0.1	55	0.100146
7000	0.1	67	0.077476
7000	0.1	59	0.091877
7000	0.1	50	0.099056
7000	0.1	47	0.102085
7000	0.1	49	0.121052
7000	0.1	59	0.096441
7000	0.1	58	0.0937
7000	0.1	68	0.102712
7000	0.1	64	0.079861
7000	0.1	58	0.106998
7000	0.1	72	0.086076
7000	0.1	65	0.082105
7000	0.1	59	0.161654
7000	0.1	71	0.079464
7000	0.1	63	0.092654
7000	0.1	37	0.145229
7000	0.1	53	0.096698
7000	0.1	50	0.097266
7000	0.1	60	0.091405
7000	0.1	60	0.091774
7000	0.1	64	0.087602
7000	0.1	63	0.095812
7000	0.1	49	0.09831
7000	0.1	48	0.188818
7000	0.1	58	0.100293

8000	0.1	55	0.200845
8000	0.1	58	0.112902
8000	0.1	58	0.125405
8000	0.1	57	0.130315
8000	0.1	56	0.192254
8000	0.1	60	0.122292
8000	0.1	52	0.126322
8000	0.1	54	0.135037
8000	0.1	53	0.134244
8000	0.1	48	0.128271
8000	0.1	58	0.1148
8000	0.1	67	0.107506
8000	0.1	65	0.112833
8000	0.1	47	0.130778
8000	0.1	64	0.150641
8000	0.1	63	0.128662
8000	0.1	69	0.107355
8000	0.1	64	0.118449
8000	0.1	55	0.166132
8000	0.1	65	0.109809
8000	0.1	45	0.123711
8000	0.1	65	0.105819
8000	0.1	63	0.127261
8000	0.1	64	0.111702
8000	0.1	60	0.11505
8000	0.1	46	0.168392
8000	0.1	71	0.099241
8000	0.1	68	0.117106
8000	0.1	63	0.111434
8000	0.1	44	0.141117

9000	0.1	71	0.124933
9000	0.1	66	0.134191
9000	0.1	58	0.167885
9000	0.1	65	0.141723
9000	0.1	40	0.217446
9000	0.1	64	0.162499
9000	0.1	55	0.169889
9000	0.1	66	0.214112
9000	0.1	64	0.137255
9000	0.1	58	0.157414
9000	0.1	59	0.184705
9000	0.1	58	0.146113
9000	0.1	44	0.209446
9000	0.1	45	0.22198
9000	0.1	56	0.145087
9000	0.1	59	0.187997
9000	0.1	45	0.193615
9000	0.1	61	0.158735
9000	0.1	69	0.227181
9000	0.1	40	0.208781
9000	0.1	60	0.155406
9000	0.1	48	0.182488
9000	0.1	58	0.152423
9000	0.1	61	0.14812
9000	0.1	52	0.160158
9000	0.1	51	0.151868
9000	0.1	54	0.196815
9000	0.1	66	0.134162
9000	0.1	47	0.185837
9000	0.1	65	0.176064

10000	0.1	52	0.269037
10000	0.1	74	0.147224
10000	0.1	65	0.171426
10000	0.1	69	0.155625
10000	0.1	55	0.244161
10000	0.1	55	0.197168
10000	0.1	68	0.179858
10000	0.1	64	0.177238
10000	0.1	65	0.177711
10000	0.1	52	0.231559
10000	0.1	51	0.207686
10000	0.1	62	0.192777
10000	0.1	65	0.18628
10000	0.1	66	0.18679
10000	0.1	63	0.212262
10000	0.1	54	0.198711
10000	0.1	40	0.248464
10000	0.1	52	0.190976
10000	0.1	58	0.219064
10000	0.1	60	0.178729
10000	0.1	66	0.170981
10000	0.1	74	0.19316
10000	0.1	58	0.210633
10000	0.1	68	0.168831
10000	0.1	45	0.244104
10000	0.1	49	0.216317
10000	0.1	47	0.25196
10000	0.1	61	0.250203
10000	0.1	59	0.183301
10000	0.1	54	0.206793

11000	0.1	68	0.211325
11000	0.1	60	0.284223
11000	0.1	43	0.260721
11000	0.1	54	0.226796
11000	0.1	67	0.224152
11000	0.1	47	0.246741
11000	0.1	58	0.220013
11000	0.1	54	0.286361
11000	0.1	60	0.274683
11000	0.1	66	0.214279
11000	0.1	62	0.207834
11000	0.1	58	0.260244
11000	0.1	63	0.207622
11000	0.1	61	0.254083
11000	0.1	52	0.280581
11000	0.1	77	0.17884
11000	0.1	56	0.247252
11000	0.1	52	0.306019
11000	0.1	59	0.218624
11000	0.1	64	0.20243
11000	0.1	49	0.300419
11000	0.1	59	0.225557
11000	0.1	53	0.265144
11000	0.1	66	0.217388
11000	0.1	55	0.256868
11000	0.1	62	0.236064
11000	0.1	63	0.295994
11000	0.1	75	0.255033
11000	0.1	60	0.252341
11000	0.1	59	0.238753

12000	0.1	64	0.30548
12000	0.1	53	0.281904
12000	0.1	65	0.257353
12000	0.1	67	0.256691
12000	0.1	68	0.253126
12000	0.1	70	0.228266
12000	0.1	61	0.261766
12000	0.1	53	0.27155
12000	0.1	51	0.306889
12000	0.1	55	0.31619
12000	0.1	63	0.24419
12000	0.1	53	0.249926
12000	0.1	46	0.362985
12000	0.1	65	0.267119
12000	0.1	62	0.25198
12000	0.1	65	0.236151
12000	0.1	57	0.281627
12000	0.1	52	0.287545
12000	0.1	58	0.282322
12000	0.1	67	0.284952
12000	0.1	60	0.248296
12000	0.1	62	0.240196
12000	0.1	57	0.269575
12000	0.1	52	0.323881
12000	0.1	58	0.278956
12000	0.1	54	0.269715
12000	0.1	52	0.301171
12000	0.1	53	0.383815
12000	0.1	60	0.326455
12000	0.1	48	0.330028

13000	0.1	67	0.349938
13000	0.1	43	0.431805
13000	0.1	67	0.306141
13000	0.1	64	0.276507
13000	0.1	62	0.320719
13000	0.1	56	0.378161
13000	0.1	67	0.328972
13000	0.1	64	0.298734
13000	0.1	54	0.306651
13000	0.1	69	0.285732
13000	0.1	48	0.394178
13000	0.1	57	0.389404
13000	0.1	54	0.386815
13000	0.1	52	0.312407
13000	0.1	64	0.316854
13000	0.1	61	0.318431
13000	0.1	42	0.447397
13000	0.1	64	0.317893
13000	0.1	61	0.382212
13000	0.1	55	0.367901
13000	0.1	51	0.380333
13000	0.1	59	0.359348
13000	0.1	46	0.384606
13000	0.1	57	0.375992
13000	0.1	68	0.301032
13000	0.1	50	0.339973
13000	0.1	66	0.269991
13000	0.1	66	0.297536
13000	0.1	53	0.351505
13000	0.1	64	0.292493

14000	0.1	66	0.37306
14000	0.1	66	0.352534
14000	0.1	57	0.382741
14000	0.1	45	0.557697
14000	0.1	65	0.320786
14000	0.1	54	0.381426
14000	0.1	65	0.32741
14000	0.1	69	0.315256
14000	0.1	61	0.366682
14000	0.1	53	0.408203
14000	0.1	67	0.30969
14000	0.1	65	0.324162
14000	0.1	71	0.300094
14000	0.1	47	0.413382
14000	0.1	56	0.377356
14000	0.1	64	0.358919
14000	0.1	62	0.405744
14000	0.1	53	0.369645
14000	0.1	68	0.402351
14000	0.1	59	0.40821
14000	0.1	64	0.410221
14000	0.1	64	0.38912
14000	0.1	53	0.449765
14000	0.1	67	0.358638
14000	0.1	64	0.342204
14000	0.1	67	0.353174
14000	0.1	65	0.338881
14000	0.1	55	0.453067
14000	0.1	70	0.306308
14000	0.1	60	0.344874

15000	0.1	65	0.402133
15000	0.1	50	0.506692
15000	0.1	53	0.51628
15000	0.1	51	0.4704
15000	0.1	67	0.485947
15000	0.1	55	0.429055
15000	0.1	61	0.437923
15000	0.1	63	0.473637
15000	0.1	72	0.37888
15000	0.1	63	0.425038
15000	0.1	54	0.475036
15000	0.1	52	0.506881
15000	0.1	68	0.391976
15000	0.1	69	0.365371
15000	0.1	46	0.626898
15000	0.1	47	0.462807
15000	0.1	59	0.424046
15000	0.1	62	0.470255
15000	0.1	62	0.41508
15000	0.1	59	0.424296
15000	0.1	53	0.459406
15000	0.1	60	0.4899
15000	0.1	54	0.528683
15000	0.1	43	0.618093
15000	0.1	56	0.411681
15000	0.1	65	0.419125
15000	0.1	59	0.430795
15000	0.1	50	0.446933
15000	0.1	69	0.398784
15000	0.1	56	0.424482

16000	0.1	66	0.47073
16000	0.1	49	0.542109
16000	0.1	59	0.456262
16000	0.1	59	0.506246
16000	0.1	62	0.4591
16000	0.1	48	0.549186
16000	0.1	68	0.393614
16000	0.1	60	0.491451
16000	0.1	67	0.414051
16000	0.1	61	0.547492
16000	0.1	54	0.522802
16000	0.1	51	0.491652
16000	0.1	64	0.437453
16000	0.1	58	0.448242
16000	0.1	67	0.451452
16000	0.1	58	0.615464
16000	0.1	53	0.569117
16000	0.1	48	0.54036
16000	0.1	71	0.4196
16000	0.1	71	0.401281
16000	0.1	70	0.462303
16000	0.1	59	0.456753
16000	0.1	59	0.526563
16000	0.1	56	0.460388
16000	0.1	51	0.508997
16000	0.1	54	0.481279
16000	0.1	58	0.52157
16000	0.1	54	0.540246
16000	0.1	63	0.463859
16000	0.1	58	0.449557

17000	0.1	51	0.59195
17000	0.1	68	0.547427
17000	0.1	60	0.509344
17000	0.1	55	0.552872
17000	0.1	68	0.493364
17000	0.1	52	0.585588
17000	0.1	49	0.573335
17000	0.1	61	0.487695
17000	0.1	76	0.424369
17000	0.1	65	0.449993
17000	0.1	57	0.613465
17000	0.1	59	0.4823
17000	0.1	71	0.487227
17000	0.1	55	0.593443
17000	0.1	54	0.579369
17000	0.1	65	0.523501
17000	0.1	59	0.557387
17000	0.1	68	0.48553
17000	0.1	57	0.537795
17000	0.1	68	0.472078
17000	0.1	70	0.491489
17000	0.1	70	0.568863
17000	0.1	48	0.706494
17000	0.1	46	0.593339
17000	0.1	71	0.501979
17000	0.1	57	0.634156
17000	0.1	52	0.528443
17000	0.1	64	0.493225
17000	0.1	55	0.563404
17000	0.1	68	0.487282

18000	0.1	62	0.577052
18000	0.1	57	0.56633
18000	0.1	68	0.652762
18000	0.1	55	0.586754
18000	0.1	62	0.53721
18000	0.1	55	0.630203
18000	0.1	58	0.642991
18000	0.1	51	0.688141
18000	0.1	56	0.618246
18000	0.1	71	0.565677
18000	0.1	46	0.647469
18000	0.1	71	0.536658
18000	0.1	50	0.641799
18000	0.1	52	0.710158
18000	0.1	74	0.540018
18000	0.1	56	0.70121
18000	0.1	67	0.559935
18000	0.1	72	0.614006
18000	0.1	58	0.57823
18000	0.1	61	0.564104
18000	0.1	52	0.6279
18000	0.1	69	0.512949
18000	0.1	59	0.70923
18000	0.1	54	0.704751
18000	0.1	70	0.631665
18000	0.1	57	0.634085
18000	0.1	64	0.604591
18000	0.1	61	0.645864
18000	0.1	62	0.596199
18000	0.1	67	0.522836

19000	0.1	44	0.986018
19000	0.1	51	0.753937
19000	0.1	63	0.765008
19000	0.1	48	0.750554
19000	0.1	61	0.684359
19000	0.1	48	0.831993
19000	0.1	53	0.719827
19000	0.1	63	0.731768
19000	0.1	65	0.570261
19000	0.1	72	0.595312
19000	0.1	66	0.642457
19000	0.1	51	0.902229
19000	0.1	63	0.58386
19000	0.1	56	0.750838
19000	0.1	69	0.630123
19000	0.1	70	0.579439
19000	0.1	53	0.693962
19000	0.1	48	0.864415
19000	0.1	57	0.696633
19000	0.1	68	0.622218
19000	0.1	51	0.70617
19000	0.1	64	0.683799
19000	0.1	41	0.987995
19000	0.1	55	0.68495
19000	0.1	55	0.71069
19000	0.1	69	0.594465
19000	0.1	58	0.657108
19000	0.1	56	0.690603
19000	0.1	62	0.615028
19000	0.1	52	0.740967

20000	0.1	51	0.945755
20000	0.1	55	0.852926
20000	0.1	72	0.644567
20000	0.1	67	0.65956
20000	0.1	47	0.96156
20000	0.1	58	0.769604
20000	0.1	49	0.942369
20000	0.1	56	0.817841
20000	0.1	57	0.855312
20000	0.1	69	0.636265
20000	0.1	67	0.747802
20000	0.1	65	0.72991
20000	0.1	59	0.695866
20000	0.1	55	0.811008
20000	0.1	54	0.731673
20000	0.1	52	0.810091
20000	0.1	56	0.837035
20000	0.1	64	0.693872
20000	0.1	60	0.744765
20000	0.1	53	0.787226
20000	0.1	72	0.663786
20000	0.1	55	0.908089
20000	0.1	51	0.868975
20000	0.1	67	0.696544
20000	0.1	50	0.929649
20000	0.1	62	0.751949
20000	0.1	50	0.851828
20000	0.1	71	0.664312
20000	0.1	53	0.784072
20000	0.1	56	0.814758

21000	0.1	48	0.966888
21000	0.1	45	0.847408
21000	0.1	66	0.796413
21000	0.1	62	0.796738
21000	0.1	67	0.709294
21000	0.1	59	0.823358
21000	0.1	65	0.915716
21000	0.1	58	0.779689
21000	0.1	65	0.783944
21000	0.1	46	0.924153
21000	0.1	66	0.726754
21000	0.1	71	0.738995
21000	0.1	58	0.851276
21000	0.1	60	0.932676
21000	0.1	49	0.99829
21000	0.1	69	0.780082
21000	0.1	61	0.73208
21000	0.1	64	0.866639
21000	0.1	64	0.729235
21000	0.1	77	0.603726
21000	0.1	59	0.826556
21000	0.1	65	0.712711
21000	0.1	56	0.76417
21000	0.1	44	0.994743
21000	0.1	69	0.759706
21000	0.1	65	0.938687
21000	0.1	69	0.748489
21000	0.1	53	0.862678
21000	0.1	61	0.811634
21000	0.1	52	0.863374

22000	0.1	66	0.928987
22000	0.1	63	0.829442
22000	0.1	70	0.812986
22000	0.1	67	0.875795
22000	0.1	71	0.793155
22000	0.1	59	0.877437
22000	0.1	74	0.742011
22000	0.1	66	0.804221
22000	0.1	52	0.967216
22000	0.1	57	0.905335
22000	0.1	55	1.07731
22000	0.1	57	0.968613
22000	0.1	68	0.788955
22000	0.1	61	0.814924
22000	0.1	68	0.88651
22000	0.1	56	0.852339
22000	0.1	51	0.982666
22000	0.1	71	0.82827
22000	0.1	63	0.892151
22000	0.1	59	1.06199
22000	0.1	58	0.87607
22000	0.1	57	0.901206
22000	0.1	58	0.91579
22000	0.1	53	0.904085
22000	0.1	66	0.795305
22000	0.1	56	1.03403
22000	0.1	66	0.8106
22000	0.1	61	1.01921
22000	0.1	60	0.89591
22000	0.1	54	0.990218

23000	0.1	70	0.830821
23000	0.1	58	1.05222
23000	0.1	64	0.98621
23000	0.1	49	1.04917
23000	0.1	58	1.02403
23000	0.1	69	0.956572
23000	0.1	45	1.17685
23000	0.1	51	1.1568
23000	0.1	61	0.871669
23000	0.1	54	1.02895
23000	0.1	70	0.799888
23000	0.1	64	1.06099
23000	0.1	55	0.959212
23000	0.1	67	1.02522
23000	0.1	46	1.08009
23000	0.1	53	1.01236
23000	0.1	66	0.917212
23000	0.1	51	1.17774
23000	0.1	55	1.02932
23000	0.1	62	0.99507
23000	0.1	52	0.982153
23000	0.1	59	0.964441
23000	0.1	43	1.31156
23000	0.1	74	0.854167
23000	0.1	60	0.955877
23000	0.1	46	1.15822
23000	0.1	59	1.04544
23000	0.1	69	0.96606
23000	0.1	54	1.14636
23000	0.1	65	0.845685

24000	0.1	65	1.05727
24000	0.1	51	1.21865
24000	0.1	65	0.961754
24000	0.1	72	0.861919
24000	0.1	66	0.917981
24000	0.1	60	1.01831
24000	0.1	52	1.31552
24000	0.1	56	1.11389
24000	0.1	66	1.02688
24000	0.1	70	1.00265
24000	0.1	65	1.03492
24000	0.1	57	1.04427
24000	0.1	68	1.02065
24000	0.1	49	1.39908
24000	0.1	51	1.42689
24000	0.1	68	1.08345
24000	0.1	72	1.02794
24000	0.1	53	1.10685
24000	0.1	67	0.962051
24000	0.1	61	1.01108
24000	0.1	56	0.996763
24000	0.1	63	0.978029
24000	0.1	54	1.17801
24000	0.1	51	1.13373
24000	0.1	64	1.10607
24000	0.1	66	1.04038
24000	0.1	49	1.19911
24000	0.1	71	0.913353
24000	0.1	62	0.949789
24000	0.1	53	1.11898

25000	0.1	72	1.09098
25000	0.1	39	1.53125
25000	0.1	57	1.13061
25000	0.1	65	1.25857
25000	0.1	53	1.40947
25000	0.1	73	0.940711
25000	0.1	73	1.00918
25000	0.1	49	1.2079
25000	0.1	58	1.16077
25000	0.1	71	1.11844
25000	0.1	65	1.15392
25000	0.1	43	1.50247
25000	0.1	63	1.17997
25000	0.1	64	1.08434
25000	0.1	69	0.976985
25000	0.1	50	1.17077
25000	0.1	66	1.15046
25000	0.1	68	1.06238
25000	0.1	54	1.16041
25000	0.1	67	1.07796
25000	0.1	67	1.10802
25000	0.1	67	1.04766
25000	0.1	67	1.05485
25000	0.1	63	1.09288
25000	0.1	68	1.10172
25000	0.1	52	1.39666
25000	0.1	62	1.19448
25000	0.1	70	0.99579
25000	0.1	63	1.19628
25000	0.1	69	1.0805

26000	0.1	65	1.22231
26000	0.1	58	1.29107
26000	0.1	57	1.2736
26000	0.1	70	1.11836
26000	0.1	42	1.43643
26000	0.1	64	1.33397
26000	0.1	69	1.11673
26000	0.1	59	1.14428
26000	0.1	74	1.16328
26000	0.1	71	1.10296
26000	0.1	63	1.36066
26000	0.1	62	1.19377
26000	0.1	54	1.34733
26000	0.1	66	1.17556
26000	0.1	70	1.04532
26000	0.1	64	1.14473
26000	0.1	67	1.09204
26000	0.1	70	1.11592
26000	0.1	69	1.18044
26000	0.1	64	1.21765
26000	0.1	59	1.18788
26000	0.1	66	1.23348
26000	0.1	60	1.7907
26000	0.1	62	1.33694
26000	0.1	72	1.17265
26000	0.1	66	1.1218
26000	0.1	46	1.6653
26000	0.1	59	1.2607
26000	0.1	51	1.30304
26000	0.1	48	1.39611

27000	0.1	53	1.67094
27000	0.1	70	1.19246
27000	0.1	60	1.26451
27000	0.1	58	1.34897
27000	0.1	68	1.20629
27000	0.1	67	1.16779
27000	0.1	43	2.1369
27000	0.1	74	1.20846
27000	0.1	65	1.21595
27000	0.1	63	1.24522
27000	0.1	61	1.31602
27000	0.1	56	1.71514
27000	0.1	67	1.25867
27000	0.1	55	1.44307
27000	0.1	45	1.71296
27000	0.1	67	1.26152
27000	0.1	72	1.13341
27000	0.1	59	1.22008
27000	0.1	52	1.4805
27000	0.1	63	1.33038
27000	0.1	77	1.27751
27000	0.1	74	1.17489
27000	0.1	67	1.19442
27000	0.1	60	1.32922
27000	0.1	70	1.28827
27000	0.1	54	1.60108
27000	0.1	61	1.32751
27000	0.1	60	1.327
27000	0.1	65	1.2141
27000	0.1	61	1.66849

28000	0.1	65	1.64539
28000	0.1	65	1.46239
28000	0.1	48	1.67174
28000	0.1	68	1.32722
28000	0.1	63	1.4013
28000	0.1	63	1.40835
28000	0.1	67	1.32033
28000	0.1	68	1.32174
28000	0.1	57	1.61548
28000	0.1	74	1.3733
28000	0.1	77	1.2175
28000	0.1	62	1.43702
28000	0.1	70	1.30002
28000	0.1	68	1.31676
28000	0.1	57	1.49391
28000	0.1	72	1.18758
28000	0.1	45	1.78501
28000	0.1	62	1.36779
28000	0.1	69	1.41716
28000	0.1	73	1.25409
28000	0.1	63	1.38032
28000	0.1	63	1.4333
28000	0.1	68	1.29209
28000	0.1	71	1.29474
28000	0.1	51	1.60632
28000	0.1	74	1.26365
28000	0.1	70	1.27666
28000	0.1	70	1.20397
28000	0.1	62	1.71982
28000	0.1	47	2.26304

29000	0.1	39	2.4039
29000	0.1	76	1.39421
29000	0.1	67	1.38629
29000	0.1	54	1.65812
29000	0.1	67	1.46831
29000	0.1	60	1.67904
29000	0.1	55	1.7732
29000	0.1	55	1.61928
29000	0.1	69	1.52425
29000	0.1	61	1.65684
29000	0.1	57	1.63091
29000	0.1	53	1.56801
29000	0.1	68	1.40686
29000	0.1	59	1.49325
29000	0.1	62	1.61314
29000	0.1	57	1.59773
29000	0.1	60	1.59643
29000	0.1	52	1.76539
29000	0.1	56	1.68679
29000	0.1	66	1.38687
29000	0.1	64	1.4044
29000	0.1	67	1.64798
29000	0.1	68	1.51126
29000	0.1	56	1.77624
29000	0.1	48	1.87171
29000	0.1	56	1.5637
29000	0.1	46	1.99305
29000	0.1	51	1.91086
29000	0.1	60	1.6198
29000	0.1	55	1.67407

30000	0.1	61	1.58653
30000	0.1	62	1.56457
30000	0.1	70	1.43679
30000	0.1	68	1.51994
30000	0.1	79	1.35622
30000	0.1	72	1.3817
30000	0.1	67	1.59294
30000	0.1	40	2.43693
30000	0.1	66	1.64494
30000	0.1	58	1.60951
30000	0.1	64	1.58467
30000	0.1	73	1.5197
30000	0.1	70	1.55903
30000	0.1	53	1.96119
30000	0.1	67	1.51251
30000	0.1	61	1.62036
30000	0.1	69	1.56999
30000	0.1	56	1.89312
30000	0.1	50	1.63815
30000	0.1	77	1.43986
30000	0.1	56	1.83856
30000	0.1	66	1.60888
30000	0.1	66	1.57434
30000	0.1	67	1.6056
30000	0.1	61	1.76997
30000	0.1	55	1.94703
30000	0.1	68	1.53648
30000	0.1	65	1.67329
30000	0.1	74	1.453
30000	0.1	72	1.49004

