1000	0.2	22	0.004347
1000	0.2	22	0.004757
1000	0.2	21	0.004813
1000	0.2	24	0.00452
1000	0.2	22	0.004794
1000	0.2	22	0.004839
1000	0.2	22	0.004798
1000	0.2	22	0.004723
1000	0.2	20	0.004781
1000	0.2	22	0.00486
1000	0.2	23	0.00468
1000	0.2	22	0.005235
1000	0.2	22	0.004726
1000	0.2	23	0.00478
1000	0.2	21	0.004751
1000	0.2	22	0.004828
1000	0.2	22	0.004707
1000	0.2	23	0.004774
1000	0.2	22	0.004813
1000	0.2	23	0.004754
1000	0.2	21	0.004808
1000	0.2	21	0.004772
1000	0.2	22	0.00468
1000	0.2	20	0.004818
1000	0.2	22	0.004995
1000	0.2	22	0.004744
1000	0.2	21	0.004766
1000	0.2	22	0.004809
1000	0.2	24	0.004852
1000	0.2	22	0.004854

2000	0.2	23	0.015126
2000	0.2	24	0.015602
2000	0.2	23	0.0156
2000	0.2	25	0.016051
2000	0.2	22	0.015686
2000	0.2	25	0.016289
2000	0.2	21	0.016015
2000	0.2	24	0.028188
2000	0.2	22	0.015704
2000	0.2	23	0.015983
2000	0.2	22	0.015525
2000	0.2	25	0.015992
2000	0.2	23	0.015468
2000	0.2	24	0.015733
2000	0.2	22	0.015734
2000	0.2	23	0.047775
2000	0.2	23	0.015643
2000	0.2	23	0.015778
2000	0.2	24	0.015688
2000	0.2	22	0.016296
2000	0.2	24	0.015588
2000	0.2	22	0.015932
2000	0.2	24	0.015699
2000	0.2	24	0.015377
2000	0.2	23	0.01591
2000	0.2	25	0.015651
2000	0.2	23	0.015822
2000	0.2	21	0.02745
2000	0.2	24	0.0158
2000	0.2	24	0.015805

3000	0.2	22	0.032696
3000	0.2	25	0.033895
3000	0.2	22	0.032554
3000	0.2	26	0.032725
3000	0.2	27	0.032601
3000	0.2	22	0.032572
3000	0.2	23	0.082454
3000	0.2	23	0.032833
3000	0.2	24	0.033002
3000	0.2	23	0.033347
3000	0.2	24	0.033035
3000	0.2	23	0.032936
3000	0.2	25	0.032453
3000	0.2	24	0.032741
3000	0.2	25	0.032551
3000	0.2	22	0.033183
3000	0.2	24	0.032879
3000	0.2	22	0.032901
3000	0.2	25	0.032668
3000	0.2	24	0.032694
3000	0.2	25	0.032577
3000	0.2	24	0.032984
3000	0.2	24	0.032892
3000	0.2	25	0.033573
3000	0.2	24	0.033116
3000	0.2	26	0.032083
3000	0.2	25	0.032653
3000	0.2	23	0.033219
3000	0.2	23	0.032991
3000	0.2	26	0.032666

4000	0.2	23	0.057934
4000	0.2	25	0.055785
4000	0.2	23	0.056876
4000	0.2	24	0.056159
4000	0.2	25	0.117272
4000	0.2	23	0.056355
4000	0.2	24	0.056391
4000	0.2	25	0.056638
4000	0.2	24	0.057114
4000	0.2	24	0.056924
4000	0.2	23	0.055898
4000	0.2	25	0.056594
4000	0.2	23	0.073175
4000	0.2	25	0.056401
4000	0.2	23	0.05686
4000	0.2	24	0.07388
4000	0.2	23	0.056327
4000	0.2	24	0.05629
4000	0.2	23	0.056127
4000	0.2	23	0.056001
4000	0.2	24	0.072061
4000	0.2	26	0.056253
4000	0.2	23	0.056139
4000	0.2	24	0.057966
4000	0.2	24	0.056842
4000	0.2	24	0.055524
4000	0.2	20	0.05625
4000	0.2	24	0.056842
4000	0.2	24	0.055995
4000	0.2	22	0.056162

5000	0.2	23	0.084457
5000	0.2	25	0.138683
5000	0.2	25	0.085699
5000	0.2	26	0.085833
5000	0.2	26	0.086844
5000	0.2	25	0.086137
5000	0.2	23	0.085743
5000	0.2	23	0.086329
5000	0.2	24	0.085906
5000	0.2	24	0.086081
5000	0.2	24	0.087371
5000	0.2	26	0.15424
5000	0.2	22	0.087497
5000	0.2	27	0.085128
5000	0.2	24	0.084678
5000	0.2	25	0.0867
5000	0.2	27	0.085508
5000	0.2	23	0.085081
5000	0.2	25	0.087796
5000	0.2	26	0.085389
5000	0.2	24	0.085313
5000	0.2	24	0.087872
5000	0.2	25	0.084791
5000	0.2	25	0.085998
5000	0.2	23	0.087882
5000	0.2	24	0.15128
5000	0.2	24	0.085939
5000	0.2	25	0.0871
5000	0.2	23	0.085276
5000	0.2	22	0.085658

6000	0.2	25	0.187748
6000	0.2	25	0.120615
6000	0.2	25	0.120999
6000	0.2	25	0.121195
6000	0.2	25	0.121237
6000	0.2	24	0.121097
6000	0.2	26	0.143268
6000	0.2	26	0.122696
6000	0.2	28	0.121387
6000	0.2	26	0.122921
6000	0.2	25	0.120466
6000	0.2	26	0.121394
6000	0.2	22	0.123266
6000	0.2	25	0.120544
6000	0.2	25	0.132364
6000	0.2	25	0.121025
6000	0.2	23	0.121827
6000	0.2	24	0.123517
6000	0.2	25	0.120178
6000	0.2	26	0.121062
6000	0.2	24	0.11996
6000	0.2	26	0.12094
6000	0.2	25	0.120599
6000	0.2	26	0.120857
6000	0.2	26	0.124088
6000	0.2	25	0.120747
6000	0.2	23	0.121236
6000	0.2	24	0.121539
6000	0.2	24	0.121922
6000	0.2	25	0.155056

7000	0.2	23	0.226417
7000	0.2	25	0.162176
7000	0.2	24	0.163865
7000	0.2	29	0.162852
7000	0.2	24	0.161161
7000	0.2	24	0.162659
7000	0.2	25	0.232637
7000	0.2	24	0.162383
7000	0.2	24	0.165247
7000	0.2	26	0.163278
7000	0.2	24	0.163549
7000	0.2	26	0.16258
7000	0.2	24	0.163515
7000	0.2	25	0.163192
7000	0.2	24	0.229216
7000	0.2	25	0.162846
7000	0.2	25	0.16289
7000	0.2	25	0.162774
7000	0.2	25	0.162269
7000	0.2	26	0.174524
7000	0.2	24	0.16056
7000	0.2	23	0.162861
7000	0.2	25	0.161588
7000	0.2	24	0.162656
7000	0.2	25	0.162581
7000	0.2	26	0.163089
7000	0.2	21	0.163086
7000	0.2	26	0.162886
7000	0.2	23	0.161615
7000	0.2	25	0.163345

8000	0.2	25	0.208089
8000	0.2	25	0.20975
8000	0.2	25	0.212138
8000	0.2	26	0.277045
8000	0.2	26	0.209506
8000	0.2	24	0.210488
8000	0.2	25	0.211907
8000	0.2	25	0.212062
8000	0.2	24	0.210509
8000	0.2	26	0.279577
8000	0.2	25	0.208863
8000	0.2	26	0.2111
8000	0.2	22	0.212959
8000	0.2	24	0.277882
8000	0.2	23	0.209129
8000	0.2	27	0.213143
8000	0.2	24	0.210132
8000	0.2	24	0.209827
8000	0.2	25	0.210696
8000	0.2	25	0.211564
8000	0.2	24	0.210536
8000	0.2	25	0.210125
8000	0.2	23	0.212901
8000	0.2	25	0.209196
8000	0.2	24	0.210643
8000	0.2	26	0.211654
8000	0.2	26	0.211038
8000	0.2	23	0.21722
8000	0.2	23	0.213768
8000	0.2	25	0.219664

9000	0.2	24	0.264692
9000	0.2	25	0.264298
9000	0.2	25	0.270341
9000	0.2	28	0.28979
9000	0.2	25	0.289127
9000	0.2	24	0.272801
9000	0.2	24	0.285101
9000	0.2	25	0.272202
9000	0.2	25	0.301292
9000	0.2	24	0.350614
9000	0.2	24	0.317502
9000	0.2	26	0.32003
9000	0.2	25	0.313891
9000	0.2	25	0.331768
9000	0.2	25	0.321969
9000	0.2	26	0.300981
9000	0.2	28	0.270433
9000	0.2	23	0.265187
9000	0.2	25	0.27318
9000	0.2	25	0.290915
9000	0.2	25	0.263102
9000	0.2	26	0.304246
9000	0.2	24	0.277437
9000	0.2	23	0.29323
9000	0.2	27	0.280221
9000	0.2	25	0.276032
9000	0.2	23	0.287554
9000	0.2	23	0.29009
9000	0.2	26	0.301574
9000	0.2	22	0.289255

10000	0.2	23	0.375687
10000	0.2	24	0.365855
10000	0.2	24	0.365531
10000	0.2	26	0.33255
10000	0.2	27	0.330987
10000	0.2	26	0.326796
10000	0.2	27	0.331472
10000	0.2	25	0.321903
10000	0.2	25	0.345564
10000	0.2	27	0.376319
10000	0.2	26	0.324889
10000	0.2	26	0.327418
10000	0.2	23	0.322202
10000	0.2	26	0.327736
10000	0.2	24	0.335069
10000	0.2	25	0.330509
10000	0.2	24	0.330846
10000	0.2	23	0.322887
10000	0.2	25	0.329691
10000	0.2	25	0.327113
10000	0.2	24	0.327135
10000	0.2	25	0.349619
10000	0.2	25	0.327257
10000	0.2	25	0.3242
10000	0.2	26	0.322572
10000	0.2	26	0.323116
10000	0.2	25	0.325014
10000	0.2	26	0.334378
10000	0.2	25	0.325189
10000	0.2	24	0.327295

11000	0.2	23	0.388304
11000	0.2	25	0.395227
11000	0.2	25	0.395247
11000	0.2	23	0.390288
11000	0.2	26	0.394655
11000	0.2	24	0.462773
11000	0.2	27	0.4181
11000	0.2	26	0.409614
11000	0.2	26	0.41026
11000	0.2	26	0.411083
11000	0.2	27	0.449629
11000	0.2	24	0.412399
11000	0.2	22	0.393976
11000	0.2	26	0.423931
11000	0.2	24	0.426225
11000	0.2	27	0.404215
11000	0.2	26	0.430562
11000	0.2	25	0.402979
11000	0.2	24	0.40974
11000	0.2	26	0.412608
11000	0.2	25	0.397502
11000	0.2	25	0.400077
11000	0.2	24	0.400995
11000	0.2	23	0.396654
11000	0.2	25	0.400609
11000	0.2	27	0.403766
11000	0.2	23	0.410132
11000	0.2	27	0.40514
11000	0.2	27	0.394321
11000	0.2	24	0.393011

12000	0.2	24	0.461755
12000	0.2	24	0.4686
12000	0.2	24	0.4733
12000	0.2	25	0.471285
12000	0.2	27	0.470505
12000	0.2	26	0.474511
12000	0.2	25	0.471196
12000	0.2	27	0.477935
12000	0.2	26	0.488447
12000	0.2	27	0.510547
12000	0.2	25	0.48217
12000	0.2	26	0.469935
12000	0.2	24	0.471077
12000	0.2	27	0.472151
12000	0.2	25	0.469582
12000	0.2	25	0.48573
12000	0.2	27	0.486941
12000	0.2	23	0.474006
12000	0.2	24	0.469052
12000	0.2	25	0.481089
12000	0.2	23	0.45949
12000	0.2	25	0.460562
12000	0.2	26	0.468103
12000	0.2	26	0.459492
12000	0.2	26	0.467613
12000	0.2	27	0.472811
12000	0.2	24	0.46764
12000	0.2	27	0.484511
12000	0.2	26	0.472609
12000	0.2	25	0.479634

13000	0.2	24	0.539763
13000	0.2	25	0.556483
13000	0.2	24	0.555567
13000	0.2	26	0.541561
13000	0.2	27	0.614214
13000	0.2	26	0.54772
13000	0.2	25	0.560421
13000	0.2	25	0.555459
13000	0.2	27	0.557673
13000	0.2	28	0.555858
13000	0.2	28	0.560485
13000	0.2	26	0.556294
13000	0.2	26	0.555381
13000	0.2	27	0.562907
13000	0.2	26	0.612246
13000	0.2	26	0.544072
13000	0.2	26	0.543686
13000	0.2	24	0.54022
13000	0.2	25	0.54035
13000	0.2	27	0.545166
13000	0.2	25	0.541807
13000	0.2	26	0.566806
13000	0.2	24	0.547748
13000	0.2	23	0.537732
13000	0.2	26	0.538839
13000	0.2	25	0.536883
13000	0.2	24	0.610438
13000	0.2	26	0.543685
13000	0.2	27	0.542049
13000	0.2	26	0.549764

14000	0.2	23	0.627966
14000	0.2	26	0.652609
14000	0.2	24	0.65123
14000	0.2	25	0.644855
14000	0.2	27	0.6403
14000	0.2	28	0.63959
14000	0.2	25	0.64431
14000	0.2	27	0.647681
14000	0.2	23	0.68763
14000	0.2	26	0.642997
14000	0.2	27	0.630191
14000	0.2	25	0.626871
14000	0.2	26	0.624872
14000	0.2	26	0.632136
14000	0.2	26	0.690534
14000	0.2	26	0.630465
14000	0.2	25	0.623631
14000	0.2	24	0.688437
14000	0.2	25	0.624173
14000	0.2	25	0.630707
14000	0.2	25	0.623682
14000	0.2	25	0.636702
14000	0.2	26	0.626722
14000	0.2	25	0.62837
14000	0.2	26	0.624557
14000	0.2	25	0.687309
14000	0.2	25	0.630177
14000	0.2	24	0.634007
14000	0.2	24	0.623315
14000	0.2	25	0.62675

15000	0.2	25	0.711081
15000	0.2	25	0.784878
15000	0.2	26	0.733515
15000	0.2	26	0.71644
15000	0.2	27	0.718043
15000	0.2	26	0.718697
15000	0.2	27	0.718019
15000	0.2	25	0.715796
15000	0.2	23	0.726368
15000	0.2	25	0.718789
15000	0.2	25	0.713526
15000	0.2	25	0.723919
15000	0.2	25	0.716164
15000	0.2	27	0.71935
15000	0.2	27	0.714648
15000	0.2	27	0.719504
15000	0.2	26	0.722557
15000	0.2	24	0.71656
15000	0.2	23	0.713021
15000	0.2	24	0.717899
15000	0.2	25	0.714455
15000	0.2	24	0.715371
15000	0.2	25	0.748969
15000	0.2	25	0.71619
15000	0.2	26	0.713729
15000	0.2	27	0.711511
15000	0.2	25	0.716846
15000	0.2	24	0.793632
15000	0.2	24	0.716118
15000	0.2	26	0.71834

16000	0.2	25	0.825522
16000	0.2	27	0.821458
16000	0.2	25	0.821945
16000	0.2	26	0.82406
16000	0.2	27	0.898599
16000	0.2	24	0.832115
16000	0.2	26	0.851554
16000	0.2	27	0.822295
16000	0.2	25	0.849344
16000	0.2	26	0.877207
16000	0.2	28	0.928141
16000	0.2	27	0.944324
16000	0.2	22	0.832321
16000	0.2	28	0.843173
16000	0.2	24	0.848274
16000	0.2	25	0.824686
16000	0.2	23	0.822784
16000	0.2	25	0.82426
16000	0.2	24	0.832985
16000	0.2	25	0.827188
16000	0.2	26	0.817142
16000	0.2	24	0.826381
16000	0.2	24	0.83317
16000	0.2	25	0.834294
16000	0.2	24	0.881565
16000	0.2	27	0.819449
16000	0.2	26	0.816723
16000	0.2	25	0.83487
16000	0.2	24	0.816854
16000	0.2	25	0.815955

17000	0.2	25	0.933268
17000	0.2	24	0.92528
17000	0.2	24	0.919806
17000	0.2	25	0.985636
17000	0.2	26	0.922089
17000	0.2	25	0.921769
17000	0.2	24	0.918781
17000	0.2	26	0.914282
17000	0.2	25	0.916292
17000	0.2	26	0.919184
17000	0.2	25	0.916617
17000	0.2	26	0.919965
17000	0.2	23	0.913831
17000	0.2	27	0.920468
17000	0.2	25	0.980982
17000	0.2	26	0.919472
17000	0.2	26	0.916355
17000	0.2	23	0.909761
17000	0.2	23	0.91972
17000	0.2	25	0.920019
17000	0.2	26	0.918129
17000	0.2	24	0.916039
17000	0.2	25	0.920419
17000	0.2	24	0.920435
17000	0.2	24	0.920569
17000	0.2	29	0.914759
17000	0.2	26	0.932284
17000	0.2	26	0.922316
17000	0.2	24	0.918523
17000	0.2	25	0.992588

18000	0.2	26	1.02852
18000	0.2	25	1.04939
18000	0.2	24	1.03049
18000	0.2	26	1.0296
18000	0.2	26	1.02388
18000	0.2	24	1.02729
18000	0.2	26	1.02928
18000	0.2	25	1.02169
18000	0.2	26	1.0318
18000	0.2	24	1.0286
18000	0.2	25	1.03424
18000	0.2	26	1.08683
18000	0.2	22	1.04848
18000	0.2	26	1.08906
18000	0.2	24	1.03713
18000	0.2	26	1.03759
18000	0.2	21	1.03382
18000	0.2	23	1.0408
18000	0.2	25	1.02284
18000	0.2	26	1.02709
18000	0.2	25	1.03366
18000	0.2	25	1.03412
18000	0.2	26	1.0324
18000	0.2	25	1.02648
18000	0.2	23	1.0976
18000	0.2	26	1.05437
18000	0.2	24	1.03798
18000	0.2	26	1.07864
18000	0.2	24	1.03355
18000	0.2	26	1.07781

19000	0.2	26	1.16086
19000	0.2	24	1.15592
19000	0.2	26	1.15829
19000	0.2	26	1.17331
19000	0.2	26	1.23209
19000	0.2	24	1.18363
19000	0.2	26	1.33766
19000	0.2	25	1.27448
19000	0.2	26	1.22939
19000	0.2	25	1.17807
19000	0.2	25	1.16821
19000	0.2	23	1.19222
19000	0.2	25	1.15873
19000	0.2	26	1.14894
19000	0.2	27	1.27241
19000	0.2	26	1.21991
19000	0.2	23	1.14875
19000	0.2	25	1.19011
19000	0.2	25	1.16946
19000	0.2	26	1.19911
19000	0.2	24	1.14831
19000	0.2	24	1.15149
19000	0.2	27	1.16756
19000	0.2	25	1.21439
19000	0.2	23	1.178
19000	0.2	26	1.13061
19000	0.2	25	1.13522
19000	0.2	26	1.16777
19000	0.2	23	1.17453
19000	0.2	26	1.15169

20000	0.2	25	1.26701
20000	0.2	23	1.27498
20000	0.2	26	1.27871
20000	0.2	26	1.27029
20000	0.2	26	1.31319
20000	0.2	26	1.31395
20000	0.2	26	1.2682
20000	0.2	25	1.26215
20000	0.2	27	1.36415
20000	0.2	25	1.28308
20000	0.2	26	1.26199
20000	0.2	25	1.26239
20000	0.2	24	1.26829
20000	0.2	27	1.26465
20000	0.2	23	1.25504
20000	0.2	25	1.31591
20000	0.2	26	1.25625
20000	0.2	23	1.26179
20000	0.2	25	1.26101
20000	0.2	26	1.26374
20000	0.2	26	1.26066
20000	0.2	24	1.25842
20000	0.2	26	1.26607
20000	0.2	25	1.25694
20000	0.2	24	1.26117
20000	0.2	27	1.25123
20000	0.2	24	1.25467
20000	0.2	27	1.27006
20000	0.2	23	1.25885
20000	0.2	26	1.26362

21000	0.2	27	1.42734
21000	0.2	23	1.3857
21000	0.2	26	1.3871
21000	0.2	25	1.4601
21000	0.2	27	1.39218
21000	0.2	25	1.40411
21000	0.2	26	1.40568
21000	0.2	25	1.39178
21000	0.2	26	1.40673
21000	0.2	26	1.41767
21000	0.2	25	1.43858
21000	0.2	23	1.40551
21000	0.2	24	1.40178
21000	0.2	26	1.41463
21000	0.2	25	1.41438
21000	0.2	25	1.53414
21000	0.2	21	1.42114
21000	0.2	24	1.41783
21000	0.2	25	1.39906
21000	0.2	25	1.40261
21000	0.2	27	1.43817
21000	0.2	25	1.43045
21000	0.2	26	1.41337
21000	0.2	25	1.42984
21000	0.2	24	1.4258
21000	0.2	26	1.39038
21000	0.2	25	1.45526
21000	0.2	27	1.48871
21000	0.2	24	1.43463
21000	0.2	25	1.41006

22000	0.2	26	1.61291
22000	0.2	26	1.54351
22000	0.2	26	1.53838
22000	0.2	26	1.5974
22000	0.2	28	1.61788
22000	0.2	24	1.52945
22000	0.2	25	1.53694
22000	0.2	23	1.55386
22000	0.2	25	1.60148
22000	0.2	26	1.8047
22000	0.2	26	1.5889
22000	0.2	24	1.56488
22000	0.2	23	1.59304
22000	0.2	25	1.59322
22000	0.2	23	1.59129
22000	0.2	25	1.60374
22000	0.2	24	1.54306
22000	0.2	25	1.52561
22000	0.2	26	1.51657
22000	0.2	25	1.52368
22000	0.2	28	1.54906
22000	0.2	26	1.59186
22000	0.2	25	1.5369
22000	0.2	26	1.558
22000	0.2	24	1.6529
22000	0.2	27	1.52972
22000	0.2	26	1.52981
22000	0.2	27	1.6155
22000	0.2	24	1.52618
22000	0.2	27	1.53822

23000	0.2	26	1.6685
23000	0.2	24	1.66797
23000	0.2	27	1.67664
23000	0.2	26	1.66389
23000	0.2	29	1.67497
23000	0.2	26	1.66975
23000	0.2	25	1.6687
23000	0.2	23	1.75507
23000	0.2	28	1.8456
23000	0.2	25	1.72892
23000	0.2	26	1.66667
23000	0.2	25	1.66592
23000	0.2	24	1.72937
23000	0.2	27	1.67134
23000	0.2	24	1.6753
23000	0.2	27	1.66486
23000	0.2	24	1.65964
23000	0.2	23	1.65522
23000	0.2	25	1.66449
23000	0.2	26	1.66796
23000	0.2	26	1.65814
23000	0.2	25	1.65865
23000	0.2	27	1.66676
23000	0.2	25	1.73448
23000	0.2	25	1.72706
23000	0.2	27	1.65193
23000	0.2	25	1.65774
23000	0.2	24	1.6764
23000	0.2	26	1.66899
23000	0.2	24	1.67197

24000	0.2	26	1.82256
24000	0.2	23	1.80923
24000	0.2	26	1.87233
24000	0.2	24	1.80277
24000	0.2	27	1.81519
24000	0.2	26	1.81458
24000	0.2	26	1.81096
24000	0.2	23	1.81097
24000	0.2	28	1.85924
24000	0.2	25	1.81464
24000	0.2	23	1.81316
24000	0.2	24	1.8127
24000	0.2	25	1.83176
24000	0.2	24	1.81936
24000	0.2	24	1.80751
24000	0.2	27	1.81101
24000	0.2	24	1.8416
24000	0.2	25	1.81793
24000	0.2	26	1.82566
24000	0.2	24	1.82797
24000	0.2	25	1.81699
24000	0.2	26	1.87703
24000	0.2	27	1.88151
24000	0.2	25	1.88086
24000	0.2	25	1.80997
24000	0.2	27	1.80951
24000	0.2	24	1.82167
24000	0.2	26	1.85775
24000	0.2	26	1.82331
24000	0.2	26	1.82015

25000	0.2	24	1.98976
25000	0.2	24	1.95429
25000	0.2	24	1.96562
25000	0.2	26	1.96317
25000	0.2	28	2.02382
25000	0.2	27	1.97471
25000	0.2	26	1.96104
25000	0.2	25	1.98976
25000	0.2	27	1.96431
25000	0.2	28	2.03623
25000	0.2	23	1.96544
25000	0.2	24	1.99574
25000	0.2	26	1.96508
25000	0.2	27	1.97355
25000	0.2	24	1.96272
25000	0.2	27	1.97039
25000	0.2	27	1.97246
25000	0.2	25	1.97375
25000	0.2	26	1.9674
25000	0.2	26	1.97333
25000	0.2	24	1.96965
25000	0.2	26	1.96191
25000	0.2	26	1.96772
25000	0.2	24	1.96049
25000	0.2	24	1.9723
25000	0.2	27	1.95061
25000	0.2	24	1.97776
25000	0.2	24	2.04164
25000	0.2	26	1.96563
25000	0.2	26	1.96571

26000	0.2	24	2.15477
26000	0.2	23	2.13835
26000	0.2	26	2.12756
26000	0.2	26	2.12225
26000	0.2	27	2.12707
26000	0.2	26	2.12969
26000	0.2	25	2.12303
26000	0.2	28	2.11529
26000	0.2	26	2.15907
26000	0.2	26	2.23953
26000	0.2	24	2.59232
26000	0.2	24	2.28973
26000	0.2	26	2.75918
26000	0.2	26	2.34176
26000	0.2	25	2.20144
26000	0.2	26	2.20813
26000	0.2	26	2.18954
26000	0.2	25	2.20621
26000	0.2	26	2.26867
26000	0.2	25	2.49948
26000	0.2	28	2.17757
26000	0.2	25	2.19765
26000	0.2	26	2.21542
26000	0.2	25	2.25953
26000	0.2	27	2.15177
26000	0.2	27	2.23125
26000	0.2	27	2.16499
26000	0.2	25	2.21192
26000	0.2	27	2.12565
26000	0.2	27	2.14219

27000	0.2	26	2.3316
27000	0.2	23	2.29036
27000	0.2	25	2.29791
27000	0.2	27	2.28708
27000	0.2	26	2.29516
27000	0.2	28	2.30169
27000	0.2	25	2.2838
27000	0.2	25	2.29089
27000	0.2	26	2.30963
27000	0.2	27	2.34204
27000	0.2	24	2.30948
27000	0.2	24	2.58424
27000	0.2	24	2.37424
27000	0.2	25	2.3556
27000	0.2	26	2.36325
27000	0.2	26	2.31608
27000	0.2	27	2.37986
27000	0.2	25	2.34291
27000	0.2	25	2.42464
27000	0.2	25	2.30009
27000	0.2	26	2.29119
27000	0.2	25	2.35227
27000	0.2	26	2.28515
27000	0.2	24	2.28217
27000	0.2	26	2.29166
27000	0.2	27	2.27862
27000	0.2	25	2.29147
27000	0.2	24	2.30115
27000	0.2	27	2.28534
27000	0.2	26	2.30782

28000	0.2	25	2.47083
28000	0.2	25	2.5266
28000	0.2	25	2.46096
28000	0.2	26	2.47558
28000	0.2	26	2.49609
28000	0.2	25	2.52531
28000	0.2	27	2.50807
28000	0.2	27	2.49473
28000	0.2	25	2.488
28000	0.2	28	2.48317
28000	0.2	24	2.47653
28000	0.2	25	2.52493
28000	0.2	24	2.51203
28000	0.2	24	2.54722
28000	0.2	25	2.57035
28000	0.2	26	2.56422
28000	0.2	29	2.57603
28000	0.2	24	2.57228
28000	0.2	25	2.6304
28000	0.2	25	2.54183
28000	0.2	27	2.48633
28000	0.2	25	2.48944
28000	0.2	26	2.58048
28000	0.2	26	2.51137
28000	0.2	25	2.51912
28000	0.2	26	2.45757
28000	0.2	26	2.53532
28000	0.2	26	2.55438
28000	0.2	27	2.57564
28000	0.2	26	2.4852

29000	0.2	26	2.66489
29000	0.2	26	2.62765
29000	0.2	26	2.6297
29000	0.2	27	2.66901
29000	0.2	26	2.64026
29000	0.2	26	2.65417
29000	0.2	28	2.69876
29000	0.2	25	2.71233
29000	0.2	26	2.73883
29000	0.2	26	2.8038
29000	0.2	25	2.76087
29000	0.2	23	2.68771
29000	0.2	24	2.71954
29000	0.2	26	2.665
29000	0.2	25	2.65836
29000	0.2	27	2.64963
29000	0.2	25	2.71824
29000	0.2	24	2.64014
29000	0.2	23	2.66341
29000	0.2	25	2.70103
29000	0.2	28	2.66459
29000	0.2	25	2.69564
29000	0.2	28	2.71289
29000	0.2	26	2.74476
29000	0.2	23	2.70466
29000	0.2	27	2.65153
29000	0.2	26	2.71366
29000	0.2	24	2.67616
29000	0.2	27	2.64184
29000	0.2	26	2.6605

30000	0.2	25	2.83276
30000	0.2	25	2.81334
30000	0.2	27	2.88158
30000	0.2	27	2.83652
30000	0.2	27	2.8271
30000	0.2	26	2.89338
30000	0.2	26	2.83403
30000	0.2	24	2.8772
30000	0.2	26	2.90914
30000	0.2	26	2.82502
30000	0.2	25	2.81672
30000	0.2	23	2.81518
30000	0.2	24	2.81746
30000	0.2	25	2.87795
30000	0.2	27	2.85783
30000	0.2	27	2.82561
30000	0.2	23	2.81553
30000	0.2	25	2.80802
30000	0.2	26	2.80813
30000	0.2	26	2.81631
30000	0.2	28	2.87979
30000	0.2	26	2.81515
30000	0.2	29	2.81288
30000	0.2	24	2.80513
30000	0.2	23	2.81986
30000	0.2	26	2.86915
30000	0.2	26	2.8159
30000	0.2	24	2.83752
30000	0.2	28	2.81628
30000	0.2	25	2.82251

