1000	0.15	27	0.009945	2.4353
1000	0.15	28	0.008609	2.5849
1000	0.15	25	0.012069	2.48346
1000	0.15	28	0.013964	2.48749
1000	0.15	30	0.006893	2.48505
1000	0.15	27	0.006861	2.49744
1000	0.15	28	0.006161	2.46289
1000	0.15	26	0.004054	2.39581
1000	0.15	23	0.004042	2.50854
1000	0.15	28	0.003532	2.42798
1000	0.15	28	0.003835	2.54108
1000	0.15	29	0.003866	2.51001
1000	0.15	28	0.005834	2.47064
1000	0.15	29	0.003915	2.56769
1000	0.15	27	0.004022	2.46558
1000	0.15	28	0.003853	2.50488
1000	0.15	28	0.003829	2.47949
1000	0.15	30	0.004001	2.43127
1000	0.15	26	0.004073	2.51874
1000	0.15	29	0.003688	2.53864
1000	0.15	25	0.003813	2.47119
1000	0.15	29	0.014163	2.49689
1000	0.15	29	0.004055	2.48712
1000	0.15	28	0.003848	2.51398
1000	0.15	27	0.00408	2.4895
1000	0.15	26	0.003817	2.46173
1000	0.15	27	0.012891	2.48206
1000	0.15	30	0.004113	2.52563
1000	0.15	29	0.003816	2.45673
1000	0.15	28	0.003994	2.45551

2000	0.15	29	0.012511	9.91412
2000	0.15	28	0.011772	9.73407
2000	0.15	29	0.012705	10.0555
2000	0.15	28	0.012296	9.88428
2000	0.15	28	0.012266	9.83008
2000	0.15	29	0.01214	9.79425
2000	0.15	30	0.012365	9.94391
2000	0.15	28	0.01251	9.85345
2000	0.15	30	0.038058	9.99377
2000	0.15	30	0.012358	9.77484
2000	0.15	29	0.034134	9.69745
2000	0.15	29	0.012088	9.84888
2000	0.15	31	0.033318	9.98895
2000	0.15	27	0.012572	9.8894
2000	0.15	31	0.012108	9.83167
2000	0.15	31	0.01563	9.91052
2000	0.15	26	0.012322	9.99622
2000	0.15	29	0.012394	9.75574
2000	0.15	30	0.025044	9.966
2000	0.15	30	0.012527	9.91235
2000	0.15	31	0.012456	9.84497
2000	0.15	32	0.029689	9.86365
2000	0.15	30	0.012208	9.86029
2000	0.15	28	0.01284	9.86884
2000	0.15	28	0.020535	9.80975
2000	0.15	29	0.022024	9.83301
2000	0.15	30	0.012438	9.91248
2000	0.15	29	0.012283	9.86597
2000	0.15	28	0.019282	9.97559
2000	0.15	28	0.012452	10.0973

3000	0.15	30	0.025729	22.1809
3000	0.15	30	0.025389	22.0222
3000	0.15	32	0.025574	22.3729
3000	0.15	30	0.025214	22.1141
3000	0.15	32	0.025455	22.571
3000	0.15	26	0.02534	22.4009
3000	0.15	29	0.025309	22.2607
3000	0.15	29	0.025208	22.0888
3000	0.15	28	0.025529	22.4384
3000	0.15	30	0.025545	22.3195
3000	0.15	31	0.025114	22.1588
3000	0.15	30	0.025198	22.103
3000	0.15	29	0.025176	22.2928
3000	0.15	31	0.025474	22.2272
3000	0.15	29	0.02532	21.9648
3000	0.15	31	0.025619	22.0831
3000	0.15	32	0.025157	22.1265
3000	0.15	31	0.025553	22.364
3000	0.15	33	0.025153	22.0063
3000	0.15	32	0.025847	22.6555
3000	0.15	29	0.025588	22.2656
3000	0.15	29	0.02551	22.0894
3000	0.15	29	0.025473	22.4142
3000	0.15	31	0.025457	22.2428
3000	0.15	32	0.027382	22.2413
3000	0.15	31	0.035269	22.4229
3000	0.15	31	0.025192	22.0457
3000	0.15	30	0.025452	22.1953
3000	0.15	32	0.025314	22.2335
3000	0.15	30	0.025347	22.1483

4000	0.15	30	0.059663	39.3965
4000	0.15	33	0.044623	39.4301
4000	0.15	30	0.042661	38.9238
4000	0.15	28	0.043109	39.5454
4000	0.15	29	0.047886	39.4006
4000	0.15	30	0.042542	39.1021
4000	0.15	30	0.043299	39.5465
4000	0.15	30	0.103643	39.5219
4000	0.15	34	0.04355	39.7958
4000	0.15	32	0.043185	39.3179
4000	0.15	31	0.044377	39.1531
4000	0.15	31	0.042684	38.8934
4000	0.15	33	0.051886	39.5283
4000	0.15	32	0.045166	39.2654
4000	0.15	31	0.055211	39.4706
4000	0.15	31	0.042602	39.1206
4000	0.15	30	0.042858	39.3788
4000	0.15	31	0.042904	39.3109
4000	0.15	29	0.043519	39.3762
4000	0.15	31	0.087538	39.0433
4000	0.15	34	0.101172	39.1221
4000	0.15	30	0.043457	39.4419
4000	0.15	29	0.0431	39.5864
4000	0.15	32	0.043141	39.1661
4000	0.15	31	0.043162	39.5743
4000	0.15	31	0.043168	39.6389
4000	0.15	34	0.043397	39.6025
4000	0.15	29	0.042922	39.6641
4000	0.15	31	0.04339	39.6786
4000	0.15	32	0.0431	39.5001

5000	0.15	32	0.066406	61.4455
5000	0.15	31	0.065895	61.9799
5000	0.15	31	0.065361	61.4067
5000	0.15	32	0.065473	61.5901
5000	0.15	30	0.065368	61.6359
5000	0.15	30	0.077753	61.5295
5000	0.15	29	0.08833	61.5246
5000	0.15	30	0.065041	61.5212
5000	0.15	31	0.087389	61.3778
5000	0.15	31	0.066353	62.0649
5000	0.15	31	0.065792	61.9509
5000	0.15	29	0.065782	61.6775
5000	0.15	29	0.065392	61.7137
5000	0.15	31	0.06536	61.4471
5000	0.15	30	0.105961	60.8811
5000	0.15	30	0.066237	62.114
5000	0.15	31	0.065052	61.5508
5000	0.15	31	0.065909	62.1284
5000	0.15	32	0.113087	61.7686
5000	0.15	31	0.110038	61.1735
5000	0.15	30	0.065673	61.2559
5000	0.15	31	0.087682	61.4558
5000	0.15	32	0.108072	61.907
5000	0.15	31	0.126352	61.5157
5000	0.15	30	0.067124	61.7343
5000	0.15	30	0.06661	62.2115
5000	0.15	33	0.107876	61.5234
5000	0.15	30	0.133359	62.3007
5000	0.15	29	0.065437	61.746
5000	0.15	30	0.099084	61.8959

6000	0.15	31	0.091503	88.3281
6000	0.15	31	0.133598	88.2453
6000	0.15	31	0.15245	88.9486
6000	0.15	31	0.117305	87.9756
6000	0.15	33	0.131297	88.8394
6000	0.15	31	0.093265	88.89
6000	0.15	30	0.127065	89.4088
6000	0.15	33	0.143052	88.3622
6000	0.15	32	0.093071	88.882
6000	0.15	31	0.093057	88.9554
6000	0.15	30	0.092453	88.5793
6000	0.15	34	0.119672	88.9882
6000	0.15	31	0.13449	88.5081
6000	0.15	30	0.09208	88.0127
6000	0.15	31	0.091704	88.5146
6000	0.15	34	0.092477	88.9662
6000	0.15	33	0.122631	88.8519
6000	0.15	29	0.092865	89.2072
6000	0.15	31	0.128055	87.9147
6000	0.15	32	0.132519	89.506
6000	0.15	31	0.15912	88.2736
6000	0.15	32	0.09304	89.3762
6000	0.15	33	0.091746	88.4763
6000	0.15	32	0.120972	89.1666
6000	0.15	32	0.160261	88.5975
6000	0.15	30	0.117554	89.5573
6000	0.15	30	0.091682	88.0447
6000	0.15	32	0.125299	88.5345
6000	0.15	30	0.092075	88.7817
6000	0.15	32	0.104338	88.7428

7000	0.15	32	0.163873	121.475
7000	0.15	33	0.12388	120.226
7000	0.15	32	0.145306	120.874
7000	0.15	31	0.188112	120.068
7000	0.15	29	0.157699	121.265
7000	0.15	33	0.182179	121.455
7000	0.15	31	0.180506	120.852
7000	0.15	31	0.158113	121.04
7000	0.15	33	0.169809	120.762
7000	0.15	33	0.136827	121.674
7000	0.15	31	0.183146	120.878
7000	0.15	32	0.185088	120.836
7000	0.15	31	0.143196	120.175
7000	0.15	32	0.183329	120.026
7000	0.15	34	0.149234	121.315
7000	0.15	31	0.123688	120.636
7000	0.15	31	0.140076	120.799
7000	0.15	34	0.171097	120.272
7000	0.15	31	0.124018	120.51
7000	0.15	30	0.157702	120.608
7000	0.15	31	0.12441	121.75
7000	0.15	32	0.139946	120.44
7000	0.15	31	0.123925	120.443
7000	0.15	33	0.123723	120.12
7000	0.15	33	0.124211	120.393
7000	0.15	34	0.151058	120.366
7000	0.15	32	0.124691	120.308
7000	0.15	29	0.184847	120.999
7000	0.15	31	0.123265	119.659
7000	0.15	31	0.162948	120.766

8000	0.15	32	0.218725	157.617
8000	0.15	34	0.217851	158.046
8000	0.15	34	0.180645	156.843
8000	0.15	30	0.159603	157.307
8000	0.15	31	0.162718	157.9
8000	0.15	31	0.159998	158.039
8000	0.15	32	0.186629	157.808
8000	0.15	31	0.179044	158.522
8000	0.15	30	0.172087	157.924
8000	0.15	34	0.161048	158.2
8000	0.15	33	0.192123	156.276
8000	0.15	34	0.164222	158.642
8000	0.15	31	0.196368	157.404
8000	0.15	30	0.15986	157.695
8000	0.15	33	0.183387	157.959
8000	0.15	31	0.189296	158.792
8000	0.15	34	0.197936	156.534
8000	0.15	33	0.227892	157.845
8000	0.15	33	0.159648	157.042
8000	0.15	32	0.190076	159.201
8000	0.15	31	0.16146	158.04
8000	0.15	31	0.180338	156.191
8000	0.15	34	0.161033	157.968
8000	0.15	33	0.188479	157.746
8000	0.15	30	0.158606	156.778
8000	0.15	34	0.228433	158.281
8000	0.15	30	0.15958	156.542
8000	0.15	31	0.226854	157.046
8000	0.15	29	0.159562	157.859
8000	0.15	32	0.187185	159.194

9000	0.15	34	0.238695	198.915
9000	0.15	31	0.251391	198.842
9000	0.15	32	0.234079	200.638
9000	0.15	33	0.20182	200.879
9000	0.15	36	0.200734	200.564
9000	0.15	31	0.224325	197.285
9000	0.15	30	0.249267	199.298
9000	0.15	32	0.199888	199.72
9000	0.15	31	0.235162	200.675
9000	0.15	34	0.24132	199.541
9000	0.15	31	0.260536	198.251
9000	0.15	32	0.245375	199.258
9000	0.15	33	0.21501	197.683
9000	0.15	33	0.19913	198.685
9000	0.15	35	0.234489	200.291
9000	0.15	32	0.200964	199.431
9000	0.15	32	0.246515	200.083
9000	0.15	32	0.260566	199.39
9000	0.15	32	0.199572	199.111
9000	0.15	33	0.201855	202.038
9000	0.15	33	0.234884	197.373
9000	0.15	31	0.237065	199.893
9000	0.15	32	0.244377	200.006
9000	0.15	34	0.234431	199.437
9000	0.15	34	0.246027	199.841
9000	0.15	32	0.247549	200.954
9000	0.15	33	0.250284	198.23
9000	0.15	34	0.202036	200.253
9000	0.15	32	0.222645	197.66
9000	0.15	33	0.205781	200.083

10000	0.15	31	0.2692	246.741
10000	0.15	34	0.24633	246.838
10000	0.15	32	0.245381	245.82
10000	0.15	30	0.280289	246.321
10000	0.15	32	0.261334	247.584
10000	0.15	33	0.246272	247.091
10000	0.15	27	0.24414	245.5
10000	0.15	32	0.25699	246.752
10000	0.15	31	0.24314	244.42
10000	0.15	34	0.288953	246.322
10000	0.15	31	0.299157	247.33
10000	0.15	32	0.313206	245.963
10000	0.15	30	0.314252	247.086
10000	0.15	32	0.244178	245.598
10000	0.15	31	0.314392	247.413
10000	0.15	31	0.298845	246.975
10000	0.15	33	0.245893	247.226
10000	0.15	30	0.244665	245.657
10000	0.15	33	0.245299	246.028
10000	0.15	33	0.249318	246.473
10000	0.15	30	0.291593	247.217
10000	0.15	30	0.246352	247.453
10000	0.15	33	0.245855	246.237
10000	0.15	33	0.253112	245.354
10000	0.15	33	0.310792	246.173
10000	0.15	31	0.311283	248.936
10000	0.15	33	0.276852	244.411
10000	0.15	32	0.245598	246.891
10000	0.15	32	0.245475	245.74
10000	0.15	34	0.29135	245.037

11000	0.15	34	0.296156	299.771
11000	0.15	32	0.334337	298.665
11000	0.15	33	0.305391	301.492
11000	0.15	32	0.359906	296.893
11000	0.15	32	0.333751	299.274
11000	0.15	31	0.332835	298.441
11000	0.15	33	0.295403	297.815
11000	0.15	36	0.322319	297.691
11000	0.15	32	0.337809	298.669
11000	0.15	32	0.293742	296.336
11000	0.15	32	0.331226	300.399
11000	0.15	33	0.296189	298.968
11000	0.15	32	0.363229	299.529
11000	0.15	32	0.303023	297.829
11000	0.15	32	0.330313	297.415
11000	0.15	32	0.341499	299.104
11000	0.15	30	0.360914	299.299
11000	0.15	32	0.353005	298.343
11000	0.15	34	0.318696	299.803
11000	0.15	31	0.315075	298.27
11000	0.15	33	0.294567	298.006
11000	0.15	31	0.362155	297.678
11000	0.15	32	0.337212	299.51
11000	0.15	31	0.296453	298.581
11000	0.15	32	0.329873	297.698
11000	0.15	32	0.346894	296.815
11000	0.15	30	0.341827	298.184
11000	0.15	33	0.338897	299.376
11000	0.15	30	0.336595	298.04
11000	0.15	31	0.355672	299.545

12000	0.15	32	0.36635	354.563
12000	0.15	33	0.398304	355.118
12000	0.15	32	0.407307	354.758
12000	0.15	33	0.35295	356.44
12000	0.15	32	0.357052	356.311
12000	0.15	32	0.386408	353.728
12000	0.15	32	0.383656	356.841
12000	0.15	29	0.413709	353.171
12000	0.15	34	0.404645	352.227
12000	0.15	33	0.383815	354.715
12000	0.15	32	0.386595	355.645
12000	0.15	31	0.417831	355.638
12000	0.15	28	0.410558	354.079
12000	0.15	32	0.351304	354.663
12000	0.15	31	0.395385	355.359
12000	0.15	31	0.349698	356.606
12000	0.15	30	0.354931	354.241
12000	0.15	34	0.415838	356.026
12000	0.15	32	0.405483	357.547
12000	0.15	31	0.389573	355.825
12000	0.15	34	0.458318	357.387
12000	0.15	32	0.353132	356.935
12000	0.15	32	0.349144	354.596
12000	0.15	29	0.418187	355.236
12000	0.15	35	0.349904	355.798
12000	0.15	30	0.39248	354.859
12000	0.15	31	0.380128	354.148
12000	0.15	29	0.415605	354.491
12000	0.15	31	0.359227	353.322
12000	0.15	32	0.351168	354.512

13000	0.15	31	0.454558	414.943
13000	0.15	34	0.412833	418.419
13000	0.15	31	0.432266	415.929
13000	0.15	33	0.479603	417.306
13000	0.15	31	0.443159	416.088
13000	0.15	33	0.475220	415.354
13000	0.15	33	0.407141	416.271
13000	0.15	33	0.448717	417.859
13000	0.15	33	0.409324	415.429
13000	0.15	32	0.453488	415.432
13000	0.15	33	0.456253	417.129
13000	0.15	30	0.472994	414.002
13000	0.15	34	0.470407	417.245
13000	0.15	31	0.437230	417.701
13000	0.15	31	0.474149	416.616
13000	0.15	32	0.462394	419.557
13000	0.15	32	0.427068	417.092
13000	0.15	33	0.443084	414.374
13000	0.15	31	0.408920	417.206
13000	0.15	33	0.420860	413.065
13000	0.15	33	0.417887	419.357
13000	0.15	32	0.440987	415.019
13000	0.15	32	0.409982	418.311
13000	0.15	31	0.453434	417.068
13000	0.15	32	0.408410	415.51
13000	0.15	30	0.450231	420.572
13000	0.15	32	0.447454	415.385
13000	0.15	34	0.469075	417.241
13000	0.15	32	0.449295	418.057
13000	0.15	34	0.451723	415.706

14000	0.15	32	0.475929	486.189
14000	0.15	31	0.533316	480.568
14000	0.15	29	0.474678	481.369
14000	0.15	30	0.472695	484.053
14000	0.15	30	0.516676	482.336
14000	0.15	33	0.524873	482.397
14000	0.15	31	0.535962	482.885
14000	0.15	36	0.544752	483.087
14000	0.15	33	0.553331	485.215
14000	0.15	31	0.487556	481.729
14000	0.15	34	0.492707	482.593
14000	0.15	33	0.535040	481.984
14000	0.15	31	0.517282	482.118
14000	0.15	31	0.488663	479.064
14000	0.15	31	0.517282	483.647
14000	0.15	30	0.517805	486.448
14000	0.15	32	0.520428	482.6
14000	0.15	31	0.474680	484.579
14000	0.15	35	0.490817	483.865
14000	0.15	30	0.476740	484.17
14000	0.15	32	0.502438	486.965
14000	0.15	31	0.530179	478.915
14000	0.15	31	0.540206	483.144
14000	0.15	34	0.474973	485.34
14000	0.15	32	0.487853	485.79
14000	0.15	32	0.476097	484.546
14000	0.15	33	0.501856	484.005
14000	0.15	32	0.534730	481.062
14000	0.15	32	0.509048	484.806
14000	0.15	34	0.473468	484.855

15000	0.15	34	0.580692	551.982
15000	0.15	32	0.584158	553.291
15000	0.15	32	0.578767	553.888
15000	0.15	32	0.594854	555.975
15000	0.15	32	0.607595	554.395
15000	0.15	32	0.606979	553.404
15000	0.15	32	0.586689	554.673
15000	0.15	30	0.538842	555.302
15000	0.15	32	0.543480	555.116
15000	0.15	32	0.553895	556.367
15000	0.15	33	0.589261	553.818
15000	0.15	33	0.543590	557.09
15000	0.15	32	0.603345	551.638
15000	0.15	33	0.595286	554.995
15000	0.15	33	0.600024	557.121
15000	0.15	33	0.573725	552.504
15000	0.15	30	0.580642	557.207
15000	0.15	32	0.612306	553.725
15000	0.15	34	0.587403	558.055
15000	0.15	33	0.585268	554.18
15000	0.15	33	0.551695	554.323
15000	0.15	32	0.539049	554.206
15000	0.15	32	0.539639	553.145
15000	0.15	32	0.549091	556.43
15000	0.15	34	0.587415	556.242
15000	0.15	33	0.602336	552.943
15000	0.15	34	0.604275	553.649
15000	0.15	33	0.603659	553.792
15000	0.15	33	0.539674	553.14
15000	0.15	32	0.549686	555.617

16000	0.15	32	0.669021	631.613
16000	0.15	30	0.679011	628.159
16000	0.15	31	0.671281	630.198
16000	0.15	30	0.667477	632.644
16000	0.15	34	0.662737	629.346
16000	0.15	33	0.645303	630.339
16000	0.15	31	0.644226	637.953
16000	0.15	32	0.637493	626.907
16000	0.15	33	0.675979	628.425
16000	0.15	30	0.675327	627.3
16000	0.15	33	0.665405	630.955
16000	0.15	35	0.616469	630.177
16000	0.15	32	0.674427	626.763
16000	0.15	32	0.639145	629.318
16000	0.15	31	0.614679	633.455
16000	0.15	32	0.687548	634.424
16000	0.15	33	0.610861	629.752
16000	0.15	31	0.652456	631.368
16000	0.15	33	0.651103	631.696
16000	0.15	30	0.612956	629.214
16000	0.15	33	0.622969	632.095
16000	0.15	32	0.611490	629.633
16000	0.15	32	0.661756	633.632
16000	0.15	34	0.613779	631.335
16000	0.15	30	0.667980	631.242
16000	0.15	34	0.642890	629.991
16000	0.15	32	0.622643	631.869
16000	0.15	32	0.614694	631.669
16000	0.15	31	0.641919	636.807
16000	0.15	32	0.675199	628.515

17000	0.15	31	0.691556	715.187
17000	0.15	34	0.723119	711.457
17000	0.15	29	0.738847	713.7
17000	0.15	30	0.692372	715.814
17000	0.15	33	0.697711	715.081
17000	0.15	31	0.697002	712.34
17000	0.15	33	0.745285	713.743
17000	0.15	32	0.742709	711.465
17000	0.15	32	0.714135	714.292
17000	0.15	31	0.716134	710.86
17000	0.15	34	0.749546	712.014
17000	0.15	32	0.732087	711.123
17000	0.15	35	0.749837	710.045
17000	0.15	35	0.694120	714.208
17000	0.15	32	0.721842	715.158
17000	0.15	33	0.738717	709.385
17000	0.15	33	0.691005	710.022
17000	0.15	31	0.751048	714.75
17000	0.15	30	0.750694	715.337
17000	0.15	32	0.727722	713.854
17000	0.15	33	0.729118	715.764
17000	0.15	30	0.742071	715.118
17000	0.15	32	0.753148	715.643
17000	0.15	32	0.756649	714.819
17000	0.15	33	0.745667	711.329
17000	0.15	33	0.718545	714.406
17000	0.15	32	0.750669	715.577
17000	0.15	29	0.690156	712.476
17000	0.15	34	0.699786	711.204
17000	0.15	34	0.698586	718.496

18000	0.15	34	0.805909	799.416
18000	0.15	31	0.841925	800.479
18000	0.15	34	0.839638	799.307
18000	0.15	30	0.796659	797.252
18000	0.15	34	0.814922	796.357
18000	0.15	33	0.790933	795.96
18000	0.15	32	0.841811	796.671
18000	0.15	32	0.780843	795.357
18000	0.15	32	0.773801	798.475
18000	0.15	33	0.785763	799.218
18000	0.15	31	0.840602	799.061
18000	0.15	32	0.839544	798.842
18000	0.15	31	0.773734	800.763
18000	0.15	31	0.772907	799.31
18000	0.15	32	0.824681	801.756
18000	0.15	34	0.797124	794.242
18000	0.15	32	0.801709	794.667
18000	0.15	33	0.840717	798.251
18000	0.15	31	0.800910	795.299
18000	0.15	32	0.847819	799.163
18000	0.15	30	0.770960	795.148
18000	0.15	33	0.797061	796.591
18000	0.15	33	0.778815	795.735
18000	0.15	33	0.813629	800.311
18000	0.15	29	0.810707	792.639
18000	0.15	32	0.847263	801.042
18000	0.15	33	0.832028	800.17
18000	0.15	33	0.809378	794.215
18000	0.15	34	0.827751	796.858
18000	0.15	34	0.830442	798.341

19000	0.15	32	0.864485	891.317
19000	0.15	35	0.889437	889.868
19000	0.15	32	0.926356	888.372
19000	0.15	31	0.892278	888.241
19000	0.15	29	0.906091	889.459
19000	0.15	35	0.890984	887.117
19000	0.15	32	0.898666	890.858
19000	0.15	31	0.861750	891.034
19000	0.15	35	0.919967	888.636
19000	0.15	31	0.914379	892.321
19000	0.15	35	0.892823	882.169
19000	0.15	32	0.924492	888.502
19000	0.15	34	0.870084	891.247
19000	0.15	32	0.861776	893.391
19000	0.15	35	0.909221	895.34
19000	0.15	33	0.907472	886.108
19000	0.15	33	0.885907	889.053
19000	0.15	32	0.917529	886.38
19000	0.15	32	0.870289	888.982
19000	0.15	31	0.926379	889.016
19000	0.15	32	0.914594	891.34
19000	0.15	32	0.926618	892.129
19000	0.15	30	0.912324	888.792
19000	0.15	32	0.930443	887.535
19000	0.15	32	0.906257	887.555
19000	0.15	32	0.897263	889.673
19000	0.15	32	0.926610	889.052
19000	0.15	32	0.865029	890.146
19000	0.15	34	0.924217	891.143
19000	0.15	33	0.936877	895.958

20000	0.15	34	0.954404	986.685
20000	0.15	33	0.988117	987.198
20000	0.15	31	0.972416	979.477
20000	0.15	31	1.009348	984.177
20000	0.15	32	0.989877	986.224
20000	0.15	32	0.995372	984.506
20000	0.15	33	0.992339	985.301
20000	0.15	31	1.009213	984.398
20000	0.15	32	0.990842	987.74
20000	0.15	33	0.999437	988.007
20000	0.15	33	1.034636	984.586
20000	0.15	33	0.981165	985.092
20000	0.15	32	1.012628	985.061
20000	0.15	33	0.972548	987.031
20000	0.15	31	1.018466	986.038
20000	0.15	30	0.961801	987.91
20000	0.15	31	0.965131	987.509
20000	0.15	33	0.958540	985.631
20000	0.15	31	0.969241	987.739
20000	0.15	34	0.952817	980.748
20000	0.15	34	0.957995	989.742
20000	0.15	29	0.952069	986.993
20000	0.15	30	1.021283	986.996
20000	0.15	33	0.950590	985.668
20000	0.15	32	1.016434	987.767
20000	0.15	30	0.951659	985.24
20000	0.15	32	0.963840	983.592
20000	0.15	33	0.982825	988.662
20000	0.15	35	1.008327	985.698
20000	0.15	33	1.026600	985.641

21000	0.15	32	1.050996	1090.1
21000	0.15	30	1.083530	1087.16
21000	0.15	31	1.070198	1089.75
21000	0.15	34	1.044496	1084.45
21000	0.15	32	1.079534	1087.03
21000	0.15	33	1.072050	1085.2
21000	0.15	34	1.044455	1086.59
21000	0.15	33	1.053841	1090.04
21000	0.15	33	1.123651	1092.38
21000	0.15	34	1.053284	1087.32
21000	0.15	34	1.091574	1084.92
21000	0.15	34	1.051298	1083.11
21000	0.15	32	1.066416	1085.52
21000	0.15	34	1.083771	1091.73
21000	0.15	33	1.061165	1092.06
21000	0.15	34	1.113308	1087.14
21000	0.15	32	1.047029	1088.13
21000	0.15	31	1.089952	1088.96
21000	0.15	32	1.110496	1087.58
21000	0.15	33	1.095073	1085.87
21000	0.15	35	1.054270	1082.99
21000	0.15	32	1.067624	1084.52
21000	0.15	33	1.047550	1088.79
21000	0.15	33	1.135110	1086.55
21000	0.15	33	1.090478	1086.01
21000	0.15	34	1.112235	1089.86
21000	0.15	30	1.082340	1082.09
21000	0.15	34	1.100696	1082.11
21000	0.15	34	1.065709	1084.85
21000	0.15	32	1.114669	1086.42

22000	0.15	34	1.141036	1187.95
22000	0.15	30	1.167479	1188.23
22000	0.15	33	1.213270	1189.56
22000	0.15	33	1.199764	1191.54
22000	0.15	34	1.194900	1196.91
22000	0.15	33	1.153183	1193.96
22000	0.15	30	1.186693	1190.09
22000	0.15	34	1.176429	1191.74
22000	0.15	33	1.170259	1192.18
22000	0.15	32	1.195423	1189.9
22000	0.15	33	1.198415	1199.07
22000	0.15	33	1.157248	1197.93
22000	0.15	30	1.149872	1190.59
22000	0.15	31	1.194658	1191.39
22000	0.15	36	1.164104	1190.41
22000	0.15	33	1.192330	1195.21
22000	0.15	30	1.151513	1186.29
22000	0.15	36	1.200376	1195.76
22000	0.15	33	1.155445	1192.73
22000	0.15	34	1.150977	1192.94
22000	0.15	31	1.148170	1195.75
22000	0.15	32	1.158807	1194.18
22000	0.15	34	1.143984	1188.18
22000	0.15	34	1.160338	1189.42
22000	0.15	33	1.172946	1193.63
22000	0.15	33	1.148116	1193.19
22000	0.15	32	1.191890	1190.51
22000	0.15	31	1.179913	1194.54
22000	0.15	32	1.148642	1192.53
22000	0.15	33	1.174137	1196.82

23000	0.15	34	1.266654	1307.98
23000	0.15	34	1.294316	1299.12
23000	0.15	32	1.327333	1304.55
23000	0.15	34	1.259064	1302.99
23000	0.15	32	1.305409	1299.87
23000	0.15	36	1.317886	1306.75
23000	0.15	33	1.298927	1296.56
23000	0.15	32	1.370823	1303.02
23000	0.15	32	1.305473	1298.99
23000	0.15	31	1.299747	1299.9
23000	0.15	33	1.288844	1303.19
23000	0.15	30	1.324403	1307.84
23000	0.15	34	1.313826	1300.98
23000	0.15	33	1.287753	1309.73
23000	0.15	34	1.311997	1303.42
23000	0.15	34	1.280910	1296.92
23000	0.15	31	1.249393	1300
23000	0.15	31	1.254904	1295.17
23000	0.15	32	1.253599	1304.62
23000	0.15	30	1.262575	1305.6
23000	0.15	32	1.263956	1300.46
23000	0.15	32	1.267122	1308.69
23000	0.15	33	1.312702	1298.99
23000	0.15	32	1.306462	1306.62
23000	0.15	34	1.311785	1306.11
23000	0.15	34	1.271216	1294.52
23000	0.15	34	1.289054	1297.36
23000	0.15	32	1.250832	1304.75
23000	0.15	32	1.266888	1306.55
23000	0.15	32	1.267372	1309.41

24000	0.15	34	1.360348	1415.89
24000	0.15	33	1.423779	1413.77
24000	0.15	33	1.355770	1415.24
24000	0.15	33	1.426229	1417.09
24000	0.15	35	1.373735	1410.76
24000	0.15	34	1.367849	1421.03
24000	0.15	31	1.423556	1416.31
24000	0.15	32	1.404710	1420.55
24000	0.15	34	1.422904	1417.06
24000	0.15	33	1.370047	1418.52
24000	0.15	31	1.368340	1419.55
24000	0.15	34	1.437995	1426.57
24000	0.15	32	1.406516	1410.72
24000	0.15	33	1.360953	1418.46
24000	0.15	31	1.368680	1423.19
24000	0.15	32	1.383441	1419.35
24000	0.15	33	1.384399	1422.76
24000	0.15	33	1.429567	1411.66
24000	0.15	34	1.359505	1413.71
24000	0.15	33	1.363821	1420.91
24000	0.15	31	1.409372	1419.91
24000	0.15	35	1.358570	1416.29
24000	0.15	34	1.361085	1417.03
24000	0.15	33	1.358510	1415.77
24000	0.15	33	1.403545	1417.09
24000	0.15	33	1.360311	1423.9
24000	0.15	30	1.358217	1418.11
24000	0.15	31	1.402930	1419.47
24000	0.15	32	1.396492	1417.44
24000	0.15	35	1.392248	1421.38

25000	0.15	30	1.511124	1539.92
25000	0.15	31	1.527623	1543.35
25000	0.15	32	1.518776	1545.96
25000	0.15	33	1.477632	1539.2
25000	0.15	33	1.489822	1540.91
25000	0.15	34	1.540950	1536.8
25000	0.15	35	1.497961	1543.37
25000	0.15	35	1.518227	1539.46
25000	0.15	34	1.477660	1541.51
25000	0.15	33	1.492781	1535.56
25000	0.15	34	1.479216	1543.49
25000	0.15	33	1.512199	1536.24
25000	0.15	33	1.517946	1534.69
25000	0.15	35	1.523552	1535.36
25000	0.15	32	1.552860	1545.32
25000	0.15	33	1.501544	1541.68
25000	0.15	35	1.479417	1542.9
25000	0.15	34	1.487974	1543.95
25000	0.15	32	1.563722	1538.8
25000	0.15	31	1.544249	1535.75
25000	0.15	34	1.521426	1539.5
25000	0.15	31	1.522654	1549.27
25000	0.15	34	1.541093	1533.75
25000	0.15	33	1.476947	1543.12
25000	0.15	34	1.494274	1538.89
25000	0.15	34	1.539543	1545.2
25000	0.15	32	1.536327	1541.76
25000	0.15	33	1.477663	1537.62
25000	0.15	32	1.471517	1539.13
25000	0.15	33	1.517464	1539.69

26000	0.15	32	1.650025	1669.87
26000	0.15	32	1.626306	1668.61
26000	0.15	31	1.642021	1663.96
26000	0.15	32	1.632718	1664.99
26000	0.15	33	1.647779	1660.33
26000	0.15	34	1.607452	1670.82
26000	0.15	33	1.634153	1663.05
26000	0.15	32	1.640394	1664.97
26000	0.15	34	1.635590	1662.61
26000	0.15	35	1.656865	1666.82
26000	0.15	35	1.667014	1666.49
26000	0.15	31	1.635788	1668.16
26000	0.15	32	1.648760	1652.95
26000	0.15	34	1.631844	1674.42
26000	0.15	34	1.595464	1666.29
26000	0.15	33	1.667329	1664.44
26000	0.15	36	1.590248	1661.53
26000	0.15	35	1.590281	1657.6
26000	0.15	33	1.618150	1658.74
26000	0.15	33	1.638873	1661.27
26000	0.15	32	1.631692	1664.77
26000	0.15	32	1.710718	1662.9
26000	0.15	32	1.653961	1669.12
26000	0.15	32	1.591299	1667.64
26000	0.15	32	1.629407	1663.86
26000	0.15	33	1.589713	1668.63
26000	0.15	32	1.627480	1658.17
26000	0.15	32	1.632243	1664
26000	0.15	33	1.626232	1671.69
26000	0.15	32	1.618348	1659.55

27000	0.15	32	1.776536	1795.19
27000	0.15	35	1.766017	1796.6
27000	0.15	31	1.705597	1791.33
27000	0.15	33	1.776276	1797.68
27000	0.15	32	1.785290	1790.63
27000	0.15	33	1.794926	1799.58
27000	0.15	35	1.738805	1789.11
27000	0.15	32	1.724831	1794.57
27000	0.15	31	1.781469	1795.71
27000	0.15	35	1.786162	1794.17
27000	0.15	30	1.726870	1797.91
27000	0.15	33	1.769597	1803.48
27000	0.15	33	1.771201	1797.03
27000	0.15	32	1.717874	1802.51
27000	0.15	32	1.714705	1792.08
27000	0.15	31	1.738700	1797.15
27000	0.15	33	1.751051	1788.41
27000	0.15	32	1.785420	1800.18
27000	0.15	33	1.783850	1797.42
27000	0.15	33	1.772718	1791.07
27000	0.15	31	1.732384	1784.93
27000	0.15	34	1.742310	1801.07
27000	0.15	32	1.733849	1794.38
27000	0.15	31	1.748988	1791.66
27000	0.15	33	1.765472	1797.69
27000	0.15	33	1.786007	1797.36
27000	0.15	33	1.706722	1790.72
27000	0.15	32	1.778594	1794.21
27000	0.15	30	1.705103	1788.56
27000	0.15	34	1.753417	1782.29

28000	0.15	31	1.919994	1942.94
28000	0.15	33	1.835417	1926.21
28000	0.15	33	1.896946	1925.55
28000	0.15	36	1.904270	1931.34
28000	0.15	33	1.903776	1924.59
28000	0.15	33	1.873984	1926.57
28000	0.15	33	1.915766	1930.22
28000	0.15	36	1.858870	1932.16
28000	0.15	31	1.860916	1926.38
28000	0.15	36	1.879839	1925.73
28000	0.15	32	1.910649	1939.49
28000	0.15	32	1.873776	1929.49
28000	0.15	32	1.891818	1937.83
28000	0.15	32	1.890418	1932.03
28000	0.15	33	1.893345	1943.25
28000	0.15	32	1.899690	1927.57
28000	0.15	30	1.874910	1927.25
28000	0.15	35	1.857458	1928.34
28000	0.15	32	1.883621	1937.21
28000	0.15	33	1.837344	1929.4
28000	0.15	33	1.905648	1933.14
28000	0.15	33	1.913765	1926.4
28000	0.15	32	1.858563	1925.03
28000	0.15	33	1.898022	1923.49
28000	0.15	34	1.876787	1926.63
28000	0.15	32	1.853696	1937.7
28000	0.15	34	1.892771	1927.56
28000	0.15	34	1.881954	1928.58
28000	0.15	33	1.906143	1933.03
28000	0.15	30	1.880331	1923.93

29000	0.15	34	1.996587	2076.19
29000	0.15	33	2.027877	2070.83
29000	0.15	33	1.992489	2070.07
29000	0.15	34	2.035960	2074.79
29000	0.15	34	2.011357	2066.52
29000	0.15	31	1.993957	2072.82
29000	0.15	34	1.988744	2068.66
29000	0.15	36	2.016516	2072.87
29000	0.15	34	1.979689	2072.64
29000	0.15	32	2.023067	2080.82
29000	0.15	32	2.046347	2068.08
29000	0.15	32	2.042800	2072.42
29000	0.15	32	2.028229	2077.51
29000	0.15	32	2.025836	2065.56
29000	0.15	32	2.031126	2067.62
29000	0.15	34	2.056273	2078.14
29000	0.15	34	1.980548	2065.78
29000	0.15	35	2.038550	2072.58
29000	0.15	31	2.037982	2082.65
29000	0.15	32	1.989456	2071.68
29000	0.15	32	2.050069	2077.88
29000	0.15	34	2.021155	2069.92
29000	0.15	33	2.030605	2072.26
29000	0.15	32	2.041673	2075.68
29000	0.15	33	1.977642	2068.4
29000	0.15	32	2.032750	2065.29
29000	0.15	33	2.042101	2065.26
29000	0.15	31	1.974226	2068.88
29000	0.15	33	1.997217	2070.19
29000	0.15	32	2.002235	2077.81

30000	0.15	33	2.111549	2214.55
30000	0.15	33	2.104556	2212.09
30000	0.15	33	2.179496	2214.43
30000	0.15	33	2.159057	2219.27
30000	0.15	34	2.175677	2212.29
30000	0.15	33	2.123365	2220.27
30000	0.15	34	2.182050	2216.11
30000	0.15	31	2.151193	2220.49
30000	0.15	33	2.178648	2220.32
30000	0.15	33	2.160693	2225.55
30000	0.15	34	2.163304	2216.59
30000	0.15	30	2.166897	2218.93
30000	0.15	32	2.129609	2214.67
30000	0.15	32	2.182778	2227.04
30000	0.15	32	2.131399	2212.65
30000	0.15	32	2.173502	2224.43
30000	0.15	34	2.166471	2212.59
30000	0.15	34	2.162223	2213.27
30000	0.15	31	2.156973	2209.25
30000	0.15	34	2.172071	2219.95
30000	0.15	31	2.150947	2216.48
30000	0.15	31	2.123776	2218.74
30000	0.15	33	2.116441	2216.1
30000	0.15	33	2.114588	2208.7
30000	0.15	33	2.123580	2216.99
30000	0.15	35	2.114354	2207.03
30000	0.15	30	2.127969	2214.32
30000	0.15	35	2.182852	2233.44
30000	0.15	32	2.141410	2213.95
30000	0.15	33	2.172837	2224.85

