1000	0.15	26	0.009758
1000	0.15	24	0.003982
1000	0.15	28	0.01422
1000	0.15	23	0.004103
1000	0.15	14	0.004347
1000	0.15	19	0.00402
1000	0.15	25	0.004023
1000	0.15	22	0.00422
1000	0.15	22	0.006184
1000	0.15	22	0.004722
1000	0.15	20	0.004826
1000	0.15	19	0.007119
1000	0.15	17	0.004224
1000	0.15	17	0.004596
1000	0.15	18	0.004331
1000	0.15	20	0.00463
1000	0.15	21	0.00431
1000	0.15	23	0.004408
1000	0.15	23	0.004104
1000	0.15	22	0.004366
1000	0.15	23	0.004433
1000	0.15	19	0.017677
1000	0.15	18	0.004199
1000	0.15	17	0.004399
1000	0.15	17	0.0051
1000	0.15	30	0.007218
1000	0.15	22	0.004704
1000	0.15	20	0.004315
1000	0.15	18	0.011276
1000	0.15	22	0.004552

2000	0.15	25	0.013415
2000	0.15	20	0.016099
2000	0.15	25	0.013032
2000	0.15	22	0.012595
2000	0.15	25	0.014996
2000	0.15	23	0.041662
2000	0.15	18	0.017448
2000	0.15	21	0.013914
2000	0.15	17	0.011848
2000	0.15	28	0.01319
2000	0.15	22	0.01465
2000	0.15	24	0.013318
2000	0.15	20	0.01403
2000	0.15	26	0.012683
2000	0.15	17	0.039822
2000	0.15	21	0.015001
2000	0.15	24	0.01132
2000	0.15	26	0.012885
2000	0.15	24	0.013709
2000	0.15	29	0.012136
2000	0.15	26	0.012024
2000	0.15	28	0.011728
2000	0.15	27	0.012347
2000	0.15	22	0.013976
2000	0.15	18	0.014646
2000	0.15	25	0.011503
2000	0.15	27	0.013245
2000	0.15	28	0.011394
2000	0.15	26	0.012849
2000	0.15	30	0.011233

3000	0.15	25	0.077974
3000	0.15	25	0.0284
3000	0.15	29	0.026052
3000	0.15	23	0.027143
3000	0.15	30	0.024877
3000	0.15	32	0.027995
3000	0.15	26	0.026677
3000	0.15	23	0.030212
3000	0.15	26	0.025741
3000	0.15	27	0.025805
3000	0.15	25	0.029452
3000	0.15	16	0.03604
3000	0.15	24	0.027419
3000	0.15	23	0.033034
3000	0.15	22	0.034719
3000	0.15	19	0.02715
3000	0.15	24	0.05029
3000	0.15	17	0.036709
3000	0.15	30	0.024622
3000	0.15	31	0.026356
3000	0.15	27	0.02702
3000	0.15	28	0.028711
3000	0.15	24	0.029173
3000	0.15	25	0.028222
3000	0.15	31	0.024572
3000	0.15	23	0.02668
3000	0.15	33	0.075582
3000	0.15	26	0.027742
3000	0.15	28	0.027157
3000	0.15	24	0.028097

4000	0.15	17	0.095648
4000	0.15	24	0.074265
4000	0.15	23	0.045406
4000	0.15	33	0.045956
4000	0.15	24	0.048367
4000	0.15	30	0.048621
4000	0.15	28	0.049221
4000	0.15	20	0.057831
4000	0.15	23	0.045517
4000	0.15	21	0.060163
4000	0.15	15	0.075468
4000	0.15	26	0.051454
4000	0.15	22	0.048431
4000	0.15	30	0.045343
4000	0.15	26	0.052791
4000	0.15	24	0.053507
4000	0.15	17	0.054035
4000	0.15	24	0.049759
4000	0.15	22	0.045076
4000	0.15	33	0.091161
4000	0.15	24	0.053357
4000	0.15	22	0.058174
4000	0.15	24	0.121284
4000	0.15	28	0.047621
4000	0.15	19	0.055597
4000	0.15	23	0.044699
4000	0.15	26	0.047586
4000	0.15	26	0.053206
4000	0.15	28	0.043307
4000	0.15	28	0.047009

5000	0.15	32	0.142006
5000	0.15	31	0.069212
5000	0.15	24	0.089536
5000	0.15	29	0.073051
5000	0.15	27	0.081155
5000	0.15	22	0.075883
5000	0.15	31	0.069225
5000	0.15	29	0.070904
5000	0.15	28	0.077618
5000	0.15	33	0.064262
5000	0.15	30	0.071889
5000	0.15	33	0.07884
5000	0.15	32	0.076873
5000	0.15	24	0.078498
5000	0.15	28	0.072025
5000	0.15	22	0.068269
5000	0.15	27	0.074689
5000	0.15	26	0.081899
5000	0.15	29	0.068687
5000	0.15	24	0.078301
5000	0.15	28	0.075929
5000	0.15	25	0.076771
5000	0.15	21	0.078913
5000	0.15	31	0.06989
5000	0.15	22	0.070942
5000	0.15	27	0.075587
5000	0.15	32	0.107444
5000	0.15	35	0.066462
5000	0.15	28	0.070408
5000	0.15	26	0.145968

6000	0.15	29	0.117294
6000	0.15	28	0.097298
6000	0.15	22	0.136213
6000	0.15	22	0.11472
6000	0.15	28	0.128101
6000	0.15	28	0.10388
6000	0.15	23	0.110007
6000	0.15	34	0.108734
6000	0.15	23	0.124882
6000	0.15	26	0.115221
6000	0.15	25	0.128056
6000	0.15	20	0.126859
6000	0.15	35	0.095918
6000	0.15	25	0.11201
6000	0.15	31	0.095146
6000	0.15	21	0.138609
6000	0.15	24	0.171449
6000	0.15	29	0.107239
6000	0.15	33	0.092182
6000	0.15	30	0.116503
6000	0.15	22	0.159242
6000	0.15	28	0.106661
6000	0.15	27	0.125581
6000	0.15	29	0.105006
6000	0.15	32	0.112049
6000	0.15	28	0.126982
6000	0.15	26	0.119009
6000	0.15	24	0.098733
6000	0.15	27	0.100367
6000	0.15	26	0.110385

7000	0.15	28	0.204036
7000	0.15	27	0.146383
7000	0.15	21	0.175794
7000	0.15	30	0.14929
7000	0.15	28	0.163151
7000	0.15	31	0.118028
7000	0.15	27	0.142138
7000	0.15	23	0.192663
7000	0.15	23	0.162535
7000	0.15	23	0.201915
7000	0.15	27	0.140811
7000	0.15	30	0.15217
7000	0.15	30	0.137503
7000	0.15	32	0.124995
7000	0.15	29	0.172202
7000	0.15	30	0.133279
7000	0.15	32	0.132014
7000	0.15	27	0.152216
7000	0.15	33	0.124058
7000	0.15	31	0.166237
7000	0.15	18	0.171382
7000	0.15	25	0.156317
7000	0.15	21	0.144986
7000	0.15	28	0.140526
7000	0.15	32	0.148616
7000	0.15	31	0.169081
7000	0.15	33	0.154603
7000	0.15	21	0.144485
7000	0.15	26	0.20329
7000	0.15	24	0.163874

8000	0.15	22	0.221709
8000	0.15	31	0.181466
8000	0.15	30	0.200404
8000	0.15	28	0.208109
8000	0.15	31	0.19133
8000	0.15	30	0.19128
8000	0.15	24	0.195124
8000	0.15	28	0.205311
8000	0.15	28	0.213611
8000	0.15	21	0.200531
8000	0.15	28	0.179029
8000	0.15	28	0.167937
8000	0.15	28	0.202106
8000	0.15	21	0.196411
8000	0.15	30	0.178069
8000	0.15	29	0.202747
8000	0.15	30	0.177134
8000	0.15	29	0.192868
8000	0.15	22	0.206219
8000	0.15	33	0.170834
8000	0.15	22	0.184499
8000	0.15	32	0.172984
8000	0.15	31	0.198936
8000	0.15	32	0.179742
8000	0.15	26	0.18331
8000	0.15	20	0.25933
8000	0.15	34	0.15762
8000	0.15	30	0.192453
8000	0.15	34	0.183852
8000	0.15	17	0.220891

9000	0.15	35	0.237162
9000	0.15	27	0.220228
9000	0.15	22	0.261412
9000	0.15	34	0.246102
9000	0.15	18	0.314474
9000	0.15	29	0.244296
9000	0.15	25	0.265191
9000	0.15	27	0.23717
9000	0.15	31	0.226102
9000	0.15	26	0.246782
9000	0.15	27	0.23875
9000	0.15	31	0.241988
9000	0.15	17	0.337915
9000	0.15	16	0.314746
9000	0.15	26	0.237368
9000	0.15	23	0.265651
9000	0.15	19	0.303405
9000	0.15	29	0.25821
9000	0.15	30	0.208627
9000	0.15	21	0.311494
9000	0.15	26	0.243071
9000	0.15	21	0.290333
9000	0.15	29	0.249745
9000	0.15	27	0.265027
9000	0.15	22	0.254794
9000	0.15	24	0.223815
9000	0.15	23	0.217844
9000	0.15	31	0.224685
9000	0.15	20	0.279713
9000	0.15	27	0.266555

10000	0.15	23	0.322542
10000	0.15	34	0.243695
10000	0.15	30	0.273516
10000	0.15	33	0.249472
10000	0.15	24	0.329191
10000	0.15	25	0.316245
10000	0.15	28	0.283669
10000	0.15	29	0.272764
10000	0.15	29	0.27696
10000	0.15	27	0.351837
10000	0.15	25	0.359873
10000	0.15	29	0.320291
10000	0.15	29	0.345165
10000	0.15	28	0.384038
10000	0.15	28	0.274236
10000	0.15	22	0.313229
10000	0.15	18	0.358443
10000	0.15	20	0.293911
10000	0.15	27	0.304605
10000	0.15	29	0.27558
10000	0.15	35	0.283059
10000	0.15	34	0.324149
10000	0.15	30	0.311671
10000	0.15	31	0.267345
10000	0.15	20	0.393353
10000	0.15	21	0.345354
10000	0.15	19	0.390975
10000	0.15	24	0.365461
10000	0.15	27	0.278769
10000	0.15	24	0.285681

11000	0.15	30	0.351519
11000	0.15	27	0.441241
11000	0.15	24	0.402337
11000	0.15	27	0.364729
11000	0.15	29	0.381667
11000	0.15	22	0.424859
11000	0.15	32	0.342574
11000	0.15	26	0.389971
11000	0.15	26	0.410049
11000	0.15	30	0.35376
11000	0.15	27	0.312763
11000	0.15	31	0.339136
11000	0.15	29	0.330303
11000	0.15	21	0.399887
11000	0.15	26	0.431426
11000	0.15	35	0.309307
11000	0.15	25	0.393833
11000	0.15	23	0.35599
11000	0.15	25	0.336974
11000	0.15	32	0.316677
11000	0.15	22	0.490622
11000	0.15	29	0.368018
11000	0.15	24	0.41583
11000	0.15	35	0.354027
11000	0.15	26	0.415715
11000	0.15	27	0.392896
11000	0.15	27	0.355603
11000	0.15	32	0.300135
11000	0.15	29	0.405727
11000	0.15	23	0.431002

12000	0.15	34	0.505247
12000	0.15	25	0.449183
12000	0.15	29	0.438926
12000	0.15	36	0.410306
12000	0.15	30	0.427662
12000	0.15	32	0.375409
12000	0.15	25	0.433353
12000	0.15	24	0.465744
12000	0.15	24	0.458531
12000	0.15	24	0.529517
12000	0.15	32	0.426343
12000	0.15	27	0.408371
12000	0.15	22	0.447135
12000	0.15	34	0.419685
12000	0.15	30	0.418068
12000	0.15	30	0.399619
12000	0.15	26	0.485565
12000	0.15	26	0.47915
12000	0.15	28	0.446014
12000	0.15	32	0.407383
12000	0.15	29	0.387871
12000	0.15	27	0.404259
12000	0.15	27	0.416891
12000	0.15	17	0.497446
12000	0.15	30	0.413903
12000	0.15	24	0.442289
12000	0.15	25	0.475328
12000	0.15	29	0.591199
12000	0.15	26	0.464979
12000	0.15	22	0.536974

13000	0.15	30	0.478433
13000	0.15	15	0.656842
13000	0.15	31	0.530954
13000	0.15	31	0.458148
13000	0.15	28	0.512186
13000	0.15	26	0.543555
13000	0.15	34	0.517231
13000	0.15	29	0.53469
13000	0.15	22	0.485319
13000	0.15	31	0.475811
13000	0.15	21	0.546694
13000	0.15	24	0.574324
13000	0.15	21	0.606082
13000	0.15	24	0.465632
13000	0.15	32	0.514207
13000	0.15	26	0.525995
13000	0.15	19	0.691931
13000	0.15	27	0.5756
13000	0.15	29	0.495287
13000	0.15	30	0.548173
13000	0.15	22	0.603716
13000	0.15	27	0.573121
13000	0.15	19	0.602877
13000	0.15	28	0.622606
13000	0.15	31	0.512506
13000	0.15	16	0.48168
13000	0.15	36	0.447
13000	0.15	35	0.454852
13000	0.15	24	0.523962
13000	0.15	30	0.531869

14000	0.15	29	0.551134
14000	0.15	31	0.534578
14000	0.15	23	0.6646
14000	0.15	19	0.942571
14000	0.15	32	0.51184
14000	0.15	27	0.630912
14000	0.15	28	0.578102
14000	0.15	32	0.508358
14000	0.15	29	0.630264
14000	0.15	23	0.642693
14000	0.15	31	0.491767
14000	0.15	31	0.509757
14000	0.15	31	0.480844
14000	0.15	19	0.601809
14000	0.15	28	0.589037
14000	0.15	30	0.565691
14000	0.15	29	0.682048
14000	0.15	26	0.627417
14000	0.15	28	0.582367
14000	0.15	31	0.676927
14000	0.15	30	0.723662
14000	0.15	30	0.619039
14000	0.15	27	0.683895
14000	0.15	36	0.610921
14000	0.15	25	0.582295
14000	0.15	34	0.585673
14000	0.15	32	0.591236
14000	0.15	27	0.613042
14000	0.15	34	0.550924
14000	0.15	23	0.558719

15000	0.15	28	0.678686
15000	0.15	20	0.754132
15000	0.15	26	0.84718
15000	0.15	20	0.779182
15000	0.15	31	0.698429
15000	0.15	29	0.697602
15000	0.15	26	0.72628
15000	0.15	27	0.807182
15000	0.15	32	0.619611
15000	0.15	29	0.680189
15000	0.15	22	0.738351
15000	0.15	22	0.858231
15000	0.15	34	0.632616
15000	0.15	31	0.670165
15000	0.15	22	0.986942
15000	0.15	19	0.71055
15000	0.15	27	0.70027
15000	0.15	29	0.654622
15000	0.15	27	0.674091
15000	0.15	26	0.679282
15000	0.15	25	0.766668
15000	0.15	23	0.815722
15000	0.15	23	0.804545
15000	0.15	19	1.01829
15000	0.15	30	0.640629
15000	0.15	30	0.692525
15000	0.15	25	0.704458
15000	0.15	23	0.731324
15000	0.15	30	0.636931
15000	0.15	25	0.680674

16000	0.15	31	0.728641
16000	0.15	22	0.847281
16000	0.15	28	0.7427
16000	0.15	27	0.764343
16000	0.15	28	0.739793
16000	0.15	21	0.821152
16000	0.15	36	0.710587
16000	0.15	30	0.80617
16000	0.15	32	0.707839
16000	0.15	25	0.829703
16000	0.15	25	0.86004
16000	0.15	27	0.828071
16000	0.15	30	0.671091
16000	0.15	26	0.72886
16000	0.15	30	0.786861
16000	0.15	25	0.964006
16000	0.15	25	0.946411
16000	0.15	24	0.845258
16000	0.15	33	0.689166
16000	0.15	30	0.694291
16000	0.15	26	0.692018
16000	0.15	28	0.681672
16000	0.15	26	0.894891
16000	0.15	26	0.769153
16000	0.15	25	0.795509
16000	0.15	25	0.731848
16000	0.15	24	0.828018
16000	0.15	24	0.85032
16000	0.15	29	0.776764
16000	0.15	25	0.795344

17000	0.15	23	0.897776
17000	0.15	32	0.92719
17000	0.15	29	0.876171
17000	0.15	24	0.879329
17000	0.15	31	0.890232
17000	0.15	26	0.889657
17000	0.15	24	0.933019
17000	0.15	33	0.80683
17000	0.15	33	0.704099
17000	0.15	28	0.78049
17000	0.15	28	1.07546
17000	0.15	29	0.794076
17000	0.15	32	0.73393
17000	0.15	25	0.868219
17000	0.15	25	0.942477
17000	0.15	26	0.888604
17000	0.15	26	0.991184
17000	0.15	31	0.792464
17000	0.15	27	0.778098
17000	0.15	37	0.782266
17000	0.15	30	0.832172
17000	0.15	33	0.843047
17000	0.15	21	1.05619
17000	0.15	21	0.908297
17000	0.15	29	0.821176
17000	0.15	24	1.08657
17000	0.15	23	0.874921
17000	0.15	26	0.807902
17000	0.15	23	0.785027
17000	0.15	30	0.8366

18000	0.15	27	0.955509
18000	0.15	24	0.86938
18000	0.15	29	0.982765
18000	0.15	28	0.909765
18000	0.15	28	0.872656
18000	0.15	27	1.06763
18000	0.15	23	1.02587
18000	0.15	19	0.920489
18000	0.15	24	0.978124
18000	0.15	31	0.842457
18000	0.15	24	1.00934
18000	0.15	33	0.890555
18000	0.15	26	0.985626
18000	0.15	23	1.08706
18000	0.15	27	0.84175
18000	0.15	24	1.13408
18000	0.15	30	0.915584
18000	0.15	30	0.9565
18000	0.15	26	0.944284
18000	0.15	26	0.916914
18000	0.15	27	0.944085
18000	0.15	32	0.864209
18000	0.15	27	1.09907
18000	0.15	24	1.138
18000	0.15	29	0.907028
18000	0.15	25	1.06141
18000	0.15	29	1.05798
18000	0.15	29	1.06229
18000	0.15	27	0.967461
18000	0.15	28	0.925133

19000	0.15	18	1.52705
19000	0.15	22	1.23672
19000	0.15	28	1.18228
19000	0.15	22	1.10819
19000	0.15	26	1.08513
19000	0.15	21	1.37252
19000	0.15	28	1.07478
19000	0.15	27	1.06655
19000	0.15	30	0.909806
19000	0.15	33	0.915025
19000	0.15	28	1.04937
19000	0.15	26	1.43973
19000	0.15	28	0.982275
19000	0.15	26	1.16686
19000	0.15	32	1.02931
19000	0.15	32	1.04062
19000	0.15	22	1.07553
19000	0.15	26	1.39448
19000	0.15	25	1.16594
19000	0.15	31	1.04872
19000	0.15	24	1.1246
19000	0.15	30	1.02725
19000	0.15	20	1.44427
19000	0.15	28	1.18054
19000	0.15	17	1.16164
19000	0.15	30	0.968894
19000	0.15	28	1.08595
19000	0.15	27	1.01381
19000	0.15	30	1.04389
19000	0.15	26	1.14323

20000	0.15	16	1.50374
20000	0.15	26	1.46715
20000	0.15	31	1.08295
20000	0.15	34	1.15847
20000	0.15	24	1.5106
20000	0.15	20	1.25285
20000	0.15	19	1.40135
20000	0.15	21	1.19189
20000	0.15	25	1.45961
20000	0.15	30	1.09713
20000	0.15	30	1.19396
20000	0.15	27	1.17266
20000	0.15	29	1.17014
20000	0.15	24	1.23136
20000	0.15	24	1.18594
20000	0.15	24	1.33633
20000	0.15	24	1.44455
20000	0.15	31	1.17405
20000	0.15	25	1.21353
20000	0.15	25	1.21177
20000	0.15	33	1.09566
20000	0.15	25	1.56986
20000	0.15	21	1.33676
20000	0.15	29	1.25958
20000	0.15	15	1.4089
20000	0.15	24	1.22883
20000	0.15	24	1.42516
20000	0.15	32	1.14482
20000	0.15	19	1.21261
20000	0.15	27	1.35022

21000	0.15	20	1.54434
21000	0.15	21	1.33278
21000	0.15	32	1.29192
21000	0.15	28	1.31983
21000	0.15	34	1.20819
21000	0.15	24	1.31505
21000	0.15	24	1.46034
21000	0.15	27	1.25973
21000	0.15	30	1.31139
21000	0.15	17	1.38398
21000	0.15	30	1.21873
21000	0.15	30	1.21297
21000	0.15	26	1.43419
21000	0.15	27	1.46303
21000	0.15	24	1.60036
21000	0.15	31	1.35665
21000	0.15	26	1.18694
21000	0.15	28	1.3037
21000	0.15	33	1.15241
21000	0.15	36	0.980075
21000	0.15	27	1.38285
21000	0.15	25	1.13707
21000	0.15	21	1.2658
21000	0.15	18	1.52786
21000	0.15	30	1.31083
21000	0.15	27	1.57622
21000	0.15	29	1.18122
21000	0.15	23	1.36924
21000	0.15	24	1.31332
21000	0.15	26	1.33305

22000	0.15	27	1.47135
22000	0.15	30	1.3847
22000	0.15	34	1.40249
22000	0.15	28	1.46521
22000	0.15	34	1.38423
22000	0.15	24	1.4721
22000	0.15	36	1.22588
22000	0.15	28	1.37259
22000	0.15	26	1.53916
22000	0.15	24	1.43946
22000	0.15	31	1.55751
22000	0.15	27	1.61867
22000	0.15	33	1.38047
22000	0.15	27	1.36431
22000	0.15	31	1.54848
22000	0.15	22	1.34077
22000	0.15	21	1.55792
22000	0.15	29	1.3471
22000	0.15	25	1.4461
22000	0.15	26	1.714
22000	0.15	27	1.45393
22000	0.15	26	1.55155
22000	0.15	23	1.50205
22000	0.15	20	1.49748
22000	0.15	34	1.33039
22000	0.15	22	1.65495
22000	0.15	30	1.36892
22000	0.15	20	1.5257
22000	0.15	25	1.53836
22000	0.15	24	1.72573

23000	0.15	31	1.42092
23000	0.15	28	1.69623
23000	0.15	28	1.65327
23000	0.15	18	1.62442
23000	0.15	30	1.66117
23000	0.15	31	1.48546
23000	0.15	22	1.89811
23000	0.15	27	1.87753
23000	0.15	28	1.3615
23000	0.15	21	1.65798
23000	0.15	35	1.34048
23000	0.15	28	1.7336
23000	0.15	22	1.57906
23000	0.15	30	1.65343
23000	0.15	21	1.66294
23000	0.15	21	1.61668
23000	0.15	27	1.51963
23000	0.15	21	1.79211
23000	0.15	24	1.54477
23000	0.15	28	1.72215
23000	0.15	20	1.52513
23000	0.15	26	1.52368
23000	0.15	20	1.93611
23000	0.15	33	1.50638
23000	0.15	28	1.5052
23000	0.15	29	1.65702
23000	0.15	28	1.71029
23000	0.15	27	1.59329
23000	0.15	31	1.76095
23000	0.15	35	1.25572

24000	0.15	28	1.7583
24000	0.15	24	1.84508
24000	0.15	31	1.61128
24000	0.15	34	1.42713
24000	0.15	28	1.47406
24000	0.15	24	1.70036
24000	0.15	25	2.10683
24000	0.15	22	1.63787
24000	0.15	27	1.60788
24000	0.15	31	1.72107
24000	0.15	26	1.65343
24000	0.15	25	1.67642
24000	0.15	27	1.76132
24000	0.15	20	2.08325
24000	0.15	18	2.41686
24000	0.15	25	1.81324
24000	0.15	34	1.71173
24000	0.15	23	1.7637
24000	0.15	31	1.62219
24000	0.15	28	1.63659
24000	0.15	25	1.48047
24000	0.15	31	1.56648
24000	0.15	27	1.93879
24000	0.15	26	1.8901
24000	0.15	30	1.7282
24000	0.15	33	1.72671
24000	0.15	25	1.85495
24000	0.15	33	1.56592
24000	0.15	31	1.62001
24000	0.15	25	1.741

25000	0.15	34	1.73991
25000	0.15	21	2.3365
25000	0.15	22	1.81484
25000	0.15	29	2.05821
25000	0.15	24	2.02525
25000	0.15	31	1.55334
25000	0.15	30	1.6509
25000	0.15	22	1.99993
25000	0.15	26	1.8112
25000	0.15	26	1.93598
25000	0.15	27	1.92994
25000	0.15	19	2.36208
25000	0.15	28	1.82193
25000	0.15	30	1.84134
25000	0.15	32	1.50172
25000	0.15	19	1.80265
25000	0.15	31	1.82705
25000	0.15	30	1.80061
25000	0.15	27	1.74947
25000	0.15	31	1.76544
25000	0.15	33	1.90432
25000	0.15	32	1.70624
25000	0.15	30	1.69933
25000	0.15	33	1.84272
25000	0.15	32	1.78463
25000	0.15	22	2.10575
25000	0.15	30	1.96494
25000	0.15	35	1.66089
25000	0.15	28	1.97892
25000	0.15	28	1.79155

26000	0.15	29	2.00229
26000	0.15	29	2.13815
26000	0.15	24	2.05884
26000	0.15	32	1.88942
26000	0.15	21	2.20831
26000	0.15	27	2.05617
26000	0.15	32	1.78932
26000	0.15	22	1.84033
26000	0.15	34	1.90647
26000	0.15	36	1.78577
26000	0.15	31	2.25712
26000	0.15	26	2.06182
26000	0.15	25	2.19381
26000	0.15	30	1.91598
26000	0.15	31	1.78534
26000	0.15	32	1.83358
26000	0.15	30	1.82299
26000	0.15	34	1.93817
26000	0.15	31	2.0342
26000	0.15	26	1.91261
26000	0.15	28	1.99622
26000	0.15	29	2.13068
26000	0.15	28	2.76494
26000	0.15	28	2.16067
26000	0.15	30	1.96353
26000	0.15	31	1.83965
26000	0.15	24	2.60195
26000	0.15	29	2.18201
26000	0.15	23	2.11217
26000	0.15	23	2.14338

27000	0.15	23	2.80921
27000	0.15	34	1.94978
27000	0.15	27	2.08539
27000	0.15	24	2.2098
27000	0.15	35	1.98535
27000	0.15	29	1.99542
27000	0.15	19	3.25041
27000	0.15	34	2.01208
27000	0.15	29	2.0263
27000	0.15	28	2.06764
27000	0.15	28	2.12325
27000	0.15	25	2.77825
27000	0.15	31	1.94723
27000	0.15	27	2.45913
27000	0.15	18	2.67446
27000	0.15	32	2.11199
27000	0.15	29	1.92722
27000	0.15	27	1.96337
27000	0.15	23	2.35844
27000	0.15	30	2.12871
27000	0.15	35	2.09574
27000	0.15	32	1.9426
27000	0.15	33	1.90246
27000	0.15	25	2.15438
27000	0.15	31	2.16391
27000	0.15	22	2.6377
27000	0.15	26	2.15027
27000	0.15	30	2.02927
27000	0.15	30	1.87788
27000	0.15	25	2.83752

28000	0.15	25	2.63709
28000	0.15	28	2.3395
28000	0.15	21	2.54961
28000	0.15	28	2.31814
28000	0.15	29	2.24157
28000	0.15	28	2.27741
28000	0.15	30	2.18191
28000	0.15	33	2.10808
28000	0.15	23	2.6191
28000	0.15	30	2.25374
28000	0.15	34	2.08431
28000	0.15	30	2.42478
28000	0.15	30	2.10622
28000	0.15	29	2.20678
28000	0.15	25	2.48682
28000	0.15	34	2.08424
28000	0.15	18	2.88945
28000	0.15	25	2.18359
28000	0.15	28	2.28063
28000	0.15	33	2.07817
28000	0.15	29	2.23846
28000	0.15	27	2.33466
28000	0.15	31	2.11216
28000	0.15	34	2.22463
28000	0.15	18	2.42919
28000	0.15	31	2.11977
28000	0.15	29	2.04773
28000	0.15	35	1.9435
28000	0.15	31	2.76173
28000	0.15	22	3.58644

29000	0.15	16	3.67986
29000	0.15	32	2.32282
29000	0.15	29	2.35666
29000	0.15	21	2.7205
29000	0.15	28	2.43464
29000	0.15	28	2.73494
29000	0.15	21	2.76561
29000	0.15	26	2.58197
29000	0.15	28	2.52821
29000	0.15	28	2.67208
29000	0.15	24	2.6454
29000	0.15	23	2.71047
29000	0.15	32	2.38129
29000	0.15	24	2.36143
29000	0.15	25	2.594
29000	0.15	20	2.47862
29000	0.15	29	2.58646
29000	0.15	21	2.67868
29000	0.15	27	2.63085
29000	0.15	32	2.3574
29000	0.15	26	2.1668
29000	0.15	31	2.65439
29000	0.15	29	2.50237
29000	0.15	23	2.95261
29000	0.15	18	2.90378
29000	0.15	22	2.4647
29000	0.15	22	3.16097
29000	0.15	26	2.9719
29000	0.15	20	2.56924
29000	0.15	22	2.63724

30000	0.15	30	2.50016
30000	0.15	26	2.58531
30000	0.15	29	2.30166
30000	0.15	33	2.49376
30000	0.15	33	2.18053
30000	0.15	34	2.28305
30000	0.15	29	2.70829
30000	0.15	20	3.74203
30000	0.15	30	2.5998
30000	0.15	24	2.48417
30000	0.15	29	2.74117
30000	0.15	34	2.45127
30000	0.15	34	2.62
30000	0.15	24	3.33743
30000	0.15	33	2.40587
30000	0.15	29	2.71576
30000	0.15	31	2.65335
30000	0.15	28	2.98718
30000	0.15	23	2.53864
30000	0.15	34	2.44675
30000	0.15	25	2.99118
30000	0.15	31	2.62407
30000	0.15	30	2.40292
30000	0.15	33	2.55578
30000	0.15	27	2.71431
30000	0.15	22	3.00402
30000	0.15	32	2.53522
30000	0.15	31	2.93677
30000	0.15	32	2.40596
30000	0.15	33	2.45708

