1000	0.1	50	0.009048	1.16406
1000	0.1	49	0.006182	1.24353
1000	0.1	53	0.005305	1.1748
1000	0.1	57	0.004766	1.18115
1000	0.1	52	0.003396	1.18054
1000	0.1	53	0.004521	1.19501
1000	0.1	52	0.002758	1.17474
1000	0.1	52	0.002744	1.14313
1000	0.1	54	0.002775	1.18994
1000	0.1	53	0.002771	1.15192
1000	0.1	54	0.002781	1.20459
1000	0.1	50	0.002822	1.19452
1000	0.1	52	0.002801	1.18024
1000	0.1	51	0.002844	1.2171
1000	0.1	52	0.002773	1.1712
1000	0.1	55	0.002782	1.19476
1000	0.1	55	0.002752	1.17615
1000	0.1	49	0.002756	1.15576
1000	0.1	53	0.002782	1.20282
1000	0.1	52	0.002777	1.20447
1000	0.1	52	0.002785	1.18146
1000	0.1	54	0.002777	1.1778
1000	0.1	55	0.002822	1.17749
1000	0.1	52	0.002806	1.18335
1000	0.1	52	0.002997	1.18347
1000	0.1	53	0.003071	1.1615
1000	0.1	49	0.0063	1.1795
1000	0.1	50	0.005002	1.18799
1000	0.1	52	0.00332	1.18018
1000	0.1	53	0.002796	1.16241

2000	0.1	56	0.008547	4.69653
2000	0.1	56	0.007923	4.60565
2000	0.1	58	0.008205	4.70184
2000	0.1	55	0.00848	4.69153
2000	0.1	58	0.012971	4.65692
2000	0.1	54	0.007973	4.63708
2000	0.1	56	0.008021	4.68726
2000	0.1	55	0.018009	4.64471
2000	0.1	59	0.008221	4.69843
2000	0.1	54	0.008052	4.65863
2000	0.1	54	0.007886	4.57263
2000	0.1	59	0.008042	4.64062
2000	0.1	59	0.008013	4.70068
2000	0.1	57	0.007974	4.65625
2000	0.1	56	0.007927	4.62537
2000	0.1	59	0.008193	4.67645
2000	0.1	57	0.008001	4.70154
2000	0.1	57	0.015196	4.60107
2000	0.1	58	0.008333	4.7066
2000	0.1	54	0.007986	4.68628
2000	0.1	61	0.007993	4.66101
2000	0.1	57	0.018973	4.66925
2000	0.1	59	0.013638	4.67804
2000	0.1	59	0.008002	4.65247
2000	0.1	55	0.008064	4.60828
2000	0.1	57	0.008186	4.62482
2000	0.1	58	0.008175	4.67938
2000	0.1	55	0.00825	4.67169
2000	0.1	58	0.007991	4.69666
2000	0.1	57	0.008574	4.73987

3000	0.1	60	0.027885	10.416
3000	0.1	58	0.015713	10.38
3000	0.1	62	0.015871	10.5401
3000	0.1	64	0.015833	10.429
3000	0.1	59	0.016158	10.5817
3000	0.1	57	0.015933	10.5728
3000	0.1	61	0.015635	10.4766
3000	0.1	59	0.015465	10.4073
3000	0.1	61	0.015667	10.5148
3000	0.1	58	0.015617	10.5332
3000	0.1	60	0.015554	10.4289
3000	0.1	60	0.016081	10.449
3000	0.1	59	0.01578	10.4944
3000	0.1	59	0.015847	10.4338
3000	0.1	56	0.015785	10.3856
3000	0.1	56	0.015637	10.3793
3000	0.1	56	0.015601	10.4261
3000	0.1	60	0.015662	10.5665
3000	0.1	61	0.015707	10.3828
3000	0.1	61	0.016052	10.6447
3000	0.1	56	0.01557	10.4785
3000	0.1	56	0.015499	10.4057
3000	0.1	61	0.015703	10.5183
3000	0.1	60	0.015828	10.4677
3000	0.1	60	0.015614	10.4609
3000	0.1	60	0.015659	10.5519
3000	0.1	60	0.015563	10.4113
3000	0.1	59	0.015553	10.4426
3000	0.1	59	0.015797	10.4463
3000	0.1	59	0.015866	10.4368

4000	0.1	63	0.026244	18.5298
4000	0.1	62	0.025499	18.5538
4000	0.1	61	0.025447	18.3081
4000	0.1	60	0.025535	18.5536
4000	0.1	62	0.025611	18.5865
4000	0.1	62	0.025399	18.4639
4000	0.1	56	0.025676	18.6012
4000	0.1	60	0.025686	18.6038
4000	0.1	59	0.02554	18.6667
4000	0.1	63	0.025855	18.4512
4000	0.1	57	0.026177	18.4586
4000	0.1	58	0.025575	18.4321
4000	0.1	61	0.025802	18.6133
4000	0.1	60	0.025672	18.5
4000	0.1	60	0.027103	18.6127
4000	0.1	61	0.025444	18.3863
4000	0.1	61	0.025743	18.5568
4000	0.1	64	0.05157	18.5148
4000	0.1	61	0.025771	18.4855
4000	0.1	59	0.025336	18.3964
4000	0.1	60	0.025472	18.4051
4000	0.1	61	0.025755	18.6179
4000	0.1	58	0.025576	18.6943
4000	0.1	62	0.025337	18.3724
4000	0.1	59	0.025652	18.5569
4000	0.1	60	0.025527	18.5316
4000	0.1	59	0.0706	18.5909
4000	0.1	62	0.044414	18.6588
4000	0.1	62	0.052751	18.6619
4000	0.1	59	0.025929	18.669

5000	0.1	59	0.038202	28.9205
5000	0.1	59	0.038717	29.0396
5000	0.1	62	0.038367	28.9304
5000	0.1	62	0.038387	28.9918
5000	0.1	62	0.038271	28.9041
5000	0.1	61	0.037973	28.9813
5000	0.1	61	0.03816	28.9399
5000	0.1	63	0.038025	28.8625
5000	0.1	62	0.037841	28.8571
5000	0.1	62	0.038004	29.0837
5000	0.1	63	0.038099	29.131
5000	0.1	62	0.037484	28.9925
5000	0.1	63	0.037975	28.9803
5000	0.1	57	0.037834	28.9214
5000	0.1	61	0.037592	28.6912
5000	0.1	60	0.038306	29.1661
5000	0.1	62	0.038035	29.0358
5000	0.1	62	0.038098	29.1442
5000	0.1	63	0.038063	29.0157
5000	0.1	62	0.038149	28.8314
5000	0.1	63	0.040044	28.8069
5000	0.1	63	0.045344	28.9086
5000	0.1	61	0.037272	29.0988
5000	0.1	61	0.037149	28.9503
5000	0.1	58	0.036994	28.991
5000	0.1	58	0.037136	29.2081
5000	0.1	65	0.036955	28.9155
5000	0.1	62	0.037339	29.2545
5000	0.1	67	0.037181	29.0922
5000	0.1	59	0.0723	29.165

6000	0.1	61	0.103478	41.6735
6000	0.1	63	0.05161	41.5533
6000	0.1	59	0.052257	41.6231
6000	0.1	60	0.096107	41.3354
6000	0.1	60	0.054182	41.8105
6000	0.1	61	0.078969	41.7209
6000	0.1	62	0.052029	42.0303
6000	0.1	61	0.050995	41.5218
6000	0.1	61	0.051255	41.751
6000	0.1	63	0.051432	41.873
6000	0.1	61	0.050952	41.6218
6000	0.1	60	0.051499	41.8127
6000	0.1	62	0.051434	41.5566
6000	0.1	64	0.051427	41.5024
6000	0.1	60	0.051265	41.6674
6000	0.1	63	0.051619	41.8801
6000	0.1	61	0.052215	41.6817
6000	0.1	61	0.052551	41.9514
6000	0.1	66	0.051261	41.4995
6000	0.1	64	0.073485	41.9632
6000	0.1	64	0.051271	41.6023
6000	0.1	64	0.051712	41.8588
6000	0.1	63	0.051763	41.5831
6000	0.1	64	0.052088	41.8571
6000	0.1	66	0.051381	41.5844
6000	0.1	66	0.051969	42.058
6000	0.1	59	0.051462	41.4252
6000	0.1	67	0.051375	41.5892
6000	0.1	62	0.051814	41.6957
6000	0.1	60	0.051619	41.6574

7000	0.1	61	0.136249	56.9772
7000	0.1	64	0.137106	56.6198
7000	0.1	62	0.068376	56.7512
7000	0.1	62	0.068107	56.3426
7000	0.1	63	0.077647	56.9957
7000	0.1	65	0.075662	57.0897
7000	0.1	62	0.07374	56.6885
7000	0.1	60	0.077211	56.8102
7000	0.1	62	0.070861	56.6603
7000	0.1	59	0.070241	56.9719
7000	0.1	60	0.086058	56.7325
7000	0.1	60	0.069742	56.7783
7000	0.1	63	0.068949	56.3831
7000	0.1	66	0.068658	56.5431
7000	0.1	64	0.068647	56.7822
7000	0.1	61	0.068515	56.7148
7000	0.1	64	0.069873	56.6079
7000	0.1	63	0.070175	56.5788
7000	0.1	64	0.068497	56.57
7000	0.1	61	0.068615	56.6892
7000	0.1	66	0.068982	57.1376
7000	0.1	64	0.068229	56.5554
7000	0.1	62	0.069092	56.6481
7000	0.1	63	0.06832	56.4862
7000	0.1	63	0.085535	56.6623
7000	0.1	62	0.069266	56.6203
7000	0.1	64	0.126906	56.6113
7000	0.1	62	0.070278	56.8342
7000	0.1	62	0.09582	56.353
7000	0.1	65	0.068796	56.8016

8000	0.1	66	0.115495	74.0629
8000	0.1	61	0.090045	74.1843
8000	0.1	63	0.088797	73.7703
8000	0.1	63	0.088127	73.9749
8000	0.1	61	0.08995	74.174
8000	0.1	64	0.088713	74.2081
8000	0.1	62	0.090071	74.1253
8000	0.1	65	0.088609	74.2501
8000	0.1	64	0.088186	74.1345
8000	0.1	64	0.088239	74.2825
8000	0.1	63	0.126349	73.6691
8000	0.1	64	0.088413	74.5267
8000	0.1	66	0.088164	73.8667
8000	0.1	64	0.087613	74.1959
8000	0.1	60	0.087841	74.1108
8000	0.1	65	0.115764	74.4755
8000	0.1	65	0.087878	73.817
8000	0.1	65	0.091233	74.2131
8000	0.1	63	0.116837	73.999
8000	0.1	63	0.127208	74.5216
8000	0.1	64	0.089092	74.2336
8000	0.1	66	0.088969	73.5157
8000	0.1	61	0.115657	74.2662
8000	0.1	63	0.08801	74.2779
8000	0.1	63	0.121032	73.7504
8000	0.1	64	0.090387	74.188
8000	0.1	64	0.155111	73.7559
8000	0.1	64	0.088077	73.8271
8000	0.1	63	0.087959	74.1973
8000	0.1	65	0.088329	74.6658

9000	0.1	62	0.17538	93.3082
9000	0.1	61	0.109456	93.3734
9000	0.1	64	0.111528	94.0026
9000	0.1	68	0.110873	94.1725
9000	0.1	60	0.111472	94.06
9000	0.1	66	0.145753	92.7795
9000	0.1	62	0.13796	93.5669
9000	0.1	65	0.109958	93.8414
9000	0.1	64	0.110992	94.0716
9000	0.1	64	0.111668	93.5666
9000	0.1	61	0.110671	93.2921
9000	0.1	62	0.161584	93.769
9000	0.1	62	0.109306	93.0548
9000	0.1	63	0.109943	93.4518
9000	0.1	64	0.143887	93.9566
9000	0.1	65	0.114142	93.5173
9000	0.1	64	0.133984	93.9349
9000	0.1	62	0.110014	93.7512
9000	0.1	63	0.111351	93.5262
9000	0.1	64	0.111853	94.6821
9000	0.1	64	0.131385	92.9734
9000	0.1	66	0.110597	93.6797
9000	0.1	66	0.11066	93.9056
9000	0.1	63	0.178851	93.7936
9000	0.1	62	0.112783	93.739
9000	0.1	62	0.110492	94.2074
9000	0.1	63	0.109778	93.3479
9000	0.1	64	0.11035	93.8234
9000	0.1	62	0.110703	93.0315
9000	0.1	66	0.178297	93.6685

10000	0.1	61	0.20429	115.688
10000	0.1	63	0.13605	115.895
10000	0.1	61	0.161384	115.38
10000	0.1	65	0.134897	115.639
10000	0.1	67	0.135084	116.197
10000	0.1	65	0.13703	115.796
10000	0.1	65	0.134807	115.41
10000	0.1	65	0.135499	115.955
10000	0.1	64	0.136421	114.828
10000	0.1	63	0.13536	115.607
10000	0.1	66	0.174408	115.969
10000	0.1	67	0.13594	115.737
10000	0.1	63	0.136355	115.867
10000	0.1	63	0.203531	115.226
10000	0.1	63	0.134799	115.953
10000	0.1	61	0.135264	116.203
10000	0.1	63	0.136999	115.95
10000	0.1	64	0.133959	115.456
10000	0.1	65	0.180891	115.729
10000	0.1	62	0.135092	115.742
10000	0.1	64	0.169858	115.789
10000	0.1	67	0.16859	116.043
10000	0.1	67	0.201867	115.572
10000	0.1	63	0.135564	115.413
10000	0.1	65	0.135215	115.637
10000	0.1	66	0.135895	116.976
10000	0.1	63	0.137096	114.89
10000	0.1	64	0.199795	115.811
10000	0.1	65	0.135865	115.297
10000	0.1	62	0.194099	115.171

11000	0.1	65	0.207716	140.525
11000	0.1	63	0.163434	140.074
11000	0.1	65	0.231532	141.283
11000	0.1	64	0.212488	139.48
11000	0.1	66	0.195895	140.302
11000	0.1	61	0.228592	139.959
11000	0.1	64	0.162264	139.728
11000	0.1	66	0.162644	139.585
11000	0.1	65	0.162562	139.922
11000	0.1	67	0.163066	139.124
11000	0.1	63	0.162854	140.817
11000	0.1	68	0.178145	140.086
11000	0.1	61	0.195797	140.36
11000	0.1	68	0.161491	139.815
11000	0.1	67	0.161552	139.565
11000	0.1	66	0.162869	140.368
11000	0.1	65	0.161783	140.429
11000	0.1	68	0.168352	140.079
11000	0.1	63	0.163365	140.708
11000	0.1	64	0.194569	140.017
11000	0.1	64	0.161582	140.081
11000	0.1	65	0.160923	139.653
11000	0.1	65	0.162905	140.335
11000	0.1	62	0.162564	139.938
11000	0.1	64	0.162298	139.84
11000	0.1	67	0.161767	139.473
11000	0.1	64	0.22855	139.858
11000	0.1	63	0.221885	140.329
11000	0.1	62	0.200627	140.083
11000	0.1	65	0.16352	140.544

12000	0.1	65	0.191093	166.5
12000	0.1	64	0.192842	166.981
12000	0.1	62	0.223812	166.711
12000	0.1	65	0.191257	167.044
12000	0.1	64	0.255479	166.899
12000	0.1	66	0.244082	166.187
12000	0.1	67	0.191564	167.097
12000	0.1	65	0.191312	165.636
12000	0.1	67	0.190492	165.58
12000	0.1	66	0.19593	166.436
12000	0.1	66	0.2419	166.957
12000	0.1	64	0.191913	166.686
12000	0.1	64	0.190556	166.121
12000	0.1	66	0.248015	166.354
12000	0.1	66	0.190984	166.59
12000	0.1	63	0.192708	167.109
12000	0.1	64	0.190366	166.329
12000	0.1	65	0.192804	167.085
12000	0.1	65	0.242625	167.235
12000	0.1	63	0.241502	167.088
12000	0.1	67	0.190745	167.569
12000	0.1	65	0.191195	167.32
12000	0.1	65	0.190874	166.63
12000	0.1	64	0.192881	166.75
12000	0.1	67	0.25723	166.895
12000	0.1	65	0.191538	166.648
12000	0.1	63	0.255687	166.398
12000	0.1	66	0.249852	166.661
12000	0.1	63	0.189949	165.623
12000	0.1	66	0.191623	166.338

13000	0.1	65	0.221583	195.147
13000	0.1	67	0.226613	196.179
13000	0.1	65	0.280428	195.215
13000	0.1	67	0.261552	195.483
13000	0.1	65	0.28021	195.314
13000	0.1	64	0.221776	194.516
13000	0.1	63	0.280943	195.47
13000	0.1	68	0.222944	195.941
13000	0.1	64	0.221636	194.95
13000	0.1	65	0.2682	195.057
13000	0.1	65	0.223176	196.072
13000	0.1	62	0.221439	194.255
13000	0.1	63	0.223706	195.603
13000	0.1	68	0.223456	195.858
13000	0.1	65	0.284149	195.622
13000	0.1	69	0.223957	196.637
13000	0.1	62	0.221943	195.317
13000	0.1	63	0.227284	195.012
13000	0.1	66	0.274365	195.913
13000	0.1	66	0.254477	193.983
13000	0.1	66	0.285611	196.543
13000	0.1	65	0.221854	194.86
13000	0.1	64	0.224979	196.453
13000	0.1	68	0.250324	195.853
13000	0.1	64	0.242548	195.067
13000	0.1	67	0.235208	197.182
13000	0.1	68	0.264467	194.944
13000	0.1	65	0.222815	195.355
13000	0.1	67	0.256753	195.4
13000	0.1	62	0.222889	195.062

14000	0.1	66	0.259486	227.848
14000	0.1	66	0.263803	225.752
14000	0.1	67	0.309884	226.62
14000	0.1	65	0.256878	226.865
14000	0.1	65	0.297559	226.173
14000	0.1	61	0.265943	226.349
14000	0.1	67	0.306825	226.114
14000	0.1	63	0.256687	226.828
14000	0.1	68	0.325808	227.355
14000	0.1	67	0.288048	226.181
14000	0.1	65	0.256237	226.272
14000	0.1	68	0.255848	226.212
14000	0.1	64	0.277436	226.31
14000	0.1	62	0.283589	225.235
14000	0.1	67	0.289809	226.973
14000	0.1	66	0.25812	228.023
14000	0.1	65	0.321893	226.438
14000	0.1	63	0.256801	227.233
14000	0.1	63	0.317791	227.268
14000	0.1	66	0.271025	226.929
14000	0.1	62	0.296715	227.779
14000	0.1	63	0.316525	225.466
14000	0.1	67	0.309253	226.544
14000	0.1	63	0.321923	227.291
14000	0.1	63	0.260703	227.819
14000	0.1	64	0.258052	227.707
14000	0.1	62	0.29781	227.09
14000	0.1	63	0.262219	226.161
14000	0.1	64	0.32195	227.636
14000	0.1	65	0.292222	227.441

15000	0.1	68	0.292216	259.054
15000	0.1	66	0.292816	260.073
15000	0.1	67	0.292656	259.805
15000	0.1	66	0.350775	261.03
15000	0.1	67	0.343739	260.109
15000	0.1	68	0.291539	259.806
15000	0.1	64	0.326717	260.319
15000	0.1	65	0.345437	260.922
15000	0.1	66	0.336494	260.32
15000	0.1	63	0.352227	260.792
15000	0.1	65	0.340072	259.902
15000	0.1	64	0.313596	261.301
15000	0.1	61	0.320632	258.703
15000	0.1	65	0.344903	260.132
15000	0.1	67	0.358476	261.136
15000	0.1	66	0.293106	259.373
15000	0.1	66	0.296531	261.444
15000	0.1	66	0.292594	259.799
15000	0.1	68	0.3553	261.33
15000	0.1	64	0.293601	260.132
15000	0.1	64	0.302944	259.851
15000	0.1	64	0.293378	260.755
15000	0.1	64	0.293324	259.386
15000	0.1	68	0.29408	261.232
15000	0.1	62	0.340557	261.001
15000	0.1	65	0.296675	259.182
15000	0.1	64	0.291775	259.64
15000	0.1	67	0.33452	260.036
15000	0.1	64	0.292361	259.692
15000	0.1	67	0.292905	260.962

16000	0.1	64	0.364658	296.357
16000	0.1	65	0.330712	294.881
16000	0.1	65	0.350639	295.791
16000	0.1	65	0.397407	296.478
16000	0.1	67	0.356178	295.448
16000	0.1	63	0.331889	295.719
16000	0.1	66	0.334625	298.682
16000	0.1	66	0.332101	294.362
16000	0.1	63	0.36982	295.096
16000	0.1	65	0.330534	294.516
16000	0.1	65	0.38088	296.289
16000	0.1	68	0.382105	295.992
16000	0.1	68	0.374895	294.27
16000	0.1	62	0.341903	295.252
16000	0.1	64	0.333276	296.721
16000	0.1	65	0.35036	297.589
16000	0.1	66	0.33205	296.276
16000	0.1	64	0.381415	296.33
16000	0.1	67	0.334293	296.527
16000	0.1	70	0.397048	295.698
16000	0.1	64	0.331978	295.929
16000	0.1	65	0.331433	295.152
16000	0.1	67	0.385198	297.156
16000	0.1	65	0.374548	295.864
16000	0.1	66	0.384748	295.692
16000	0.1	66	0.331479	295.446
16000	0.1	68	0.33186	296.367
16000	0.1	64	0.331273	296.499
16000	0.1	63	0.333488	298.169
16000	0.1	64	0.33022	294.994

17000	0.1	68	0.373637	335.045
17000	0.1	68	0.431402	333.749
17000	0.1	67	0.373515	334.655
17000	0.1	66	0.375973	335.59
17000	0.1	65	0.374565	335.058
17000	0.1	71	0.373573	334.211
17000	0.1	64	0.373459	334.716
17000	0.1	68	0.40642	333.786
17000	0.1	67	0.374413	334.882
17000	0.1	64	0.3908	333.195
17000	0.1	62	0.437231	334.081
17000	0.1	64	0.372567	333.973
17000	0.1	63	0.394501	333.46
17000	0.1	65	0.373163	334.587
17000	0.1	64	0.438095	334.92
17000	0.1	66	0.405233	332.842
17000	0.1	68	0.402919	333.722
17000	0.1	64	0.411729	335.059
17000	0.1	66	0.373426	334.944
17000	0.1	65	0.373756	334.494
17000	0.1	64	0.373481	335.186
17000	0.1	66	0.374435	334.776
17000	0.1	68	0.401716	335.492
17000	0.1	64	0.431865	335.234
17000	0.1	64	0.371675	333.453
17000	0.1	64	0.373647	334.331
17000	0.1	66	0.409816	334.981
17000	0.1	66	0.373027	334.338
17000	0.1	63	0.423386	333.886
17000	0.1	65	0.42234	336.249

18000	0.1	66	0.468794	374.918
18000	0.1	63	0.469339	375.694
18000	0.1	67	0.420292	374.802
18000	0.1	64	0.477797	374.191
18000	0.1	66	0.456885	373.839
18000	0.1	68	0.478258	373.867
18000	0.1	67	0.44497	373.613
18000	0.1	67	0.467729	373.395
18000	0.1	66	0.41652	374.39
18000	0.1	66	0.453067	375.04
18000	0.1	64	0.44552	374.352
18000	0.1	66	0.461141	374.337
18000	0.1	68	0.457589	375.424
18000	0.1	64	0.463931	374.837
18000	0.1	62	0.47166	375.226
18000	0.1	65	0.416578	372.594
18000	0.1	68	0.478962	373.066
18000	0.1	63	0.42726	375.199
18000	0.1	63	0.417159	373.891
18000	0.1	66	0.434656	374.881
18000	0.1	69	0.465806	373.348
18000	0.1	65	0.415538	374.09
18000	0.1	66	0.416854	373.738
18000	0.1	64	0.487969	375.199
18000	0.1	67	0.436048	372.346
18000	0.1	65	0.496559	375.394
18000	0.1	67	0.420615	374.97
18000	0.1	67	0.463037	373.301
18000	0.1	66	0.456945	374.132
18000	0.1	65	0.458189	374.286

19000	0.1	64	0.465246	418.575
19000	0.1	68	0.506446	417.69
19000	0.1	66	0.493572	416.681
19000	0.1	69	0.463985	416.614
19000	0.1	67	0.463695	417.551
19000	0.1	70	0.528886	416.219
19000	0.1	67	0.528487	417.818
19000	0.1	66	0.485138	417.829
19000	0.1	69	0.50259	417.259
19000	0.1	69	0.520844	418.363
19000	0.1	63	0.467285	414.179
19000	0.1	65	0.472627	416.976
19000	0.1	68	0.462275	417.973
19000	0.1	67	0.531003	418.61
19000	0.1	66	0.511378	418.742
19000	0.1	66	0.497306	415.97
19000	0.1	68	0.497119	416.8
19000	0.1	66	0.46701	416.325
19000	0.1	68	0.476202	417.006
19000	0.1	67	0.472464	417.081
19000	0.1	64	0.462764	417.668
19000	0.1	64	0.463562	418.774
19000	0.1	66	0.527685	417.511
19000	0.1	64	0.520584	416.744
19000	0.1	66	0.546317	416.718
19000	0.1	62	0.513763	417.62
19000	0.1	68	0.507407	417.262
19000	0.1	65	0.521238	417.083
19000	0.1	68	0.504378	417.749
19000	0.1	65	0.52475	420.249

20000	0.1	63	0.576556	463.179
20000	0.1	66	0.514161	462.871
20000	0.1	66	0.52218	459.939
20000	0.1	68	0.518398	461.884
20000	0.1	67	0.511823	462.542
20000	0.1	65	0.51307	461.886
20000	0.1	67	0.517443	462.309
20000	0.1	67	0.515103	461.339
20000	0.1	67	0.556291	462.996
20000	0.1	66	0.584049	463.612
20000	0.1	69	0.513915	462.085
20000	0.1	63	0.546391	462.43
20000	0.1	65	0.550303	462.465
20000	0.1	64	0.511698	462.866
20000	0.1	68	0.543697	461.955
20000	0.1	70	0.564184	463.113
20000	0.1	64	0.530081	463.105
20000	0.1	68	0.51363	462.134
20000	0.1	67	0.517219	462.876
20000	0.1	66	0.512858	460.476
20000	0.1	67	0.528538	464.05
20000	0.1	64	0.536781	462.339
20000	0.1	65	0.575593	463.434
20000	0.1	68	0.5535	462.05
20000	0.1	66	0.591559	462.854
20000	0.1	64	0.553458	462.445
20000	0.1	67	0.527359	461.813
20000	0.1	69	0.533849	463.685
20000	0.1	65	0.576335	462.576
20000	0.1	64	0.542473	462.979

21000	0.1	64	0.568983	511.172
21000	0.1	65	0.602912	510.205
21000	0.1	67	0.617195	511.082
21000	0.1	68	0.628097	509.13
21000	0.1	64	0.585982	510.71
21000	0.1	65	0.581837	508.712
21000	0.1	69	0.623819	509.29
21000	0.1	63	0.563458	510.803
21000	0.1	65	0.586597	512.021
21000	0.1	70	0.568748	509.569
21000	0.1	66	0.572607	509.195
21000	0.1	62	0.562355	509.181
21000	0.1	63	0.57495	508.943
21000	0.1	65	0.571835	511.878
21000	0.1	65	0.574119	511.841
21000	0.1	67	0.592081	510.974
21000	0.1	68	0.562718	510.357
21000	0.1	71	0.632128	510.364
21000	0.1	65	0.563864	510.428
21000	0.1	68	0.562324	508.976
21000	0.1	67	0.618591	507.853
21000	0.1	65	0.605621	509.166
21000	0.1	68	0.632115	509.668
21000	0.1	64	0.598923	509.485
21000	0.1	67	0.57422	509.506
21000	0.1	67	0.607688	510.984
21000	0.1	64	0.560867	507.921
21000	0.1	65	0.578995	508.141
21000	0.1	65	0.564682	509.375
21000	0.1	67	0.634765	509.999

22000	0.1	67	0.621715	557.408
22000	0.1	61	0.653449	557.479
22000	0.1	67	0.677212	558.715
22000	0.1	67	0.682105	558.855
22000	0.1	65	0.624177	560.684
22000	0.1	67	0.64157	560.317
22000	0.1	60	0.619343	558.854
22000	0.1	67	0.664594	558.501
22000	0.1	63	0.629248	558.815
22000	0.1	69	0.648422	558.551
22000	0.1	67	0.69018	562.076
22000	0.1	64	0.653021	561.672
22000	0.1	69	0.616234	558.353
22000	0.1	66	0.689669	558.747
22000	0.1	66	0.627364	558.672
22000	0.1	65	0.620327	560.607
22000	0.1	68	0.692014	557.079
22000	0.1	65	0.619002	559.935
22000	0.1	65	0.618241	559.083
22000	0.1	68	0.687737	559.319
22000	0.1	67	0.654064	560.509
22000	0.1	65	0.663957	559.684
22000	0.1	65	0.684353	557.291
22000	0.1	70	0.623733	558.451
22000	0.1	67	0.658544	560.223
22000	0.1	66	0.621469	559.639
22000	0.1	67	0.685473	558.471
22000	0.1	68	0.620439	560.184
22000	0.1	64	0.689527	559.108
22000	0.1	65	0.668315	560.793

23000	0.1	68	0.678176	613.386
23000	0.1	68	0.691389	609.479
23000	0.1	69	0.680625	611.903
23000	0.1	67	0.682373	611.169
23000	0.1	65	0.699333	609.75
23000	0.1	68	0.701526	612.576
23000	0.1	70	0.678254	609.162
23000	0.1	67	0.680885	610.922
23000	0.1	68	0.711899	609.014
23000	0.1	66	0.706296	610.029
23000	0.1	67	0.672314	611.33
23000	0.1	66	0.680614	612.932
23000	0.1	68	0.684496	610.488
23000	0.1	65	0.708566	612.995
23000	0.1	65	0.759727	611.275
23000	0.1	68	0.740366	609.898
23000	0.1	66	0.676382	609.726
23000	0.1	65	0.673536	608.348
23000	0.1	67	0.737243	611.867
23000	0.1	66	0.681409	611.863
23000	0.1	69	0.730963	610.957
23000	0.1	67	0.72381	612.87
23000	0.1	70	0.750955	608.613
23000	0.1	68	0.731971	612.545
23000	0.1	64	0.673716	611.772
23000	0.1	66	0.695906	607.897
23000	0.1	68	0.695431	608.938
23000	0.1	68	0.676754	611.511
23000	0.1	65	0.676182	612.777
23000	0.1	68	0.70845	614.081

24000	0.1	66	0.733325	665.374
24000	0.1	68	0.74416	663.993
24000	0.1	66	0.732564	663.672
24000	0.1	70	0.772209	665.1
24000	0.1	66	0.768153	662.228
24000	0.1	67	0.731542	666.562
24000	0.1	67	0.733391	664.512
24000	0.1	67	0.7338	666.525
24000	0.1	63	0.76569	664.718
24000	0.1	66	0.756628	665.448
24000	0.1	68	0.743002	665.981
24000	0.1	72	0.750495	669.431
24000	0.1	70	0.757217	662.237
24000	0.1	66	0.803122	666.212
24000	0.1	69	0.761681	667.393
24000	0.1	66	0.797531	666.098
24000	0.1	66	0.773913	666.532
24000	0.1	65	0.794426	662.586
24000	0.1	66	0.79815	663.058
24000	0.1	67	0.803361	665.987
24000	0.1	67	0.737723	665.935
24000	0.1	65	0.803071	664.718
24000	0.1	63	0.742866	664.269
24000	0.1	65	0.728951	663.818
24000	0.1	69	0.794298	664.447
24000	0.1	67	0.810116	667.484
24000	0.1	63	0.810544	665.279
24000	0.1	67	0.730341	665.201
24000	0.1	64	0.776005	664.824
24000	0.1	67	0.73186	665.705

25000	0.1	68	0.793549	722.396
25000	0.1	66	0.831224	724.161
25000	0.1	70	0.850291	724.237
25000	0.1	65	0.793039	721.685
25000	0.1	67	0.841507	721.939
25000	0.1	65	0.803976	720.513
25000	0.1	66	0.841746	724.015
25000	0.1	67	0.844586	722.016
25000	0.1	67	0.861944	722.846
25000	0.1	67	0.801615	720.796
25000	0.1	68	0.858431	723.82
25000	0.1	64	0.83712	721.159
25000	0.1	66	0.837471	720.558
25000	0.1	64	0.833316	720.499
25000	0.1	69	0.834116	724.49
25000	0.1	67	0.861852	723.243
25000	0.1	69	0.805829	722.772
25000	0.1	67	0.843175	723.744
25000	0.1	66	0.80389	721.762
25000	0.1	63	0.836154	720.417
25000	0.1	66	0.851782	722.354
25000	0.1	64	0.86654	725.755
25000	0.1	67	0.821442	720.63
25000	0.1	67	0.801559	723.608
25000	0.1	67	0.81502	722.305
25000	0.1	68	0.857347	724.822
25000	0.1	68	0.837064	723.183
25000	0.1	68	0.827818	720.774
25000	0.1	66	0.856082	722.292
25000	0.1	67	0.856929	722.679

26000	0.1	68	0.891287	782.156
26000	0.1	67	0.878381	782.567
26000	0.1	67	0.901059	779.901
26000	0.1	68	0.860463	781.157
26000	0.1	63	0.924587	779.393
26000	0.1	65	0.861277	783.332
26000	0.1	68	0.855559	780.647
26000	0.1	64	0.854837	780.302
26000	0.1	64	0.893972	780.455
26000	0.1	69	0.895511	780.936
26000	0.1	66	0.890117	781.51
26000	0.1	68	0.864199	782.15
26000	0.1	67	0.912559	776.826
26000	0.1	69	0.894033	784.691
26000	0.1	68	0.929643	780.868
26000	0.1	65	0.899808	779.855
26000	0.1	65	0.89443	779.297
26000	0.1	67	0.856784	778.056
26000	0.1	68	0.920059	778.297
26000	0.1	64	0.924607	779.875
26000	0.1	64	0.926644	780.709
26000	0.1	66	0.853757	780.403
26000	0.1	67	0.898815	783.055
26000	0.1	68	0.925536	781.664
26000	0.1	67	0.856031	780.848
26000	0.1	70	0.86141	783.19
26000	0.1	68	0.884375	779.031
26000	0.1	69	0.855589	781.639
26000	0.1	63	0.927484	784.522
26000	0.1	67	0.896844	779.941

27000	0.1	65	0.974089	840.997
27000	0.1	68	0.928061	842.014
27000	0.1	68	0.955435	841.006
27000	0.1	65	0.989505	843.585
27000	0.1	69	0.983658	840.083
27000	0.1	65	0.968247	844.074
27000	0.1	68	0.958188	840.583
27000	0.1	67	0.931514	841.717
27000	0.1	66	0.931024	842.599
27000	0.1	69	0.923418	842.143
27000	0.1	70	0.980489	843.43
27000	0.1	63	0.929884	845.889
27000	0.1	70	0.996264	843.802
27000	0.1	66	0.926785	845.426
27000	0.1	66	0.996095	840.474
27000	0.1	66	0.976921	842.663
27000	0.1	68	0.967998	839.813
27000	0.1	70	0.923992	843.684
27000	0.1	67	0.988917	843.202
27000	0.1	67	0.986772	841.63
27000	0.1	68	0.922795	838.398
27000	0.1	65	0.953135	844.269
27000	0.1	61	0.922098	842.527
27000	0.1	63	0.985033	841.492
27000	0.1	64	0.940147	843.557
27000	0.1	67	0.935288	843.154
27000	0.1	70	0.921477	839.797
27000	0.1	64	0.977787	842.792
27000	0.1	69	0.958099	839.741
27000	0.1	69	0.979229	836.444

28000	0.1	64	1.02646	910.098
28000	0.1	66	1.0407	904.53
28000	0.1	67	1.05833	903.002
28000	0.1	66	1.05648	905.214
28000	0.1	65	0.990149	903.109
28000	0.1	66	0.991549	904.269
28000	0.1	67	1.00041	904.491
28000	0.1	68	0.995867	906.181
28000	0.1	70	1.02622	904.584
28000	0.1	66	1.0402	903.525
28000	0.1	67	1.04752	908.669
28000	0.1	67	0.992364	905.05
28000	0.1	68	1.01509	908.405
28000	0.1	66	1.01478	907.367
28000	0.1	68	1.00225	909.41
28000	0.1	68	0.989595	905.553
28000	0.1	67	1.0058	904.871
28000	0.1	69	0.987975	903.828
28000	0.1	68	0.994182	907.567
28000	0.1	68	1.05776	905.399
28000	0.1	68	1.05526	906.206
28000	0.1	67	0.990254	904.376
28000	0.1	65	1.00272	903.478
28000	0.1	66	1.02214	902.452
28000	0.1	64	1.01794	904.222
28000	0.1	65	1.05197	907.493
28000	0.1	67	0.987894	905.567
28000	0.1	66	0.995018	905.463
28000	0.1	69	1.03971	907.097
28000	0.1	64	1.03255	902.796

29000	0.1	69	1.0653	973.995
29000	0.1	66	1.12223	970.804
29000	0.1	67	1.06412	970.333
29000	0.1	66	1.10604	972.789
29000	0.1	71	1.13256	970.075
29000	0.1	66	1.07123	972.73
29000	0.1	66	1.13172	970.191
29000	0.1	66	1.11875	970.578
29000	0.1	68	1.12506	972.161
29000	0.1	67	1.14275	974.956
29000	0.1	62	1.08762	968.8
29000	0.1	67	1.078	972.204
29000	0.1	66	1.08647	974.48
29000	0.1	70	1.09023	968.84
29000	0.1	66	1.06171	969.686
29000	0.1	68	1.09103	973.171
29000	0.1	69	1.11768	969.018
29000	0.1	66	1.09739	972.607
29000	0.1	64	1.11836	975.781
29000	0.1	67	1.11226	971.889
29000	0.1	67	1.135	973.409
29000	0.1	67	1.10968	971.397
29000	0.1	64	1.12548	972.312
29000	0.1	66	1.11497	973.035
29000	0.1	67	1.07621	969.739
29000	0.1	67	1.06835	969.873
29000	0.1	67	1.07941	968.766
29000	0.1	70	1.07371	970.274
29000	0.1	68	1.06739	971.359
29000	0.1	66	1.13505	973.148

30000	0.1	65	1.17186	1038.54
30000	0.1	65	1.14053	1037.18
30000	0.1	69	1.13622	1038.07
30000	0.1	65	1.13414	1041.23
30000	0.1	67	1.14887	1037.61
30000	0.1	68	1.13286	1040.38
30000	0.1	67	1.14483	1038.4
30000	0.1	67	1.19255	1041.86
30000	0.1	69	1.17172	1040.95
30000	0.1	67	1.18752	1041.96
30000	0.1	67	1.14333	1039.52
30000	0.1	67	1.15846	1040.81
30000	0.1	71	1.17053	1039.66
30000	0.1	67	1.21289	1043.45
30000	0.1	65	1.13252	1038.09
30000	0.1	64	1.13999	1043.6
30000	0.1	63	1.13372	1038.69
30000	0.1	64	1.13546	1038.71
30000	0.1	63	1.13222	1038.32
30000	0.1	66	1.13894	1041.21
30000	0.1	66	1.2009	1040.28
30000	0.1	65	1.18073	1039.21
30000	0.1	70	1.1953	1039.55
30000	0.1	67	1.18115	1038.28
30000	0.1	69	1.20225	1039.28
30000	0.1	68	1.18886	1036.34
30000	0.1	72	1.16798	1040.57
30000	0.1	68	1.18583	1044.98
30000	0.1	68	1.19344	1038.45
30000	0.1	66	1.20381	1042.66

