1000	0.2	16	0.010450	4.37866
1000	0.2	16	0.009629	4.72638
1000	0.2	18	0.007165	3.80859
1000	0.2	14	0.005328	5.08667
1000	0.2	15	0.005259	5.03864
1000	0.2	12	0.005328	6.0921
1000	0.2	20	0.004962	4.13385
1000	0.2	16	0.004984	4.72144
1000	0.2	17	0.004362	4.13129
1000	0.2	15	0.004557	4.0498
1000	0.2	12	0.005478	5.06482
1000	0.2	16	0.005069	4.01501
1000	0.2	16	0.004765	4.50256
1000	0.2	14	0.005742	5.87311
1000	0.2	13	0.005639	5.94568
1000	0.2	14	0.004928	5.01477
1000	0.2	16	0.005461	4.78247
1000	0.2	17	0.004935	4.46063
1000	0.2	17	0.005729	5.13928
1000	0.2	16	0.005459	4.89777
1000	0.2	15	0.004555	4.40137
1000	0.2	16	0.005195	5.34344
1000	0.2	15	0.006023	5.86487
1000	0.2	10	0.006445	7.32397
1000	0.2	15	0.010897	5.86603
1000	0.2	17	0.007409	4.69006
1000	0.2	14	0.007984	4.93585
1000	0.2	14	0.005381	5.33002
1000	0.2	16	0.005038	4.56213
1000	0.2	15	0.005081	5.1709

2000	0.2	14	0.021041	27.7692
2000	0.2	18	0.015544	18.5948
2000	0.2	19	0.016006	19.9278
2000	0.2	15	0.014805	19.3749
2000	0.2	19	0.014828	15.9835
2000	0.2	20	0.028727	18.3483
2000	0.2	14	0.016660	21.7575
2000	0.2	18	0.015787	18.9238
2000	0.2	16	0.017740	15.9741
2000	0.2	19	0.015492	18.1667
2000	0.2	17	0.028318	20.704
2000	0.2	19	0.014914	17.3121
2000	0.2	16	0.028354	20.6737
2000	0.2	17	0.017598	19.9974
2000	0.2	18	0.032202	19.4546
2000	0.2	17	0.026269	19.5636
2000	0.2	19	0.014748	16.2594
2000	0.2	17	0.015938	19.135
2000	0.2	13	0.014899	19.0632
2000	0.2	19	0.014034	16.0035
2000	0.2	17	0.014715	16.7385
2000	0.2	19	0.015927	18.7057
2000	0.2	17	0.015129	17.9918
2000	0.2	15	0.018874	26.2324
2000	0.2	16	0.015385	17.0888
2000	0.2	18	0.030316	21.3536
2000	0.2	20	0.048483	18.3605
2000	0.2	19	0.024733	17.8195
2000	0.2	13	0.015566	18.8408
2000	0.2	16	0.014967	17.6774

3000	0.2	19	0.037211	48.5085
3000	0.2	18	0.030500	36.1683
3000	0.2	21	0.028474	34.9238
3000	0.2	18	0.038364	54.4224
3000	0.2	17	0.031178	41.2322
3000	0.2	19	0.031327	40.4481
3000	0.2	16	0.031029	42.2916
3000	0.2	18	0.036006	46.3212
3000	0.2	21	0.028466	40.2667
3000	0.2	18	0.032468	47.4048
3000	0.2	17	0.041628	51.6486
3000	0.2	11	0.045366	61.2159
3000	0.2	18	0.032238	38.8372
3000	0.2	18	0.032458	43.8172
3000	0.2	14	0.039675	55.2612
3000	0.2	19	0.034426	44.3072
3000	0.2	15	0.033856	45.1489
3000	0.2	14	0.030666	49.2598
3000	0.2	17	0.032357	43.6786
3000	0.2	19	0.031319	39.9366
3000	0.2	17	0.034192	44.1137
3000	0.2	21	0.032732	41.4681
3000	0.2	15	0.040552	52.5585
3000	0.2	19	0.029279	34.9741
3000	0.2	18	0.029777	40.6092
3000	0.2	18	0.031973	43.2007
3000	0.2	21	0.034683	42.5595
3000	0.2	17	0.031636	38.9501
3000	0.2	17	0.042539	55.0635
3000	0.2	17	0.032923	46.3312

4000	0.2	16	0.066845	88.4523
4000	0.2	19	0.063345	73.6691
4000	0.2	13	0.074503	88.6638
4000	0.2	21	0.054171	63.0515
4000	0.2	18	0.058645	73.1433
4000	0.2	21	0.056857	67.0668
4000	0.2	22	0.051388	63.4742
4000	0.2	15	0.064481	91.0678
4000	0.2	15	0.062208	78.3843
4000	0.2	16	0.059941	77.08
4000	0.2	12	0.083592	135.106
4000	0.2	18	0.067816	87.0937
4000	0.2	18	0.061456	80.1115
4000	0.2	22	0.057991	72.6247
4000	0.2	18	0.063336	77.6444
4000	0.2	18	0.065438	81.4776
4000	0.2	18	0.064962	86.0018
4000	0.2	18	0.055007	64.8754
4000	0.2	15	0.061156	79.6036
4000	0.2	19	0.061961	74.6539
4000	0.2	17	0.056278	70.3808
4000	0.2	16	0.062698	88.1171
4000	0.2	19	0.078642	75.2271
4000	0.2	17	0.133348	80.4529
4000	0.2	19	0.054636	68.9308
4000	0.2	19	0.051589	62.8148
4000	0.2	18	0.062417	85.1423
4000	0.2	16	0.065292	79.3356
4000	0.2	17	0.060772	73.2671
4000	0.2	19	0.062189	72.546

5000	0.2	20	0.110727	116.363
5000	0.2	20	0.152565	99.5629
5000	0.2	21	0.100538	122.111
5000	0.2	17	0.110483	134.196
5000	0.2	19	0.100714	145.984
5000	0.2	19	0.121765	118.132
5000	0.2	16	0.178177	152.78
5000	0.2	19	0.180350	136.401
5000	0.2	20	0.150617	101.411
5000	0.2	22	0.106233	92.4224
5000	0.2	19	0.163184	112.944
5000	0.2	22	0.159087	107.758
5000	0.2	22	0.164577	124.658
5000	0.2	16	0.195566	158.782
5000	0.2	20	0.089517	100.796
5000	0.2	16	0.104990	142.231
5000	0.2	20	0.158755	112.707
5000	0.2	19	0.150790	101.909
5000	0.2	22	0.161473	118.789
5000	0.2	17	0.133599	147.501
5000	0.2	23	0.150811	94.3391
5000	0.2	16	0.202886	204.309
5000	0.2	19	0.166281	121.677
5000	0.2	19	0.163365	119.196
5000	0.2	17	0.103879	124.112
5000	0.2	18	0.162470	110.397
5000	0.2	18	0.135286	102.334
5000	0.2	22	0.153766	110.668
5000	0.2	19	0.161692	116.978
5000	0.2	13	0.123020	191.391

6000	0.2	17	0.183573	206.445
6000	0.2	21	0.181586	153.301
6000	0.2	15	0.201296	238.771
6000	0.2	17	0.224021	203.752
6000	0.2	18	0.129533	151.636
6000	0.2	18	0.211712	176.695
6000	0.2	16	0.226891	217.955
6000	0.2	21	0.223009	183.814
6000	0.2	18	0.197586	161.023
6000	0.2	16	0.169618	186.285
6000	0.2	19	0.202631	184.19
6000	0.2	18	0.195544	154.419
6000	0.2	14	0.199836	162.744
6000	0.2	18	0.142721	174.401
6000	0.2	21	0.173137	147.397
6000	0.2	16	0.212928	177.874
6000	0.2	15	0.192706	203.052
6000	0.2	19	0.147000	163.378
6000	0.2	23	0.141757	134.988
6000	0.2	17	0.217430	179.672
6000	0.2	18	0.188493	138.222
6000	0.2	18	0.205034	199.253
6000	0.2	19	0.191122	168.323
6000	0.2	16	0.167879	193.177
6000	0.2	22	0.121173	138.836
6000	0.2	22	0.184260	137.392
6000	0.2	19	0.212991	174.894
6000	0.2	15	0.220589	218.004
6000	0.2	13	0.210704	204.766
6000	0.2	22	0.206335	157.429

7000	0.2	21	0.189332	228.839
7000	0.2	21	0.244559	197.758
7000	0.2	13	0.325308	366.507
7000	0.2	17	0.290068	296.604
7000	0.2	19	0.284074	250.16
7000	0.2	23	0.238869	195.148
7000	0.2	19	0.281926	267.432
7000	0.2	19	0.262979	230.943
7000	0.2	17	0.201185	250.329
7000	0.2	12	0.349738	447.329
7000	0.2	17	0.252372	252.917
7000	0.2	15	0.344866	349.006
7000	0.2	19	0.249674	238.143
7000	0.2	18	0.273046	277.082
7000	0.2	22	0.214502	206.482
7000	0.2	21	0.183286	195.692
7000	0.2	19	0.170628	211.319
7000	0.2	21	0.230806	179.708
7000	0.2	22	0.171877	193.317
7000	0.2	21	0.276275	237.841
7000	0.2	17	0.191604	231.911
7000	0.2	19	0.197309	213.424
7000	0.2	13	0.244070	254.611
7000	0.2	17	0.281038	251.237
7000	0.2	20	0.271541	243.433
7000	0.2	20	0.241904	193.361
7000	0.2	20	0.281809	261.138
7000	0.2	13	0.253849	259.754
7000	0.2	16	0.270663	273.646
7000	0.2	18	0.238200	212.611

8000	0.2	18	0.261408	329.342
8000	0.2	20	0.243307	328.353
8000	0.2	21	0.287193	252.735
8000	0.2	20	0.282974	292.134
8000	0.2	21	0.264339	234.635
8000	0.2	20	0.277095	337.382
8000	0.2	16	0.320049	326.04
8000	0.2	19	0.312400	292.591
8000	0.2	17	0.297822	281.267
8000	0.2	16	0.360431	369.106
8000	0.2	23	0.307699	274.563
8000	0.2	20	0.296437	293.114
8000	0.2	24	0.325315	314.876
8000	0.2	14	0.341189	377.392
8000	0.2	22	0.301854	290.69
8000	0.2	19	0.325212	287.388
8000	0.2	20	0.259487	287.251
8000	0.2	19	0.298423	281.585
8000	0.2	17	0.342086	340.856
8000	0.2	20	0.328036	311.911
8000	0.2	11	0.440135	516.987
8000	0.2	18	0.253242	313.565
8000	0.2	20	0.289210	258.836
8000	0.2	22	0.254571	255.619
8000	0.2	16	0.262033	337.909
8000	0.2	16	0.327829	340.636
8000	0.2	20	0.275500	344.37
8000	0.2	21	0.311971	330.302
8000	0.2	18	0.331725	348.849
8000	0.2	18	0.311292	304.991

9000	0.2	21	0.328667	402.644
9000	0.2	20	0.397298	412.544
9000	0.2	16	0.360353	441.742
9000	0.2	20	0.328917	335.86
9000	0.2	15	0.395553	686.28
9000	0.2	20	0.371423	348.767
9000	0.2	19	0.362558	329.544
9000	0.2	20	0.406791	405.054
9000	0.2	21	0.335763	368.039
9000	0.2	16	0.383259	410.111
9000	0.2	20	0.374371	377.578
9000	0.2	19	0.319456	373.319
9000	0.2	17	0.418990	463.409
9000	0.2	16	0.384650	406.792
9000	0.2	20	0.382142	359.271
9000	0.2	18	0.327006	420.297
9000	0.2	17	0.410689	531.513
9000	0.2	22	0.327921	307.611
9000	0.2	20	0.406566	428.111
9000	0.2	15	0.391502	437.835
9000	0.2	20	0.367337	400.795
9000	0.2	15	0.306318	403.483
9000	0.2	17	0.335247	357.229
9000	0.2	16	0.401809	488.5
9000	0.2	21	0.321282	433.383
9000	0.2	18	0.354231	367.153
9000	0.2	19	0.419763	420.457
9000	0.2	20	0.389559	412.037
9000	0.2	17	0.429166	414.018
9000	0.2	19	0.410822	428.421

10000	0.2	21	0.378540	439.322
10000	0.2	21	0.411508	393.414
10000	0.2	19	0.538023	584
10000	0.2	22	0.385604	465.299
10000	0.2	18	0.568607	604.002
10000	0.2	17	0.366684	506.934
10000	0.2	19	0.417510	558.634
10000	0.2	18	0.429919	572.719
10000	0.2	20	0.465678	532.134
10000	0.2	19	0.415052	454.438
10000	0.2	18	0.472453	600.165
10000	0.2	22	0.373102	422.831
10000	0.2	19	0.509527	662.771
10000	0.2	21	0.405433	445.668
10000	0.2	18	0.410106	504.727
10000	0.2	16	0.512852	590.964
10000	0.2	20	0.396630	445.368
10000	0.2	17	0.479150	573.386
10000	0.2	19	0.405830	492.84
10000	0.2	20	0.428876	422.318
10000	0.2	18	0.481598	463.202
10000	0.2	20	0.461076	474.24
10000	0.2	20	0.399183	447.011
10000	0.2	20	0.451286	509.753
10000	0.2	14	0.422404	630.893
10000	0.2	18	0.426753	496.059
10000	0.2	16	0.559687	592.226
10000	0.2	24	0.497657	473.065
10000	0.2	21	0.490320	499.442
10000	0.2	14	0.481703	672.479

11000	0.2	23	0.460908	477.257
11000	0.2	20	0.496898	554.909
11000	0.2	14	0.640571	675.862
11000	0.2	18	0.505813	524.204
11000	0.2	22	0.479041	476.538
11000	0.2	13	0.620349	790.417
11000	0.2	19	0.522440	538.884
11000	0.2	20	0.573457	639.613
11000	0.2	20	0.497779	493.416
11000	0.2	19	0.648887	667.06
11000	0.2	21	0.524086	560.339
11000	0.2	20	0.536105	581.759
11000	0.2	21	0.536868	573.861
11000	0.2	18	0.531123	581.086
11000	0.2	17	0.515407	645.982
11000	0.2	19	0.609735	647.65
11000	0.2	17	0.536902	735.622
11000	0.2	14	0.626779	686.892
11000	0.2	18	0.522967	653.326
11000	0.2	21	0.497236	498.379
11000	0.2	15	0.662889	833.254
11000	0.2	19	0.439553	525.247
11000	0.2	16	0.512129	568.331
11000	0.2	23	0.515441	554.774
11000	0.2	22	0.517248	551.258
11000	0.2	23	0.436212	454.351
11000	0.2	20	0.541361	611.126
11000	0.2	21	0.486768	538.107
11000	0.2	19	0.429213	545.513
11000	0.2	17	0.630060	637.239

12000	0.2	20	0.580866	668.45
12000	0.2	20	0.642474	760.075
12000	0.2	23	0.640837	734.525
12000	0.2	24	0.543800	545.96
12000	0.2	25	0.553474	552.609
12000	0.2	20	0.594222	673.922
12000	0.2	22	0.562767	619.15
12000	0.2	16	0.686870	936.916
12000	0.2	18	0.640607	828.443
12000	0.2	17	0.673539	824.933
12000	0.2	21	0.590703	703.561
12000	0.2	20	0.652309	740.652
12000	0.2	18	0.628840	752.001
12000	0.2	19	0.673577	743.267
12000	0.2	20	0.577482	662.541
12000	0.2	19	0.646808	679.126
12000	0.2	20	0.618890	679.227
12000	0.2	19	0.604294	761.034
12000	0.2	19	0.674656	863.502
12000	0.2	18	0.605704	757.554
12000	0.2	18	0.534144	660.298
12000	0.2	20	0.643951	695.187
12000	0.2	21	0.615565	755.555
12000	0.2	10	0.897387	1086.31
12000	0.2	19	0.606457	672.308
12000	0.2	18	0.598851	695.901
12000	0.2	17	0.594986	646.811
12000	0.2	20	0.669679	790.231
12000	0.2	20	0.623800	684.652
12000	0.2	19	0.708890	783.846

13000	0.2	19	0.784781	905.644
13000	0.2	20	0.629571	744.375
13000	0.2	23	0.714295	704.984
13000	0.2	22	0.651432	698.874
13000	0.2	21	0.689730	866.961
13000	0.2	14	0.737766	1097
13000	0.2	19	0.739277	902.123
13000	0.2	19	0.736205	843.228
13000	0.2	15	0.770306	1054.71
13000	0.2	21	0.715463	791.205
13000	0.2	20	0.675506	782.45
13000	0.2	19	1.019011	1227.56
13000	0.2	15	0.767109	968.134
13000	0.2	18	0.683721	835.399
13000	0.2	20	0.743096	827.999
13000	0.2	18	0.826030	999.918
13000	0.2	19	0.589211	764.43
13000	0.2	21	0.865794	1001.54
13000	0.2	20	0.607149	670.531
13000	0.2	21	0.695219	704.292
13000	0.2	19	0.623776	710.24
13000	0.2	19	0.650296	762.61
13000	0.2	19	0.705787	939.964
13000	0.2	17	0.904697	959.26
13000	0.2	22	0.728091	787.022
13000	0.2	15	0.804616	985.35
13000	0.2	22	0.743513	776.9
13000	0.2	19	0.750065	937.896
13000	0.2	19	0.681367	744.216
13000	0.2	21	0.753320	936.781

14000	0.2	20	0.737919	823.026
14000	0.2	21	0.750626	833.828
14000	0.2	20	0.774931	906.987
14000	0.2	15	0.806996	958.307
14000	0.2	18	0.831619	1025.74
14000	0.2	17	0.800469	1065.58
14000	0.2	20	0.784498	821.851
14000	0.2	23	0.738141	778.393
14000	0.2	20	0.830910	997.308
14000	0.2	17	0.951370	1340.38
14000	0.2	19	0.795576	863.088
14000	0.2	22	0.699169	851.436
14000	0.2	22	0.743195	834.099
14000	0.2	16	0.880147	1175.3
14000	0.2	20	0.732762	794.694
14000	0.2	14	1.253658	1430.98
14000	0.2	22	0.775689	939.415
14000	0.2	19	0.853389	1122.26
14000	0.2	22	0.689220	835.893
14000	0.2	22	0.709923	747.564
14000	0.2	19	0.809323	954.058
14000	0.2	23	0.786938	824.846
14000	0.2	17	0.787660	846.576
14000	0.2	24	0.687199	714.748
14000	0.2	24	0.673732	730.258
14000	0.2	19	0.791417	906.544
14000	0.2	21	0.756752	891.457
14000	0.2	22	0.712467	801.358
14000	0.2	21	0.960677	1090.77
14000	0.2	17	0.866472	1110.92

15000	0.2	19	0.775776	946.619
15000	0.2	13	0.983148	1526.01
15000	0.2	23	0.883654	963.745
15000	0.2	16	0.936389	1199.3
15000	0.2	22	0.791800	943.068
15000	0.2	20	0.834937	984.228
15000	0.2	19	1.038186	1305.47
15000	0.2	22	0.806115	1044.98
15000	0.2	21	0.929630	1101
15000	0.2	24	0.919934	1034.86
15000	0.2	17	0.947132	1151.61
15000	0.2	22	0.795155	952.344
15000	0.2	22	0.896891	989.922
15000	0.2	19	0.866018	956.664
15000	0.2	16	0.850350	1042.81
15000	0.2	23	0.939182	1041.51
15000	0.2	23	0.896185	1013.15
15000	0.2	19	0.821644	1032.33
15000	0.2	20	0.921710	1092.33
15000	0.2	17	1.015627	1308.06
15000	0.2	17	0.863550	1099.35
15000	0.2	22	0.953488	1103.97
15000	0.2	19	0.916692	1016.63
15000	0.2	16	0.974473	1170.97
15000	0.2	22	0.833332	888.252
15000	0.2	19	0.924951	1034.45
15000	0.2	23	0.899258	1093.07
15000	0.2	14	1.080549	1686
15000	0.2	21	0.826229	846.242
15000	0.2	22	0.853794	962.005

16000	0.2	23	1.054667	1134.65
16000	0.2	13	1.312646	1623.32
16000	0.2	18	0.990586	1294.64
16000	0.2	19	0.981146	1186.11
16000	0.2	21	1.089773	1291.27
16000	0.2	17	1.154709	1391.55
16000	0.2	21	0.981543	1171.98
16000	0.2	18	1.237529	1436.46
16000	0.2	20	0.958544	1095.15
16000	0.2	22	0.918533	1008.78
16000	0.2	19	1.094144	1336.43
16000	0.2	21	0.904064	1067.14
16000	0.2	26	0.973663	1113.69
16000	0.2	16	1.021090	1307.01
16000	0.2	23	0.929071	995.24
16000	0.2	21	1.060024	1213.08
16000	0.2	13	1.342039	1494.54
16000	0.2	17	1.090783	1317.06
16000	0.2	20	0.959564	1140.11
16000	0.2	20	1.146544	1305.63
16000	0.2	19	1.020663	1398.95
16000	0.2	22	1.097432	1253.76
16000	0.2	19	1.005228	1208.59
16000	0.2	16	1.085702	1524.16
16000	0.2	17	1.088820	1748.03
16000	0.2	22	0.978626	1136.55
16000	0.2	17	1.054584	1400.05
16000	0.2	20	0.979804	1172.83
16000	0.2	21	1.070498	1337.8
16000	0.2	21	1.055017	1167.05

17000	0.2	20	1.072518	1327.15
17000	0.2	21	1.334445	1508.51
17000	0.2	17	1.290085	1552.3
17000	0.2	21	1.226948	1418.64
17000	0.2	20	1.359296	1674.63
17000	0.2	18	1.202763	1454.39
17000	0.2	20	1.082963	1305.68
17000	0.2	21	1.143498	1322.1
17000	0.2	23	1.093361	1232.25
17000	0.2	21	1.157075	1288.67
17000	0.2	21	1.141171	1491.41
17000	0.2	25	1.037943	1124.43
17000	0.2	22	1.195576	1307.51
17000	0.2	22	1.190846	1490.85
17000	0.2	15	1.439466	1908.66
17000	0.2	24	0.987235	1099.54
17000	0.2	19	1.209289	1473.69
17000	0.2	20	1.117063	1227.66
17000	0.2	23	1.197580	1343.78
17000	0.2	23	1.334631	1402.25
17000	0.2	22	1.123472	1303.51
17000	0.2	22	1.165860	1361.47
17000	0.2	17	1.314019	1825.92
17000	0.2	18	1.336240	1589.26
17000	0.2	20	1.405624	1638.67
17000	0.2	21	1.271542	1515.59
17000	0.2	17	1.192366	1429.02
17000	0.2	20	1.105098	1255.98
17000	0.2	16	1.169079	1563.17
17000	0.2	21	1.143756	1329.64

18000	0.2	20	1.239074	1557.28
18000	0.2	16	1.311923	1731.11
18000	0.2	21	1.230898	1543.52
18000	0.2	19	1.417686	1575.64
18000	0.2	19	1.180893	1321.82
18000	0.2	20	1.333043	1604.56
18000	0.2	18	1.054592	1176.78
18000	0.2	15	1.616622	2011.95
18000	0.2	18	1.369247	1685.48
18000	0.2	20	1.223770	1357.65
18000	0.2	19	1.264456	1598.42
18000	0.2	22	1.272406	1484.6
18000	0.2	19	1.242495	1556.06
18000	0.2	18	1.261806	1814.7
18000	0.2	25	1.262032	1431.35
18000	0.2	13	1.916235	2273.33
18000	0.2	21	1.401433	1553.26
18000	0.2	22	1.267634	1441.74
18000	0.2	17	1.915588	2301.91
18000	0.2	19	1.222499	1428.39
18000	0.2	16	1.987660	2289.27
18000	0.2	21	1.253254	1283.24
18000	0.2	17	1.427452	1613.68
18000	0.2	20	1.167584	1326.56
18000	0.2	18	1.375072	1666.67
18000	0.2	20	1.311845	1658.42
18000	0.2	19	1.350915	1591.97
18000	0.2	19	1.453389	1581.74
18000	0.2	16	1.800944	2344.38
18000	0.2	19	1.334868	1599.12

19000	0.2	14	1.720256	2388.9
19000	0.2	17	1.651100	2056.55
19000	0.2	18	1.514179	1778.48
19000	0.2	15	1.613072	2131.03
19000	0.2	19	1.684095	2322.93
19000	0.2	17	1.486792	2085.76
19000	0.2	19	1.251886	1549.25
19000	0.2	22	1.526775	1649.53
19000	0.2	20	1.347870	1578.41
19000	0.2	22	1.275454	1503.63
19000	0.2	21	1.434524	1753.33
19000	0.2	22	1.436527	1563.74
19000	0.2	19	1.680774	1908.94
19000	0.2	17	1.772903	2076.74
19000	0.2	21	1.400535	1657.09
19000	0.2	20	1.461650	1844.14
19000	0.2	17	1.660485	2121.4
19000	0.2	17	1.309886	1893.97
19000	0.2	20	1.429586	1811.91
19000	0.2	21	1.438439	1654.74
19000	0.2	18	1.514795	2014.63
19000	0.2	22	1.467271	1699.68
19000	0.2	16	1.834993	2126.65
19000	0.2	17	1.689573	1947.22
19000	0.2	18	1.517391	1729.23
19000	0.2	19	1.331003	1638.64
19000	0.2	21	1.579727	2005.16
19000	0.2	19	1.674183	1970.62
19000	0.2	24	1.254001	1425.8
19000	0.2	20	1.429130	1788.1

20000	0.2	19	1.485193	1834.47
20000	0.2	20	1.856691	2245.2
20000	0.2	20	1.660901	1900.52
20000	0.2	18	1.644535	2181.06
20000	0.2	18	1.704191	2371.72
20000	0.2	20	1.485392	1534.09
20000	0.2	18	1.638621	1930.97
20000	0.2	21	1.436577	1592.68
20000	0.2	21	1.643780	2051.11
20000	0.2	18	1.653000	1834.16
20000	0.2	22	1.572365	1736.45
20000	0.2	22	1.448886	1704.67
20000	0.2	20	1.853693	2182.04
20000	0.2	20	1.694726	1965.81
20000	0.2	19	1.784617	2182.15
20000	0.2	17	1.669552	2138.85
20000	0.2	21	1.485042	1625.41
20000	0.2	19	1.757330	2086.31
20000	0.2	22	1.572743	1868.44
20000	0.2	20	1.693587	2066.78
20000	0.2	23	1.806720	2145.91
20000	0.2	19	1.711108	2216.98
20000	0.2	19	1.608092	2164.24
20000	0.2	22	1.488632	1658.59
20000	0.2	16	1.586888	2206.84
20000	0.2	18	1.645823	2305.99
20000	0.2	17	1.791428	2278.61
20000	0.2	21	1.596676	1839.66
20000	0.2	17	2.102769	2679.07
20000	0.2	18	1.569323	1858.85

21000	0.2	15	2.067990	2658.51
21000	0.2	13	1.870590	2947.59
21000	0.2	21	1.654776	1859.19
21000	0.2	18	1.837709	2329.75
21000	0.2	19	1.848699	2291.66
21000	0.2	13	2.756392	3084.45
21000	0.2	19	1.928154	2640.2
21000	0.2	18	1.922537	2344.55
21000	0.2	22	1.833533	2092.96
21000	0.2	17	1.724933	2314.36
21000	0.2	20	2.065178	2370.47
21000	0.2	21	1.726732	2024.57
21000	0.2	20	1.887267	2402.73
21000	0.2	19	1.885120	2333.92
21000	0.2	15	2.553170	2895.34
21000	0.2	19	1.866223	2185.87
21000	0.2	20	1.753420	1963.81
21000	0.2	19	1.903594	2247.64
21000	0.2	22	1.567022	1881.69
21000	0.2	21	1.966321	2249.72
21000	0.2	21	1.663754	1974.56
21000	0.2	20	2.092274	2310.16
21000	0.2	22	1.689799	1985.86
21000	0.2	19	1.859125	2641.29
21000	0.2	23	1.620205	1749.07
21000	0.2	24	1.774250	1975.49
21000	0.2	16	1.883532	2820.87
21000	0.2	15	2.463068	3619.59
21000	0.2	16	2.192998	3757.08
21000	0.2	17	1.768707	2574

22000	0.2	20	2.225167	2623.44
22000	0.2	20	1.755800	1973.4
22000	0.2	22	1.866015	2156.11
22000	0.2	20	2.008167	2335.01
22000	0.2	20	2.029182	2754.18
22000	0.2	19	2.212904	2890.75
22000	0.2	23	1.820481	2063.29
22000	0.2	15	2.718887	2952.99
22000	0.2	18	1.815555	2131.52
22000	0.2	20	1.757203	1861.49
22000	0.2	19	2.203894	3153.09
22000	0.2	18	2.074402	2794.55
22000	0.2	21	1.848846	2244.12
22000	0.2	16	2.302540	2651.21
22000	0.2	21	2.049119	2263.54
22000	0.2	21	1.922406	2255.38
22000	0.2	19	1.880533	2357.32
22000	0.2	20	1.867347	2163.76
22000	0.2	21	1.827070	2098.05
22000	0.2	22	2.033824	2410.28
22000	0.2	20	1.615559	1851.06
22000	0.2	17	1.886845	2224.04
22000	0.2	21	2.109898	2476.2
22000	0.2	18	1.977798	2312.16
22000	0.2	18	2.669621	2958.76
22000	0.2	20	2.088029	2482.28
22000	0.2	23	1.856452	2146.71
22000	0.2	20	1.819897	2120.02
22000	0.2	19	1.932729	2243.41
22000	0.2	20	1.956293	2576.86

23000	0.2	20	2.007375	2379.43
23000	0.2	22	2.021910	2513.93
23000	0.2	21	2.105579	2578.28
23000	0.2	16	2.476758	3464.72
23000	0.2	20	1.931973	2291.01
23000	0.2	19	2.526861	3209.34
23000	0.2	18	1.981548	2495.56
23000	0.2	17	2.477157	3321.1
23000	0.2	22	1.838130	2136.14
23000	0.2	20	2.436186	2910.41
23000	0.2	20	2.649611	3072.02
23000	0.2	21	2.013433	2374.58
23000	0.2	20	2.135227	2701.52
23000	0.2	19	2.395789	2827
23000	0.2	15	2.659462	3479.42
23000	0.2	20	2.393225	2706.23
23000	0.2	23	1.956552	2330.55
23000	0.2	16	2.396720	2958.89
23000	0.2	16	2.037248	2721.93
23000	0.2	21	1.877829	2196.81
23000	0.2	19	2.178462	2601.78
23000	0.2	19	2.384110	2901
23000	0.2	14	2.333328	2957.09
23000	0.2	22	1.966156	2341.97
23000	0.2	20	2.136515	2768.19
23000	0.2	19	1.968139	2342.6
23000	0.2	19	2.084411	2622.74
23000	0.2	21	2.170783	2725.22
23000	0.2	19	2.210419	3081.42
23000	0.2	22	2.527434	2710.02

24000	0.2	23	2.101587	2614.04
24000	0.2	15	2.619726	3424.95
24000	0.2	21	2.046480	2333.07
24000	0.2	21	1.985986	2348.34
24000	0.2	15	2.936190	3473.11
24000	0.2	17	2.498455	3502.19
24000	0.2	16	3.317035	4257.27
24000	0.2	19	2.347431	2766.96
24000	0.2	16	2.554843	2879.38
24000	0.2	22	2.245081	2481.84
24000	0.2	21	2.290814	2730.07
24000	0.2	20	2.630637	3060.55
24000	0.2	23	2.223456	2544.04
24000	0.2	22	2.485574	2863.44
24000	0.2	18	2.338286	2799.05
24000	0.2	21	2.735487	3131.72
24000	0.2	22	2.112838	2425.13
24000	0.2	13	2.314515	3646.15
24000	0.2	21	2.325137	2591.78
24000	0.2	19	2.277528	2741.06
24000	0.2	21	2.341715	2812.69
24000	0.2	22	2.297291	2608.85
24000	0.2	23	2.180747	2615.91
24000	0.2	21	2.028260	2527.59
24000	0.2	17	2.879293	4467.57
24000	0.2	16	2.580850	3521.99
24000	0.2	17	2.596285	3254.45
24000	0.2	23	1.958023	2250.66
24000	0.2	20	2.380864	2935.51
24000	0.2	19	2.363066	2787.8

25000	0.2	25	2.390145	2590.35
25000	0.2	17	3.030186	3652.96
25000	0.2	22	2.340523	2872.16
25000	0.2	20	2.116724	2437.52
25000	0.2	24	2.657001	3033.61
25000	0.2	17	2.367208	2840.33
25000	0.2	22	2.222506	2603.44
25000	0.2	20	2.383571	2676.11
25000	0.2	20	2.623914	2930.91
25000	0.2	12	2.674342	3683.97
25000	0.2	19	2.615347	3517.42
25000	0.2	22	2.388984	2972.4
25000	0.2	21	2.436815	3361.1
25000	0.2	15	2.333457	3227.8
25000	0.2	21	3.013295	3579.16
25000	0.2	22	2.283197	2512.27
25000	0.2	19	2.359951	2868
25000	0.2	20	2.574368	3726.92
25000	0.2	18	2.737365	3204.2
25000	0.2	20	2.553978	2811.64
25000	0.2	20	2.338376	2645.88
25000	0.2	23	2.809285	3157.68
25000	0.2	23	2.263335	2507.94
25000	0.2	24	2.177283	2814.77
25000	0.2	22	2.555463	3079.71
25000	0.2	18	2.865535	3691.22
25000	0.2	19	2.660435	3169.02
25000	0.2	21	3.013295	3579.16
25000	0.2	22	2.283197	2512.27
25000	0.2	19	2.359951	2868

26000	0.2	22	2.408211	2783.89
26000	0.2	20	2.822034	3121.86
26000	0.2	20	2.489520	2992.04
26000	0.2	23	2.436206	2943.81
26000	0.2	15	2.598533	3733.13
26000	0.2	21	2.685016	3203.44
26000	0.2	23	2.385757	2844.8
26000	0.2	20	2.491181	3559.31
26000	0.2	24	2.414940	2885.73
26000	0.2	19	2.802791	3257.37
26000	0.2	21	3.076370	3581.64
26000	0.2	18	2.920186	3411.45
26000	0.2	16	2.569011	3260.63
26000	0.2	22	2.503683	2933.56
26000	0.2	23	2.685496	3334.89
26000	0.2	22	2.699798	3293.85
26000	0.2	21	2.402004	2908.05
26000	0.2	21	2.949598	3306.27
26000	0.2	23	2.892025	3470.86
26000	0.2	15	3.204363	4072.28
26000	0.2	19	2.970081	3663.13
26000	0.2	16	2.838937	3888.08
26000	0.2	20	2.695459	3720.85
26000	0.2	20	3.222412	3695.73
26000	0.2	18	2.963258	3740.34
26000	0.2	19	3.001957	3544.04
26000	0.2	22	2.296491	2446.99
26000	0.2	19	2.705989	3484.93
26000	0.2	18	2.616468	3430.03
26000	0.2	19	2.970081	3663.13

27000	0.2	21	2.701443	3084.34
27000	0.2	19	3.091446	3723.4
27000	0.2	17	2.861651	4166.48
27000	0.2	22	2.732913	3226.29
27000	0.2	21	2.734242	3074.77
27000	0.2	17	3.289532	4326.91
27000	0.2	19	3.204666	3767.51
27000	0.2	22	2.745352	3216.59
27000	0.2	20	2.975942	3217.82
27000	0.2	18	3.199530	3706.2
27000	0.2	20	2.680249	3202.55
27000	0.2	21	2.567526	3299.1
27000	0.2	17	3.421996	4440.83
27000	0.2	22	2.643154	3038.78
27000	0.2	19	2.856813	3569.69
27000	0.2	17	2.866294	4272.01
27000	0.2	17	3.142204	4365.13
27000	0.2	18	2.646763	3185.36
27000	0.2	22	2.434221	2749.47
27000	0.2	22	2.624780	3011.5
27000	0.2	21	2.562138	2971.2
27000	0.2	17	3.478035	4211.74
27000	0.2	19	2.855852	3549.27
27000	0.2	21	2.464257	2985.69
27000	0.2	22	2.680354	2896.71
27000	0.2	20	2.660047	3370.95
27000	0.2	24	2.314858	2634.7
27000	0.2	20	2.877037	3475.94
27000	0.2	18	3.199530	3706.2
27000	0.2	20	2.680249	3202.55

28000	0.2	20	3.159109	4023.1
28000	0.2	16	3.940279	4643.21
28000	0.2	17	3.403434	4647.84
28000	0.2	22	3.127089	3830.75
28000	0.2	21	2.995993	3434.34
28000	0.2	20	2.740026	3307.91
28000	0.2	22	2.879510	3244.61
28000	0.2	23	3.013653	3438.73
28000	0.2	20	2.932482	3603.19
28000	0.2	21	2.934586	3728.91
28000	0.2	22	3.110924	3470.16
28000	0.2	23	2.803516	3138.86
28000	0.2	21	2.746266	3145.92
28000	0.2	23	2.817008	3255.74
28000	0.2	16	3.016578	3775.33
28000	0.2	21	3.350731	3700.11
28000	0.2	21	3.248793	3668.37
28000	0.2	23	3.360322	3970.46
28000	0.2	20	3.243013	3774.66
28000	0.2	19	2.863419	3398.77
28000	0.2	24	3.482837	4458.3
28000	0.2	22	2.879510	3244.61
28000	0.2	23	3.013653	3438.73
28000	0.2	21	3.277362	4332.16
28000	0.2	17	2.816920	3395.84
28000	0.2	22	3.010474	3360.36
28000	0.2	19	3.227272	3804.86
28000	0.2	20	3.550913	4739.67
28000	0.2	22	2.875208	3260.06
28000	0.2	22	3.165506	3634.67

29000	0.2	23	3.188611	3745.13
29000	0.2	21	3.305953	4011.25
29000	0.2	19	3.233065	3953.33
29000	0.2	22	3.473943	5034.45
29000	0.2	20	3.586395	4369.22
29000	0.2	22	2.845344	3547.96
29000	0.2	22	3.900883	4913.97
29000	0.2	19	3.653830	4522.42
29000	0.2	17	3.541498	4896.19
29000	0.2	19	3.482954	3955.87
29000	0.2	22	2.758798	3207.55
29000	0.2	20	3.703741	4266.96
29000	0.2	20	3.201710	3825.49
29000	0.2	19	2.985626	3410.34
29000	0.2	21	3.126596	3934.64
29000	0.2	15	4.231551	4994.34
29000	0.2	21	2.843528	3133.37
29000	0.2	19	3.518950	4338.48
29000	0.2	20	3.032028	4070.54
29000	0.2	22	2.978925	3432.19
29000	0.2	20	3.905309	4493.02
29000	0.2	18	3.331760	4147.66
29000	0.2	22	2.845344	3547.96
29000	0.2	22	3.900883	4913.97
29000	0.2	19	3.653830	4522.42
29000	0.2	19	2.981513	3939.86
29000	0.2	18	3.132184	3931.35
29000	0.2	21	3.004367	4207.26
29000	0.2	18	4.149531	4611.4
29000	0.2	20	3.153846	4096.49

30000	0.2	20	3.349693	4149.02
30000	0.2	19	3.219026	3807.44
30000	0.2	24	3.185657	3724.33
30000	0.2	22	3.232624	3707.69
30000	0.2	19	3.059213	3658.01
30000	0.2	18	3.686693	4549.71
30000	0.2	21	3.476236	4125.72
30000	0.2	19	3.403388	4199.2
30000	0.2	23	3.491222	4169.46
30000	0.2	22	3.263785	3749.68
30000	0.2	22	3.650760	4444.15
30000	0.2	22	3.263785	3749.68
30000	0.2	18	3.712154	4153.46
30000	0.2	19	3.382489	3824.26
30000	0.2	22	3.487277	4278.85
30000	0.2	23	3.340931	3956.65
30000	0.2	19	3.983597	5193.54
30000	0.2	18	3.511883	4155.23
30000	0.2	17	4.187023	4633.71
30000	0.2	23	3.247724	3513.3
30000	0.2	19	4.161231	5456.27
30000	0.2	21	3.483363	4416.36
30000	0.2	19	3.546460	4082.05
30000	0.2	21	3.524553	4444.34
30000	0.2	21	3.544075	4645.01
30000	0.2	22	3.140918	3815.52
30000	0.2	19	3.468969	4030.23
30000	0.2	23	3.719073	4483.08
30000	0.2	24	3.147291	3722.83
30000	0.2	20	3.250377	4109.14

