30000	0.1	33	2.336886
30000	0.1	27	2.563249
30000	0.1	31	2.393447
30000	0.1	24	2.282053
30000	0.1	35	2.224089
30000	0.1	36	2.203405
30000	0.1	35	2.090116
30000	0.1	29	2.435946
30000	0.1	32	2.160414
30000	0.1	31	2.320309
30000	0.1	33	2.299042
30000	0.1	28	2.181904
30000	0.1	31	2.150478
30000	0.1	30	2.285605
30000	0.1	31	2.066577
30000	0.1	29	2.391297
30000	0.1	30	2.312495
30000	0.1	35	2.156115
30000	0.1	33	2.326873
30000	0.1	31	2.248196
30000	0.1	28	2.367884
30000	0.1	35	2.226525
30000	0.1	33	2.185231
30000	0.1	34	2.247998
30000	0.1	35	2.188618
30000	0.1	33	2.344780
30000	0.1	28	2.455875
30000	0.1	35	2.195993
30000	0.1	33	2.204515
30000	0.1	36	2.138716

30000	0.15	17	2.994425
30000	0.15	19	3.314387
30000	0.15	22	3.188150
30000	0.15	16	2.979832
30000	0.15	21	2.925792
30000	0.15	18	2.923721
30000	0.15	21	2.770580
30000	0.15	20	3.293935
30000	0.15	18	2.972706
30000	0.15	18	3.272442
30000	0.15	18	3.243940
30000	0.15	17	2.929554
30000	0.15	20	2.916058
30000	0.15	19	2.948910
30000	0.15	23	2.762013
30000	0.15	19	3.250463
30000	0.15	23	3.051624
30000	0.15	23	2.912103
30000	0.15	23	3.216717
30000	0.15	21	2.914328
30000	0.15	19	3.359658
30000	0.15	18	3.172421
30000	0.15	23	2.996325
30000	0.15	17	3.207201
30000	0.15	22	2.997575
30000	0.15	20	3.224456
30000	0.15	15	3.191290
30000	0.15	20	2.964363
30000	0.15	22	2.941114
30000	0.15	23	2.813277

30000	0.2	14	3.762829
30000	0.2	11	4.248801
30000	0.2	9	4.121630
30000	0.2	15	3.752638
30000	0.2	15	3.845130
30000	0.2	15	3.935238
30000	0.2	15	3.663394
30000	0.2	14	4.193955
30000	0.2	13	3.938803
30000	0.2	12	4.263166
30000	0.2	13	4.193431
30000	0.2	15	3.705939
30000	0.2	15	3.860437
30000	0.2	14	3.707998
30000	0.2	15	3.591976
30000	0.2	14	4.198631
30000	0.2	15	4.119211
30000	0.2	12	3.846986
30000	0.2	13	4.245067
30000	0.2	15	3.788850
30000	0.2	12	4.345149
30000	0.2	16	4.082088
30000	0.2	13	3.856630
30000	0.2	13	4.064536
30000	0.2	12	3.786997
30000	0.2	16	4.233008
30000	0.2	14	3.953350
30000	0.2	16	3.807576
30000	0.2	16	3.920313
30000	0.2	16	3.656808

30000	0.25	11	4.518151
30000	0.25	8	5.252979
30000	0.25	9	5.319034
30000	0.25	12	4.715003
30000	0.25	8	4.789526
30000	0.25	9	4.950040
30000	0.25	9	4.606742
30000	0.25	10	5.208727
30000	0.25	10	4.811044
30000	0.25	12	5.407340
30000	0.25	11	5.081674
30000	0.25	9	4.511401
30000	0.25	9	4.744173
30000	0.25	10	4.476676
30000	0.25	9	4.326739
30000	0.25	8	5.410737
30000	0.25	11	5.174461
30000	0.25	9	4.855508
30000	0.25	12	5.069536
30000	0.25	10	4.622321
30000	0.25	10	5.484416
30000	0.25	10	4.972956
30000	0.25	9	4.737518
30000	0.25	10	5.270343
30000	0.25	10	4.671009
30000	0.25	11	5.431243
30000	0.25	10	4.757265
30000	0.25	10	4.810828
30000	0.25	10	4.884654
30000	0.25	11	4.608550

30000	0.3	9	5.445291
30000	0.3	5	6.365810
30000	0.3	8	6.464316
30000	0.3	9	5.621996
30000	0.3	8	5.695143
30000	0.3	10	6.335761
30000	0.3	7	5.574345
30000	0.3	8	6.230319
30000	0.3	6	5.861793
30000	0.3	5	6.725096
30000	0.3	7	6.287702
30000	0.3	7	5.442183
30000	0.3	7	5.736296
30000	0.3	7	5.381069
30000	0.3	8	5.329040
30000	0.3	5	6.663061
30000	0.3	7	6.485042
30000	0.3	7	5.874116
30000	0.3	7	6.090915
30000	0.3	9	5.701259
30000	0.3	6	6.728765
30000	0.3	5	5.938166
30000	0.3	7	6.109818
30000	0.3	7	6.563497
30000	0.3	7	5.778889
30000	0.3	6	6.719688
30000	0.3	8	5.688808
30000	0.3	7	5.947371
30000	0.3	7	5.832921
30000	0.3	6	5.695845

30000	0.35	7	6.274617
30000	0.35	6	7.774626
30000	0.35	6	7.737620
30000	0.35	5	6.578934
30000	0.35	6	6.798392
30000	0.35	7	7.497638
30000	0.35	5	6.922850
30000	0.35	6	7.465942
30000	0.35	6	7.140212
30000	0.35	6	8.188206
30000	0.35	5	7.476570
30000	0.35	7	6.882918
30000	0.35	6	6.986380
30000	0.35	6	6.496008
30000	0.35	5	6.325641
30000	0.35	7	8.059638
30000	0.35	7	7.745872
30000	0.35	5	6.936160
30000	0.35	6	7.102647
30000	0.35	6	6.754395
30000	0.35	5	8.131841
30000	0.35	6	7.010212
30000	0.35	6	7.247552
30000	0.35	6	7.922824
30000	0.35	6	6.886750
30000	0.35	6	8.036096
30000	0.35	6	6.559293
30000	0.35	6	7.154883
30000	0.35	5	6.950312
30000	0.35	6	6.618195

30000	0.4	6	7.718488
30000	0.4	6	9.180844
30000	0.4	6	9.166226
30000	0.4	5	7.876616
30000	0.4	5	7.714130
30000	0.4	6	8.498029
30000	0.4	7	7.894310
30000	0.4	5	8.820725
30000	0.4	3	8.462977
30000	0.4	5	10.090674
30000	0.4	4	8.817206
30000	0.4	4	7.847432
30000	0.4	5	7.820649
30000	0.4	5	7.706771
30000	0.4	6	7.332809
30000	0.4	6	9.550059
30000	0.4	6	9.092596
30000	0.4	5	8.229345
30000	0.4	5	8.466707
30000	0.4	5	8.098940
30000	0.4	4	9.634923
30000	0.4	7	8.201719
30000	0.4	4	8.565986
30000	0.4	5	9.435820
30000	0.4	7	8.312274
30000	0.4	5	10.297903
30000	0.4	5	7.520390
30000	0.4	5	8.794823
30000	0.4	5	8.741748
30000	0.4	6	7.820917

30000	0.45	6	9.999501
30000	0.45	5	11.409755
30000	0.45	5	11.246166
30000	0.45	4	9.564383
30000	0.45	5	9.375986
30000	0.45	4	10.618514
30000	0.45	6	10.206883
30000	0.45	4	9.991745
30000	0.45	3	9.886229
30000	0.45	5	11.365805
30000	0.45	4	10.866067
30000	0.45	4	9.574656
30000	0.45	4	9.339377
30000	0.45	5	8.910172
30000	0.45	4	8.513983
30000	0.45	4	14.717759
30000	0.45	4	11.846547
30000	0.45	4	10.293256
30000	0.45	6	9.858353
30000	0.45	6	9.258650
30000	0.45	4	12.730432
30000	0.45	5	9.433280
30000	0.45	4	10.073221
30000	0.45	6	11.797886
30000	0.45	5	9.920464
30000	0.45	4	10.959032
30000	0.45	6	8.848486
30000	0.45	4	9.711140
30000	0.45	4	9.868078
30000	0.45	5	9.103614

30000	0.5	5	10.451170
30000	0.5	4	11.617622
30000	0.5	5	12.682192
30000	0.5	3	10.909492
30000	0.5	4	10.877482
30000	0.5	4	13.126099
30000	0.5	4	11.065144
30000	0.5	4	11.436574
30000	0.5	4	11.533842
30000	0.5	4	12.994429
30000	0.5	4	11.740544
30000	0.5	4	10.964933
30000	0.5	5	11.397699
30000	0.5	6	10.362487
30000	0.5	5	10.271241
30000	0.5	4	13.071624
30000	0.5	4	12.203679
30000	0.5	5	11.421850
30000	0.5	5	11.981706
30000	0.5	6	11.096274
30000	0.5	4	13.668152
30000	0.5	4	11.688941
30000	0.5	4	12.909107
30000	0.5	3	13.933236
30000	0.5	4	11.730255
30000	0.5	4	13.305652
30000	0.5	4	11.937179
30000	0.5	5	13.065337
30000	0.5	4	11.069054
30000	0.5	4	10.118281

