1000	0.2	19	0.016965
1000	0.2	17	0.005979
1000	0.2	17	0.005855
1000	0.2	17	0.018931
1000	0.2	19	0.006034
1000	0.2	18	0.005886
1000	0.2	19	0.005939
1000	0.2	16	0.005839
1000	0.2	16	0.005892
1000	0.2	18	0.005871
1000	0.2	16	0.005825
1000	0.2	21	0.005995
1000	0.2	19	0.005889
1000	0.2	18	0.013026
1000	0.2	18	0.005960
1000	0.2	19	0.018764
1000	0.2	16	0.006444
1000	0.2	16	0.005817
1000	0.2	17	0.013232
1000	0.2	18	0.005925
1000	0.2	20	0.006071
1000	0.2	19	0.005820
1000	0.2	18	0.005937
1000	0.2	18	0.006077
1000	0.2	18	0.006108
1000	0.2	18	0.006008
1000	0.2	19	0.006289
1000	0.2	17	0.005829
1000	0.2	17	0.018628
1000	0.2	20	0.005919

2000	0.2	18	0.040689
2000	0.2	21	0.019125
2000	0.2	18	0.019513
2000	0.2	18	0.019379
2000	0.2	19	0.019708
2000	0.2	17	0.020124
2000	0.2	20	0.019404
2000	0.2	19	0.019513
2000	0.2	21	0.020659
2000	0.2	19	0.019588
2000	0.2	20	0.048188
2000	0.2	20	0.020366
2000	0.2	19	0.019675
2000	0.2	19	0.019332
2000	0.2	21	0.029695
2000	0.2	19	0.022499
2000	0.2	18	0.022887
2000	0.2	17	0.022794
2000	0.2	19	0.032876
2000	0.2	17	0.021152
2000	0.2	20	0.032618
2000	0.2	19	0.030727
2000	0.2	19	0.028833
2000	0.2	19	0.021098
2000	0.2	19	0.031340
2000	0.2	19	0.019353
2000	0.2	17	0.019286
2000	0.2	20	0.029580
2000	0.2	20	0.029774
2000	0.2	17	0.029592

3000	0.2	19	0.057885
3000	0.2	21	0.046947
3000	0.2	19	0.057653
3000	0.2	19	0.044374
3000	0.2	17	0.047067
3000	0.2	21	0.040371
3000	0.2	19	0.039996
3000	0.2	19	0.039802
3000	0.2	20	0.080236
3000	0.2	21	0.040302
3000	0.2	19	0.041479
3000	0.2	20	0.052344
3000	0.2	18	0.039824
3000	0.2	20	0.041517
3000	0.2	22	0.040162
3000	0.2	17	0.039973
3000	0.2	17	0.042039
3000	0.2	18	0.040938
3000	0.2	18	0.040137
3000	0.2	22	0.040997
3000	0.2	22	0.040112
3000	0.2	21	0.040325
3000	0.2	17	0.040675
3000	0.2	23	0.039827
3000	0.2	20	0.039649
3000	0.2	21	0.075000
3000	0.2	20	0.040041
3000	0.2	20	0.043183
3000	0.2	18	0.080480
3000	0.2	19	0.040510

4000	0.2	20	0.067824
4000	0.2	22	0.068574
4000	0.2	19	0.068167
4000	0.2	19	0.068008
4000	0.2	24	0.096936
4000	0.2	19	0.071127
4000	0.2	19	0.077192
4000	0.2	20	0.072255
4000	0.2	21	0.070713
4000	0.2	20	0.109924
4000	0.2	22	0.069950
4000	0.2	21	0.080290
4000	0.2	21	0.071149
4000	0.2	19	0.076172
4000	0.2	22	0.076386
4000	0.2	19	0.076000
4000	0.2	20	0.093569
4000	0.2	20	0.068199
4000	0.2	20	0.069041
4000	0.2	18	0.071297
4000	0.2	19	0.074020
4000	0.2	20	0.070597
4000	0.2	20	0.069625
4000	0.2	20	0.070869
4000	0.2	19	0.071288
4000	0.2	22	0.105528
4000	0.2	19	0.106490
4000	0.2	24	0.073105
4000	0.2	21	0.069846
4000	0.2	21	0.068871

5000	0.2	22	0.106098
5000	0.2	22	0.105179
5000	0.2	20	0.104443
5000	0.2	21	0.104282
5000	0.2	20	0.104751
5000	0.2	22	0.126817
5000	0.2	23	0.105375
5000	0.2	22	0.109811
5000	0.2	20	0.136664
5000	0.2	21	0.141263
5000	0.2	21	0.151066
5000	0.2	22	0.107621
5000	0.2	21	0.114001
5000	0.2	21	0.118992
5000	0.2	21	0.130401
5000	0.2	23	0.118258
5000	0.2	19	0.110897
5000	0.2	23	0.121404
5000	0.2	19	0.105296
5000	0.2	22	0.108098
5000	0.2	20	0.140742
5000	0.2	23	0.104293
5000	0.2	19	0.104058
5000	0.2	20	0.104727
5000	0.2	21	0.104050
5000	0.2	20	0.106544
5000	0.2	24	0.110620
5000	0.2	20	0.105268
5000	0.2	18	0.111571
5000	0.2	20	0.104256

6000	0.2	19	0.149172
6000	0.2	22	0.148101
6000	0.2	21	0.148026
6000	0.2	18	0.147797
6000	0.2	23	0.149359
6000	0.2	22	0.149007
6000	0.2	19	0.148906
6000	0.2	22	0.148620
6000	0.2	21	0.168768
6000	0.2	20	0.149748
6000	0.2	20	0.148509
6000	0.2	21	0.149977
6000	0.2	19	0.178827
6000	0.2	18	0.146585
6000	0.2	20	0.148370
6000	0.2	20	0.154902
6000	0.2	20	0.149331
6000	0.2	24	0.148624
6000	0.2	22	0.169144
6000	0.2	22	0.148254
6000	0.2	20	0.148577
6000	0.2	22	0.149329
6000	0.2	22	0.149252
6000	0.2	23	0.148011
6000	0.2	22	0.148406
6000	0.2	21	0.151990
6000	0.2	22	0.148988
6000	0.2	19	0.149190
6000	0.2	21	0.148395
6000	0.2	21	0.153024

7000	0.2	21	0.226680
7000	0.2	18	0.211716
7000	0.2	21	0.245427
7000	0.2	20	0.236692
7000	0.2	19	0.223432
7000	0.2	21	0.202336
7000	0.2	20	0.202531
7000	0.2	20	0.208669
7000	0.2	21	0.202036
7000	0.2	22	0.199513
7000	0.2	21	0.203422
7000	0.2	22	0.201749
7000	0.2	20	0.202073
7000	0.2	20	0.203074
7000	0.2	20	0.209586
7000	0.2	21	0.205370
7000	0.2	19	0.201533
7000	0.2	19	0.203828
7000	0.2	20	0.200527
7000	0.2	21	0.201272
7000	0.2	21	0.229567
7000	0.2	19	0.202327
7000	0.2	21	0.211498
7000	0.2	22	0.200113
7000	0.2	22	0.200803
7000	0.2	20	0.198716
7000	0.2	22	0.201060
7000	0.2	22	0.201035
7000	0.2	18	0.209501
7000	0.2	21	0.214502

8000	0.2	21	0.276277
8000	0.2	21	0.263338
8000	0.2	20	0.284947
8000	0.2	20	0.266010
8000	0.2	20	0.262292
8000	0.2	21	0.263573
8000	0.2	20	0.274332
8000	0.2	21	0.262680
8000	0.2	21	0.264352
8000	0.2	20	0.259688
8000	0.2	21	0.260660
8000	0.2	20	0.262265
8000	0.2	20	0.262816
8000	0.2	20	0.261042
8000	0.2	22	0.261181
8000	0.2	22	0.261933
8000	0.2	21	0.291630
8000	0.2	21	0.262490
8000	0.2	22	0.280631
8000	0.2	22	0.264415
8000	0.2	23	0.261210
8000	0.2	20	0.261283
8000	0.2	23	0.268718
8000	0.2	22	0.261199
8000	0.2	18	0.265675
8000	0.2	23	0.267199
8000	0.2	23	0.267662
8000	0.2	21	0.267076
8000	0.2	20	0.265766
8000	0.2	20	0.268261

9000	0.2	20	0.353598
9000	0.2	23	0.331108
9000	0.2	23	0.329365
9000	0.2	26	0.343241
9000	0.2	22	0.329914
9000	0.2	22	0.332682
9000	0.2	20	0.332339
9000	0.2	22	0.342689
9000	0.2	21	0.334583
9000	0.2	20	0.331569
9000	0.2	24	0.338310
9000	0.2	21	0.336886
9000	0.2	19	0.335028
9000	0.2	22	0.335499
9000	0.2	22	0.329405
9000	0.2	22	0.335024
9000	0.2	18	0.336568
9000	0.2	21	0.337630
9000	0.2	22	0.329940
9000	0.2	23	0.338820
9000	0.2	21	0.332539
9000	0.2	20	0.334166
9000	0.2	20	0.332894
9000	0.2	22	0.328991
9000	0.2	19	0.338462
9000	0.2	20	0.334211
9000	0.2	19	0.329277
9000	0.2	19	0.351764
9000	0.2	21	0.341814
9000	0.2	21	0.335054

10000	0.2	22	0.433528
10000	0.2	22	0.416497
10000	0.2	21	0.413578
10000	0.2	21	0.416085
10000	0.2	22	0.407710
10000	0.2	21	0.412627
10000	0.2	20	0.407498
10000	0.2	19	0.413702
10000	0.2	21	0.408537
10000	0.2	22	0.414328
10000	0.2	23	0.407953
10000	0.2	22	0.467243
10000	0.2	23	0.415378
10000	0.2	20	0.427298
10000	0.2	22	0.407156
10000	0.2	20	0.411158
10000	0.2	22	0.408527
10000	0.2	19	0.413112
10000	0.2	21	0.433276
10000	0.2	24	0.408545
10000	0.2	22	0.411563
10000	0.2	22	0.408484
10000	0.2	19	0.421222
10000	0.2	19	0.422751
10000	0.2	20	0.409257
10000	0.2	21	0.423449
10000	0.2	21	0.407600
10000	0.2	22	0.419016
10000	0.2	21	0.444844
10000	0.2	25	0.432794

11000	0.2	20	0.501298
11000	0.2	22	0.499384
11000	0.2	22	0.499436
11000	0.2	20	0.500419
11000	0.2	21	0.503004
11000	0.2	21	0.499331
11000	0.2	22	0.493632
11000	0.2	21	0.504794
11000	0.2	20	0.501064
11000	0.2	21	0.510095
11000	0.2	23	0.492569
11000	0.2	23	0.519274
11000	0.2	22	0.494150
11000	0.2	21	0.497318
11000	0.2	20	0.506138
11000	0.2	22	0.530132
11000	0.2	21	0.507011
11000	0.2	20	0.520410
11000	0.2	21	0.497913
11000	0.2	22	0.522562
11000	0.2	21	0.504737
11000	0.2	21	0.500095
11000	0.2	20	0.494347
11000	0.2	19	0.496972
11000	0.2	21	0.567004
11000	0.2	19	0.561628
11000	0.2	20	0.680784
11000	0.2	21	0.669995
11000	0.2	21	0.503285
11000	0.2	22	0.499111

12000	0.2	25	0.598958
12000	0.2	22	0.590225
12000	0.2	21	0.589205
12000	0.2	21	0.596237
12000	0.2	23	0.589888
12000	0.2	21	0.590933
12000	0.2	21	0.592663
12000	0.2	23	0.590796
12000	0.2	21	0.652586
12000	0.2	19	0.595734
12000	0.2	22	0.609125
12000	0.2	21	0.595959
12000	0.2	22	0.588074
12000	0.2	23	0.605402
12000	0.2	23	0.592611
12000	0.2	20	0.588730
12000	0.2	20	0.595329
12000	0.2	23	0.595024
12000	0.2	23	0.587049
12000	0.2	23	0.599999
12000	0.2	24	0.591641
12000	0.2	22	0.596278
12000	0.2	19	0.598226
12000	0.2	21	0.591600
12000	0.2	22	0.593007
12000	0.2	22	0.591529
12000	0.2	23	0.594408
12000	0.2	20	0.601346
12000	0.2	20	0.594530
12000	0.2	26	0.596810

13000	0.2	21	0.702141
13000	0.2	20	0.710389
13000	0.2	23	0.733105
13000	0.2	19	0.699740
13000	0.2	19	0.690986
13000	0.2	22	0.699424
13000	0.2	21	0.698653
13000	0.2	23	0.738232
13000	0.2	26	0.693852
13000	0.2	23	0.746424
13000	0.2	22	0.710632
13000	0.2	23	0.702369
13000	0.2	21	0.705328
13000	0.2	19	0.719342
13000	0.2	23	0.704227
13000	0.2	19	0.699613
13000	0.2	23	0.714005
13000	0.2	25	0.699625
13000	0.2	19	0.701852
13000	0.2	19	0.710886
13000	0.2	24	0.709680
13000	0.2	23	0.699639
13000	0.2	23	0.700430
13000	0.2	20	0.731584
13000	0.2	20	0.706248
13000	0.2	19	0.703995
13000	0.2	23	0.704930
13000	0.2	22	0.701989
13000	0.2	22	0.698353
13000	0.2	23	0.701780

14000	0.2	25	0.882304
14000	0.2	22	0.826033
14000	0.2	23	0.817103
14000	0.2	21	0.825828
14000	0.2	21	0.803001
14000	0.2	21	0.809954
14000	0.2	18	0.814379
14000	0.2	20	0.807668
14000	0.2	21	0.804905
14000	0.2	20	0.811044
14000	0.2	23	0.813968
14000	0.2	21	0.815947
14000	0.2	24	0.817450
14000	0.2	22	0.807683
14000	0.2	21	0.805104
14000	0.2	21	0.815280
14000	0.2	22	0.808390
14000	0.2	25	0.808403
14000	0.2	20	0.813398
14000	0.2	22	0.813464
14000	0.2	22	0.831464
14000	0.2	22	0.809052
14000	0.2	24	0.811521
14000	0.2	23	0.882670
14000	0.2	21	0.820442
14000	0.2	21	0.808367
14000	0.2	23	0.885671
14000	0.2	20	0.812001
14000	0.2	22	0.820300
14000	0.2	21	0.815891

15000	0.2	20	0.922731
15000	0.2	23	0.935145
15000	0.2	22	0.939326
15000	0.2	21	0.933715
15000	0.2	22	0.931982
15000	0.2	23	0.936154
15000	0.2	23	0.933519
15000	0.2	22	0.988879
15000	0.2	23	0.980750
15000	0.2	23	1.199539
15000	0.2	22	1.038705
15000	0.2	21	1.143607
15000	0.2	20	1.023599
15000	0.2	23	0.984859
15000	0.2	21	0.957626
15000	0.2	22	0.958071
15000	0.2	21	0.967552
15000	0.2	23	1.026821
15000	0.2	23	0.928552
15000	0.2	20	0.943643
15000	0.2	19	0.928914
15000	0.2	23	0.941345
15000	0.2	22	0.932913
15000	0.2	20	0.934406
15000	0.2	22	0.931121
15000	0.2	25	0.943922
15000	0.2	24	1.161085
15000	0.2	25	0.983083
15000	0.2	21	0.992337
15000	0.2	21	0.932359

16000	0.2	24	1.071660
16000	0.2	19	1.168569
16000	0.2	18	1.063533
16000	0.2	21	1.065719
16000	0.2	23	1.072279
16000	0.2	21	1.092653
16000	0.2	21	1.081611
16000	0.2	22	1.126915
16000	0.2	23	1.066136
16000	0.2	21	1.060430
16000	0.2	24	1.123829
16000	0.2	23	1.096079
16000	0.2	22	1.054515
16000	0.2	20	1.070884
16000	0.2	25	1.063866
16000	0.2	22	1.064433
16000	0.2	21	1.059199
16000	0.2	22	1.075187
16000	0.2	24	1.059139
16000	0.2	26	1.059007
16000	0.2	20	1.057246
16000	0.2	22	1.069917
16000	0.2	22	1.058025
16000	0.2	21	1.064638
16000	0.2	21	1.067313
16000	0.2	23	1.067769
16000	0.2	22	1.055274
16000	0.2	21	1.062515
16000	0.2	23	1.062873
16000	0.2	22	1.057426

17000	0.2	20	1.204290
17000	0.2	23	1.195236
17000	0.2	20	1.203173
17000	0.2	22	1.204736
17000	0.2	22	1.200077
17000	0.2	21	1.206932
17000	0.2	20	1.201699
17000	0.2	21	1.194166
17000	0.2	23	1.193823
17000	0.2	21	1.207515
17000	0.2	21	1.206657
17000	0.2	23	1.200118
17000	0.2	25	1.203645
17000	0.2	22	1.260954
17000	0.2	22	1.193648
17000	0.2	24	1.198186
17000	0.2	21	1.201621
17000	0.2	23	1.213170
17000	0.2	20	1.207814
17000	0.2	23	1.201450
17000	0.2	22	1.204436
17000	0.2	21	1.192841
17000	0.2	23	1.202687
17000	0.2	24	1.197139
17000	0.2	21	1.229270
17000	0.2	20	1.193852
17000	0.2	20	1.189718
17000	0.2	20	1.204382
17000	0.2	27	1.198595
17000	0.2	21	1.201761

18000	0.2	23	1.342802
18000	0.2	24	1.351919
18000	0.2	24	1.349866
18000	0.2	22	1.340440
18000	0.2	23	1.350107
18000	0.2	26	1.409673
18000	0.2	21	1.349682
18000	0.2	25	1.343592
18000	0.2	21	1.351386
18000	0.2	22	1.385546
18000	0.2	22	1.370154
18000	0.2	23	1.440828
18000	0.2	22	1.349886
18000	0.2	23	1.347342
18000	0.2	23	1.349489
18000	0.2	23	1.356487
18000	0.2	21	1.354851
18000	0.2	23	1.430777
18000	0.2	21	1.430660
18000	0.2	23	1.374398
18000	0.2	23	1.373329
18000	0.2	22	1.350136
18000	0.2	24	1.351678
18000	0.2	19	1.357886
18000	0.2	21	1.352832
18000	0.2	25	1.348337
18000	0.2	22	1.343439
18000	0.2	20	1.357526
18000	0.2	22	1.375664
18000	0.2	22	1.349001

19000	0.2	24	1.510788
19000	0.2	23	1.501338
19000	0.2	21	1.503459
19000	0.2	22	1.495532
19000	0.2	25	1.490873
19000	0.2	21	1.508624
19000	0.2	20	1.496069
19000	0.2	22	1.501022
19000	0.2	22	1.501132
19000	0.2	21	1.506439
19000	0.2	25	1.535256
19000	0.2	22	1.500860
19000	0.2	22	1.504147
19000	0.2	20	1.500128
19000	0.2	21	1.505998
19000	0.2	21	1.526383
19000	0.2	24	1.540823
19000	0.2	22	1.495716
19000	0.2	20	1.499890
19000	0.2	23	1.506687
19000	0.2	22	1.503772
19000	0.2	24	1.508968
19000	0.2	22	1.502318
19000	0.2	22	1.483774
19000	0.2	18	1.565505
19000	0.2	23	1.503959
19000	0.2	23	1.504823
19000	0.2	24	1.499911
19000	0.2	21	1.503929
19000	0.2	22	1.498414

20000	0.2	21	1.671104
20000	0.2	23	1.672161
20000	0.2	22	1.762043
20000	0.2	22	1.672366
20000	0.2	25	1.659327
20000	0.2	21	1.657719
20000	0.2	26	1.661791
20000	0.2	25	1.674200
20000	0.2	21	1.668022
20000	0.2	22	1.675518
20000	0.2	22	1.658635
20000	0.2	21	1.660969
20000	0.2	21	1.654978
20000	0.2	24	1.652968
20000	0.2	24	1.687454
20000	0.2	23	1.821176
20000	0.2	20	1.728735
20000	0.2	21	1.673354
20000	0.2	23	1.655405
20000	0.2	21	1.656710
20000	0.2	19	1.659960
20000	0.2	23	1.659538
20000	0.2	21	1.662504
20000	0.2	22	1.657695
20000	0.2	22	1.721041
20000	0.2	21	1.662048
20000	0.2	24	1.663739
20000	0.2	22	1.659996
20000	0.2	23	1.667535
20000	0.2	24	1.701259

21000	0.2	22	1.832049
21000	0.2	21	1.832231
21000	0.2	22	1.829858
21000	0.2	25	1.845672
21000	0.2	20	1.852870
21000	0.2	23	1.843575
21000	0.2	25	1.842468
21000	0.2	22	1.834083
21000	0.2	18	1.843644
21000	0.2	22	1.838336
21000	0.2	21	1.849913
21000	0.2	22	1.827456
21000	0.2	22	1.831072
21000	0.2	23	1.851897
21000	0.2	21	1.846477
21000	0.2	22	1.866483
21000	0.2	22	1.850687
21000	0.2	23	1.844860
21000	0.2	24	1.831968
21000	0.2	22	1.842313
21000	0.2	27	1.885372
21000	0.2	22	1.835887
21000	0.2	22	1.900075
21000	0.2	21	1.861128
21000	0.2	22	1.855708
21000	0.2	21	1.834723
21000	0.2	24	1.842729
21000	0.2	22	1.898575
21000	0.2	21	1.839716
21000	0.2	22	1.847252

22000	0.2	24	2.006794
22000	0.2	22	2.018396
22000	0.2	21	2.032177
22000	0.2	21	2.020199
22000	0.2	24	2.006936
22000	0.2	27	2.039407
22000	0.2	23	2.019631
22000	0.2	23	2.018628
22000	0.2	21	2.014316
22000	0.2	24	2.010052
22000	0.2	23	2.018684
22000	0.2	22	2.053795
22000	0.2	23	2.009129
22000	0.2	24	2.008638
22000	0.2	23	2.009331
22000	0.2	22	2.466644
22000	0.2	23	2.213135
22000	0.2	22	2.112642
22000	0.2	20	2.017168
22000	0.2	21	2.115051
22000	0.2	24	2.089730
22000	0.2	22	2.035963
22000	0.2	22	2.424149
22000	0.2	22	2.078308
22000	0.2	23	2.003687
22000	0.2	22	2.016618
22000	0.2	22	2.016413
22000	0.2	22	2.019404
22000	0.2	22	2.006096
22000	0.2	24	2.028668

23000	0.2	21	2.260871
23000	0.2	21	2.232859
23000	0.2	20	2.246276
23000	0.2	23	2.210821
23000	0.2	24	2.204802
23000	0.2	21	2.212425
23000	0.2	22	2.215550
23000	0.2	21	2.216644
23000	0.2	20	2.216247
23000	0.2	22	2.198763
23000	0.2	21	2.208561
23000	0.2	23	2.226070
23000	0.2	22	2.303191
23000	0.2	24	2.391411
23000	0.2	21	2.248399
23000	0.2	21	2.350195
23000	0.2	24	2.298421
23000	0.2	23	2.208378
23000	0.2	23	2.206407
23000	0.2	20	2.220196
23000	0.2	23	2.211149
23000	0.2	23	2.219238
23000	0.2	21	2.211122
23000	0.2	24	2.211573
23000	0.2	22	2.208584
23000	0.2	22	2.210625
23000	0.2	25	2.202075
23000	0.2	23	2.244450
23000	0.2	22	2.212911
23000	0.2	23	2.232589

24000	0.2	22	2.405524
24000	0.2	22	2.422495
24000	0.2	22	2.432973
24000	0.2	23	2.408201
24000	0.2	21	2.418602
24000	0.2	22	2.442728
24000	0.2	23	2.460558
24000	0.2	21	2.857185
24000	0.2	22	2.475572
24000	0.2	23	2.429251
24000	0.2	21	2.505473
24000	0.2	21	2.527067
24000	0.2	21	2.436082
24000	0.2	21	2.519624
24000	0.2	21	2.421747
24000	0.2	23	2.393183
24000	0.2	22	2.395437
24000	0.2	20	2.401285
24000	0.2	21	2.417499
24000	0.2	20	2.447129
24000	0.2	22	2.405685
24000	0.2	21	2.402627
24000	0.2	20	2.412316
24000	0.2	21	2.465674
24000	0.2	27	2.389189
24000	0.2	22	2.428729
24000	0.2	23	2.423636
24000	0.2	23	2.401755
24000	0.2	21	2.415942
24000	0.2	22	2.394359

25000	0.2	22	2.665881
25000	0.2	24	2.617150
25000	0.2	22	2.610690
25000	0.2	22	2.609651
25000	0.2	20	3.001048
25000	0.2	22	2.614639
25000	0.2	22	2.600939
25000	0.2	23	2.609823
25000	0.2	20	2.653597
25000	0.2	26	2.697099
25000	0.2	23	2.679859
25000	0.2	23	2.649300
25000	0.2	22	2.718506
25000	0.2	25	2.651691
25000	0.2	27	2.712416
25000	0.2	24	2.740308
25000	0.2	22	2.770398
25000	0.2	24	2.729598
25000	0.2	22	2.655377
25000	0.2	23	2.698034
25000	0.2	21	2.667041
25000	0.2	23	2.799491
25000	0.2	22	2.999194
25000	0.2	22	2.866387
25000	0.2	22	2.811174
25000	0.2	21	2.623820
25000	0.2	21	2.623946
25000	0.2	21	2.692179
25000	0.2	21	2.729084
25000	0.2	21	2.665025

26000	0.2	21	2.835053
26000	0.2	22	2.854826
26000	0.2	21	2.902067
26000	0.2	21	2.848614
26000	0.2	21	2.938173
26000	0.2	24	2.907487
26000	0.2	25	2.899590
26000	0.2	23	2.844756
26000	0.2	21	2.840059
26000	0.2	21	2.845090
26000	0.2	20	2.833315
26000	0.2	24	2.853487
26000	0.2	21	2.891494
26000	0.2	22	2.837360
26000	0.2	21	2.857607
26000	0.2	21	2.929611
26000	0.2	22	2.959945
26000	0.2	23	2.848825
26000	0.2	20	2.854637
26000	0.2	22	2.869156
26000	0.2	21	2.897956
26000	0.2	24	2.820140
26000	0.2	20	2.878001
26000	0.2	24	2.936225
26000	0.2	23	2.852035
26000	0.2	25	2.837154
26000	0.2	22	2.852102
26000	0.2	24	2.845249
26000	0.2	21	2.859052
26000	0.2	21	2.844359

27000	0.2	23	3.141644
27000	0.2	21	3.280069
27000	0.2	21	3.068927
27000	0.2	23	3.117472
27000	0.2	22	3.090154
27000	0.2	23	3.289578
27000	0.2	24	3.125999
27000	0.2	24	3.046219
27000	0.2	23	3.146107
27000	0.2	20	3.164461
27000	0.2	22	3.870011
27000	0.2	24	3.207354
27000	0.2	23	3.260735
27000	0.2	24	3.207526
27000	0.2	22	3.207870
27000	0.2	25	3.238019
27000	0.2	20	3.198135
27000	0.2	19	3.234559
27000	0.2	21	3.173000
27000	0.2	24	3.086576
27000	0.2	21	3.420876
27000	0.2	24	3.152714
27000	0.2	22	3.134450
27000	0.2	20	3.136146
27000	0.2	22	3.166700
27000	0.2	26	3.067851
27000	0.2	24	3.095259
27000	0.2	21	3.100024
27000	0.2	22	3.103241
27000	0.2	25	3.107946

28000	0.2	22	3.567292
28000	0.2	23	3.328073
28000	0.2	21	3.295455
28000	0.2	20	3.307491
28000	0.2	21	3.309606
28000	0.2	23	3.308631
28000	0.2	23	3.301897
28000	0.2	25	3.285531
28000	0.2	23	3.289945
28000	0.2	23	3.385672
28000	0.2	23	3.400347
28000	0.2	23	3.482813
28000	0.2	20	3.424722
28000	0.2	21	3.576685
28000	0.2	20	3.465241
28000	0.2	20	3.290174
28000	0.2	20	3.269245
28000	0.2	22	3.284903
28000	0.2	20	3.289921
28000	0.2	22	3.281102
28000	0.2	23	3.278698
28000	0.2	22	3.269513
28000	0.2	22	3.277547
28000	0.2	23	3.361087
28000	0.2	24	3.291324
28000	0.2	20	3.290695
28000	0.2	20	3.494474
28000	0.2	22	3.289774
28000	0.2	25	3.289429
28000	0.2	25	3.527897

29000	0.2	24	3.781292
29000	0.2	22	3.550188
29000	0.2	23	3.544659
29000	0.2	23	3.556059
29000	0.2	22	3.625518
29000	0.2	21	3.614530
29000	0.2	22	3.956467
29000	0.2	20	3.811745
29000	0.2	23	3.918945
29000	0.2	22	4.093433
29000	0.2	23	4.081034
29000	0.2	22	4.109512
29000	0.2	22	4.070106
29000	0.2	24	4.068332
29000	0.2	22	4.168137
29000	0.2	22	4.058105
29000	0.2	23	4.090727
29000	0.2	22	4.063945
29000	0.2	24	4.028073
29000	0.2	22	4.093243
29000	0.2	21	4.067950
29000	0.2	22	4.058010
29000	0.2	20	4.091958
29000	0.2	22	4.059213
29000	0.2	22	4.015875
29000	0.2	22	4.054635
29000	0.2	21	4.065786
29000	0.2	25	4.005076
29000	0.2	23	3.966935
29000	0.2	22	3.915901

30000	0.2	20	4.222939
30000	0.2	23	4.233618
30000	0.2	22	4.239965
30000	0.2	22	4.313603
30000	0.2	22	4.160669
30000	0.2	22	4.215414
30000	0.2	22	4.329342
30000	0.2	23	4.333938
30000	0.2	25	4.298924
30000	0.2	24	4.384874
30000	0.2	20	4.439191
30000	0.2	26	4.284094
30000	0.2	25	4.330255
30000	0.2	21	4.353940
30000	0.2	20	4.350010
30000	0.2	22	4.321029
30000	0.2	24	4.360500
30000	0.2	22	4.355446
30000	0.2	21	4.374227
30000	0.2	22	4.352859
30000	0.2	24	4.357471
30000	0.2	23	4.174735
30000	0.2	22	4.012592
30000	0.2	22	4.093859
30000	0.2	22	4.188692
30000	0.2	24	4.391789
30000	0.2	21	3.964774
30000	0.2	21	4.281920
30000	0.2	20	4.340406
30000	0.2	21	4.333750

