30000	0.1	85	0.834122
30000	0.1	84	0.849235
30000	0.1	83	0.84793
30000	0.1	88	0.839682
30000	0.1	82	0.854667
30000	0.1	85	0.84878
30000	0.1	82	0.838217
30000	0.1	83	0.839508
30000	0.1	91	0.834747
30000	0.1	88	0.856313
30000	0.1	84	0.852264
30000	0.1	84	0.850115
30000	0.1	86	0.911786
30000	0.1	85	0.835077
30000	0.1	87	0.839589
30000	0.1	86	0.828826
30000	0.1	87	0.85522
30000	0.1	80	0.836245
30000	0.1	88	0.845524
30000	0.1	87	0.832733
30000	0.1	86	0.831374
30000	0.1	86	0.848174
30000	0.1	87	0.846081
30000	0.1	85	0.825072
30000	0.1	85	0.851058
30000	0.1	84	0.84529
30000	0.1	84	0.821487
30000	0.1	89	0.862657
30000	0.1	86	0.835203
30000	0.1	84	0.835254

30000	0.15	43	1.48588
30000	0.15	42	1.57855
30000	0.15	43	1.54134
30000	0.15	43	1.66481
30000	0.15	40	1.5443
30000	0.15	41	1.50463
30000	0.15	43	1.52631
30000	0.15	40	1.52788
30000	0.15	41	1.4983
30000	0.15	42	1.50589
30000	0.15	43	1.5142
30000	0.15	43	1.50745
30000	0.15	41	1.48339
30000	0.15	45	1.52522
30000	0.15	45	1.49117
30000	0.15	44	1.51001
30000	0.15	41	1.53369
30000	0.15	42	1.70631
30000	0.15	45	1.55023
30000	0.15	44	1.47917
30000	0.15	43	1.48508
30000	0.15	43	1.48172
30000	0.15	42	1.48189
30000	0.15	44	1.46684
30000	0.15	42	1.53674
30000	0.15	44	1.45941
30000	0.15	43	1.60922
30000	0.15	43	1.54681
30000	0.15	43	1.53159
30000	0.15	41	1.48951

30000	0.2	26	2.26017
30000	0.2	25	2.23286
30000	0.2	26	2.28091
30000	0.2	24	2.23213
30000	0.2	24	2.25926
30000	0.2	26	2.2645
30000	0.2	26	2.24617
30000	0.2	27	2.2707
30000	0.2	27	2.26171
30000	0.2	25	2.24886
30000	0.2	27	2.36172
30000	0.2	26	2.28204
30000	0.2	26	2.25568
30000	0.2	25	2.25588
30000	0.2	25	2.27179
30000	0.2	28	2.24198
30000	0.2	28	2.22793
30000	0.2	26	2.24328
30000	0.2	25	2.23188
30000	0.2	26	2.20952
30000	0.2	27	2.24493
30000	0.2	23	2.36738
30000	0.2	25	2.2531
30000	0.2	27	2.40872
30000	0.2	27	2.23108
30000	0.2	26	2.29096
30000	0.2	26	2.28914
30000	0.2	27	2.24514
30000	0.2	27	2.29535
30000	0.2	24	2.25944

30000	0.25	16	5.07833
30000	0.25	18	3.75221
30000	0.25	20	3.7473
30000	0.25	16	3.78651
30000	0.25	17	3.67417
30000	0.25	18	3.66003
30000	0.25	19	3.70094
30000	0.25	18	3.64888
30000	0.25	17	3.64079
30000	0.25	18	3.66191
30000	0.25	19	3.82209
30000	0.25	19	4.12058
30000	0.25	18	3.7483
30000	0.25	17	3.75168
30000	0.25	18	3.8208
30000	0.25	19	4.20789
30000	0.25	18	3.82779
30000	0.25	18	3.63071
30000	0.25	17	3.72559
30000	0.25	17	3.79132
30000	0.25	19	3.65317
30000	0.25	17	3.59019
30000	0.25	18	3.69754
30000	0.25	16	3.62638
30000	0.25	16	3.62473
30000	0.25	17	3.60829
30000	0.25	19	3.70153
30000	0.25	19	3.603
30000	0.25	20	3.57406
30000	0.25	19	3.74322

