10000	0.1	81	0.108208
10000	0.1	83	0.120094
10000	0.1	84	0.104938
10000	0.1	87	0.109528
10000	0.1	83	0.100814
10000	0.1	82	0.10127
10000	0.1	84	0.102652
10000	0.1	82	0.103095
10000	0.1	82	0.101992
10000	0.1	84	0.110314
10000	0.1	79	0.110596
10000	0.1	78	0.106291
10000	0.1	82	0.105198
10000	0.1	83	0.105496
10000	0.1	80	0.107153
10000	0.1	79	0.10712
10000	0.1	82	0.106384
10000	0.1	85	0.101653
10000	0.1	88	0.103039
10000	0.1	87	0.104963
10000	0.1	88	0.101911
10000	0.1	83	0.105443
10000	0.1	81	0.100912
10000	0.1	82	0.10556
10000	0.1	86	0.106381
10000	0.1	82	0.099577
10000	0.1	79	0.105691
10000	0.1	82	0.105788
10000	0.1	86	0.105107
10000	0.1	85	0.100259

10000	0.15	41	0.179332
10000	0.15	42	0.170987
10000	0.15	44	0.173512
10000	0.15	40	0.172756
10000	0.15	41	0.174226
10000	0.15	40	0.180726
10000	0.15	41	0.177049
10000	0.15	41	0.168878
10000	0.15	41	0.181244
10000	0.15	41	0.188626
10000	0.15	40	0.176505
10000	0.15	42	0.173474
10000	0.15	40	0.176277
10000	0.15	41	0.178515
10000	0.15	42	0.175301
10000	0.15	41	0.17225
10000	0.15	39	0.182354
10000	0.15	40	0.180967
10000	0.15	41	0.169574
10000	0.15	40	0.175956
10000	0.15	39	0.179456
10000	0.15	39	0.183789
10000	0.15	43	0.186918
10000	0.15	40	0.177845
10000	0.15	42	0.179298
10000	0.15	41	0.184811
10000	0.15	42	0.185424
10000	0.15	41	0.188437
10000	0.15	40	0.171005
10000	0.15	38	0.170165

10000	0.2	25	0.26391
10000	0.2	25	0.260763
10000	0.2	27	0.256061
10000	0.2	23	0.267529
10000	0.2	24	0.257699
10000	0.2	25	0.259799
10000	0.2	27	0.261811
10000	0.2	25	0.251411
10000	0.2	25	0.252753
10000	0.2	23	0.271668
10000	0.2	27	0.260641
10000	0.2	25	0.268023
10000	0.2	24	0.260352
10000	0.2	24	0.258172
10000	0.2	26	0.260002
10000	0.2	25	0.256353
10000	0.2	26	0.292649
10000	0.2	26	0.255502
10000	0.2	24	0.255043
10000	0.2	25	0.252102
10000	0.2	24	0.257366
10000	0.2	25	0.257984
10000	0.2	24	0.254065
10000	0.2	25	0.253298
10000	0.2	26	0.256756
10000	0.2	24	0.254727
10000	0.2	27	0.256136
10000	0.2	26	0.250227
10000	0.2	23	0.257562
10000	0.2	25	0.262257

10000	0.25	20	0.363517
10000	0.25	19	0.346535
10000	0.25	18	0.35915
10000	0.25	18	0.360422
10000	0.25	17	0.362085
10000	0.25	18	0.352489
10000	0.25	16	0.355369
10000	0.25	15	0.353676
10000	0.25	18	0.362234
10000	0.25	16	0.357954
10000	0.25	19	0.359008
10000	0.25	16	0.353316
10000	0.25	17	0.361166
10000	0.25	17	0.354462
10000	0.25	17	0.348149
10000	0.25	16	0.361172
10000	0.25	18	0.350562
10000	0.25	18	0.348603
10000	0.25	17	0.347037
10000	0.25	17	0.347833
10000	0.25	17	0.354988
10000	0.25	18	0.36566
10000	0.25	18	0.354252
10000	0.25	20	0.354058
10000	0.25	17	0.375971
10000	0.25	17	0.350301
10000	0.25	17	0.356649
10000	0.25	18	0.36251
10000	0.25	17	0.34795
10000	0.25	17	0.357759

10000	0.3	13	0.444883
10000	0.3	13	0.499811
10000	0.3	13	0.439283
10000	0.3	13	0.44219
10000	0.3	13	0.456023
10000	0.3	13	0.447931
10000	0.3	12	0.442721
10000	0.3	13	0.454037
10000	0.3	13	0.443724
10000	0.3	11	0.443728
10000	0.3	13	0.449952
10000	0.3	13	0.443518
10000	0.3	12	0.457598
10000	0.3	12	0.439915
10000	0.3	13	0.454218
10000	0.3	13	0.462036
10000	0.3	13	0.432648
10000	0.3	13	0.445715
10000	0.3	12	0.44593
10000	0.3	13	0.451258
10000	0.3	13	0.466863
10000	0.3	12	0.450716
10000	0.3	13	0.449822
10000	0.3	13	0.440229
10000	0.3	12	0.439006
10000	0.3	13	0.484538
10000	0.3	12	0.462556
10000	0.3	13	0.454672
10000	0.3	13	0.469262
10000	0.3	13	0.470873

10000	0.35	11	0.531532
10000	0.35	12	0.546263
10000	0.35	10	0.551471
10000	0.35	10	0.524511
10000	0.35	10	0.53284
10000	0.35	12	0.515974
10000	0.35	9	0.529484
10000	0.35	11	0.518643
10000	0.35	10	0.549099
10000	0.35	12	0.510592
10000	0.35	12	0.52177
10000	0.35	12	0.512264
10000	0.35	11	0.5211
10000	0.35	12	0.517548
10000	0.35	9	0.523331
10000	0.35	12	0.533864
10000	0.35	10	0.519949
10000	0.35	11	0.533785
10000	0.35	11	0.543937
10000	0.35	10	0.520809
10000	0.35	11	0.577142
10000	0.35	11	0.522773
10000	0.35	11	0.525006
10000	0.35	11	0.544883
10000	0.35	12	0.512717
10000	0.35	9	0.513421
10000	0.35	12	0.530815
10000	0.35	10	0.511676
10000	0.35	12	0.577735
10000	0.35	10	0.573739

10000	0.4	8	0.583184
10000	0.4	7	0.595001
10000	0.4	8	0.573944
10000	0.4	7	0.59021
10000	0.4	8	0.586783
10000	0.4	8	0.577956
10000	0.4	8	0.593806
10000	0.4	7	0.58852
10000	0.4	7	0.588741
10000	0.4	7	0.587812
10000	0.4	8	0.591267
10000	0.4	7	0.571198
10000	0.4	7	0.584913
10000	0.4	7	0.596812
10000	0.4	7	0.571283
10000	0.4	8	0.61316
10000	0.4	8	0.58718
10000	0.4	8	0.607518
10000	0.4	8	0.607024
10000	0.4	8	0.591805
10000	0.4	7	0.58956
10000	0.4	7	0.599841
10000	0.4	7	0.579893
10000	0.4	7	0.605959
10000	0.4	8	0.596321
10000	0.4	8	0.585542
10000	0.4	7	0.635931
10000	0.4	7	0.593423
10000	0.4	6	0.578754
10000	0.4	8	0.609704

10000	0.45	6	0.700449
10000	0.45	6	0.656378
10000	0.45	6	0.667815
10000	0.45	7	0.670933
10000	0.45	6	0.678033
10000	0.45	6	0.668674
10000	0.45	6	0.750445
10000	0.45	7	0.644776
10000	0.45	6	0.641659
10000	0.45	7	0.663165
10000	0.45	6	0.653552
10000	0.45	6	0.640335
10000	0.45	6	0.715942
10000	0.45	7	0.656192
10000	0.45	6	0.724859
10000	0.45	6	0.637835
10000	0.45	6	0.637569
10000	0.45	6	0.633072
10000	0.45	6	0.662286
10000	0.45	6	0.657641
10000	0.45	6	0.655089
10000	0.45	7	0.685423
10000	0.45	6	0.640862
10000	0.45	6	0.648036
10000	0.45	6	0.647895
10000	0.45	7	0.644892
10000	0.45	6	0.645785
10000	0.45	6	0.651325
10000	0.45	6	0.665731
10000	0.45	7	0.674751

10000	0.5	6	0.745261
10000	0.5	7	0.806493
10000	0.5	5	0.702691
10000	0.5	6	0.698475
10000	0.5	6	0.687962
10000	0.5	7	0.672399
10000	0.5	7	0.695835
10000	0.5	6	0.690226
10000	0.5	6	0.688805
10000	0.5	6	0.752537
10000	0.5	5	0.668818
10000	0.5	6	0.737063
10000	0.5	6	0.668011
10000	0.5	6	0.676889
10000	0.5	6	0.678532
10000	0.5	6	0.703484
10000	0.5	6	0.687726
10000	0.5	6	0.694325
10000	0.5	6	0.677123
10000	0.5	6	0.692787
10000	0.5	6	0.687014
10000	0.5	6	0.674353
10000	0.5	6	0.679713
10000	0.5	6	0.674075
10000	0.5	7	0.678052
10000	0.5	6	0.758936
10000	0.5	6	0.691231
10000	0.5	7	0.670204
10000	0.5	7	0.689036
10000	0.5	6	0.692239

