100	0.2	13	0.000918	0.041260
100	0.2	13	0.000844	0.042175
100	0.2	10	0.000924	0.043213
100	0.2	13	0.000915	0.043213
100	0.2	16	0.000910	0.041443
100	0.2	13	0.000841	0.040710
100	0.2	12	0.000905	0.044312
100	0.2	12	0.000900	0.045044
100	0.2	10	0.000850	0.046692
100	0.2	12	0.000899	0.042236
100	0.2	12	0.000899	0.048096
100	0.2	13	0.000908	0.040527
100	0.2	13	0.000843	0.044250
100	0.2	12	0.000919	0.040894
100	0.2	12	0.000903	0.044678
100	0.2	11	0.000856	0.042786
100	0.2	14	0.000910	0.044556
100	0.2	13	0.000915	0.042175
100	0.2	11	0.000896	0.041809
100	0.2	11	0.000897	0.045959
100	0.2	12	0.000906	0.041382
100	0.2	11	0.000901	0.045044
100	0.2	13	0.000909	0.045654
100	0.2	14	0.000886	0.042114
100	0.2	13	0.000899	0.043396
100	0.2	12	0.000872	0.044434
100	0.2	13	0.000842	0.045105
100	0.2	11	0.000910	0.047668
100	0.2	13	0.000888	0.040955
100	0.2	12	0.000907	0.045166

200	0.2	12	0.003166	0.163452
200	0.2	14	0.002805	0.164124
200	0.2	13	0.001725	0.186829
200	0.2	14	0.001732	0.165955
200	0.2	14	0.001708	0.160217
200	0.2	13	0.001727	0.167725
200	0.2	12	0.001778	0.173401
200	0.2	14	0.001702	0.165527
200	0.2	16	0.001742	0.166321
200	0.2	15	0.001737	0.163025
200	0.2	16	0.001832	0.152954
200	0.2	12	0.001726	0.171021
200	0.2	14	0.001832	0.162170
200	0.2	14	0.001710	0.160339
200	0.2	13	0.001849	0.163574
200	0.2	16	0.001835	0.177368
200	0.2	14	0.001715	0.174194
200	0.2	12	0.001745	0.166443
200	0.2	15	0.001751	0.168518
200	0.2	13	0.005911	0.165649
200	0.2	15	0.001849	0.173950
200	0.2	13	0.001835	0.166077
200	0.2	15	0.001730	0.165466
200	0.2	14	0.001845	0.159790
200	0.2	15	0.001702	0.157715
200	0.2	11	0.001714	0.151306
200	0.2	13	0.001856	0.166748
200	0.2	14	0.001757	0.166260
200	0.2	13	0.001759	0.166687
200	0.2	16	0.001814	0.167908

300	0.2	14	0.002719	0.367615
300	0.2	16	0.002692	0.370239
300	0.2	14	0.002865	0.367798
300	0.2	16	0.002702	0.384094
300	0.2	15	0.002718	0.392944
300	0.2	16	0.002672	0.376465
300	0.2	17	0.002684	0.380798
300	0.2	13	0.004855	0.374207
300	0.2	15	0.002849	0.372253
300	0.2	14	0.002848	0.361389
300	0.2	14	0.002683	0.380127
300	0.2	15	0.002707	0.376892
300	0.2	15	0.002646	0.370056
300	0.2	16	0.002872	0.376526
300	0.2	14	0.002742	0.363464
300	0.2	17	0.002718	0.369202
300	0.2	15	0.003773	0.383240
300	0.2	16	0.002652	0.370667
300	0.2	15	0.002696	0.382080
300	0.2	17	0.002714	0.382812
300	0.2	15	0.002687	0.377014
300	0.2	13	0.002683	0.366211
300	0.2	14	0.002735	0.363525
300	0.2	16	0.002686	0.371155
300	0.2	16	0.004903	0.367859
300	0.2	15	0.004734	0.355225
300	0.2	15	0.005130	0.358032
300	0.2	16	0.004347	0.376587
300	0.2	12	0.002677	0.382690
300	0.2	15	0.002878	0.407654

400	0.2	14	0.003730	0.668030
400	0.2	17	0.003785	0.666992
400	0.2	15	0.003956	0.678345
400	0.2	17	0.003713	0.672241
400	0.2	15	0.003729	0.661987
400	0.2	14	0.003738	0.658813
400	0.2	16	0.004727	0.688660
400	0.2	18	0.003718	0.656006
400	0.2	18	0.003711	0.670105
400	0.2	16	0.003719	0.659363
400	0.2	15	0.003701	0.626221
400	0.2	15	0.003663	0.635071
400	0.2	14	0.003712	0.675293
400	0.2	16	0.003713	0.663391
400	0.2	17	0.003700	0.653381
400	0.2	15	0.003709	0.669067
400	0.2	16	0.003920	0.656738
400	0.2	14	0.003797	0.658752
400	0.2	16	0.003946	0.655823
400	0.2	15	0.003756	0.647278
400	0.2	15	0.003653	0.632568
400	0.2	15	0.003872	0.664001
400	0.2	18	0.003776	0.682983
400	0.2	15	0.003672	0.646790
400	0.2	16	0.003700	0.688721
400	0.2	14	0.003931	0.665771
400	0.2	16	0.003829	0.654663
400	0.2	16	0.003775	0.664917
400	0.2	14	0.003792	0.656616
400	0.2	17	0.003798	0.688416

500	0.2	15	0.004876	1.041016
500	0.2	14	0.005042	1.068726
500	0.2	15	0.008849	1.028381
500	0.2	16	0.004757	1.021362
500	0.2	16	0.004990	1.024719
500	0.2	14	0.005020	1.040833
500	0.2	17	0.004861	1.016907
500	0.2	16	0.004788	1.027832
500	0.2	15	0.004874	1.020386
500	0.2	17	0.004805	1.048096
500	0.2	16	0.004806	1.023254
500	0.2	17	0.004811	1.053528
500	0.2	16	0.004883	1.059326
500	0.2	17	0.004783	1.030151
500	0.2	16	0.004777	1.020874
500	0.2	16	0.004704	1.031067
500	0.2	16	0.004772	1.045227
500	0.2	17	0.004830	1.062378
500	0.2	18	0.004826	1.082703
500	0.2	16	0.005062	1.070374
500	0.2	17	0.004963	1.051758
500	0.2	14	0.004817	1.030884
500	0.2	15	0.004895	1.059265
500	0.2	16	0.004836	1.082397
500	0.2	15	0.008804	1.035461
500	0.2	16	0.007773	1.044556
500	0.2	17	0.004805	1.007568
500	0.2	17	0.004862	1.012878
500	0.2	16	0.004753	1.012512
500	0.2	17	0.004836	1.058350

600	0.2	16	0.006135	1.514893
600	0.2	16	0.006001	1.511536
600	0.2	17	0.005829	1.487915
600	0.2	17	0.010015	1.474854
600	0.2	16	0.005975	1.511902
600	0.2	15	0.006133	1.555054
600	0.2	17	0.006132	1.498230
600	0.2	17	0.005985	1.527100
600	0.2	16	0.008970	1.475830
600	0.2	15	0.010154	1.458496
600	0.2	19	0.006753	1.485962
600	0.2	13	0.005941	1.525696
600	0.2	15	0.006098	1.481201
600	0.2	16	0.005783	1.457092
600	0.2	16	0.005948	1.465210
600	0.2	17	0.005965	1.493347
600	0.2	17	0.010817	1.506348
600	0.2	16	0.005746	1.504944
600	0.2	15	0.005822	1.507385
600	0.2	16	0.005954	1.471436
600	0.2	15	0.005718	1.452148
600	0.2	18	0.006001	1.515137
600	0.2	16	0.005992	1.521484
600	0.2	16	0.006315	1.544434
600	0.2	16	0.005933	1.513733
600	0.2	18	0.005798	1.483459
600	0.2	17	0.005954	1.467773
600	0.2	16	0.005966	1.490051
600	0.2	17	0.006211	1.464783
600	0.2	16	0.006083	1.540833

700	0.2	18	0.007266	2.102417
700	0.2	18	0.007182	2.015869
700	0.2	16	0.018946	2.016907
700	0.2	17	0.007024	2.022644
700	0.2	16	0.007114	2.011841
700	0.2	17	0.007404	2.025208
700	0.2	16	0.007274	2.064880
700	0.2	17	0.007269	2.014893
700	0.2	18	0.007017	2.013367
700	0.2	17	0.007085	2.051758
700	0.2	19	0.007093	2.054993
700	0.2	18	0.007116	2.038696
700	0.2	16	0.007462	1.975220
700	0.2	16	0.006956	2.018860
700	0.2	16	0.007283	2.112549
700	0.2	17	0.007192	2.001831
700	0.2	18	0.007433	2.058228
700	0.2	17	0.007209	2.083618
700	0.2	18	0.013960	2.040344
700	0.2	18	0.011575	2.093140
700	0.2	15	0.007375	2.094788
700	0.2	17	0.007190	1.984009
700	0.2	16	0.007053	2.020081
700	0.2	17	0.007052	2.040771
700	0.2	17	0.012373	2.059387
700	0.2	17	0.007554	2.067566
700	0.2	18	0.007156	1.981018
700	0.2	16	0.013926	2.015564
700	0.2	18	0.007052	1.991028
700	0.2	19	0.007412	2.026367

800	0.2	15	0.008628	2.653198
800	0.2	17	0.008649	2.691589
800	0.2	15	0.008698	2.626160
800	0.2	18	0.008363	2.649414
800	0.2	16	0.020252	2.628845
800	0.2	17	0.015348	2.667419
800	0.2	17	0.013168	2.616516
800	0.2	17	0.008532	2.770691
800	0.2	18	0.008362	2.776855
800	0.2	18	0.008343	2.656189
800	0.2	16	0.008605	2.666748
800	0.2	20	0.008472	2.647644
800	0.2	16	0.008626	2.737427
800	0.2	17	0.008183	2.652039
800	0.2	18	0.013406	2.657166
800	0.2	16	0.008690	2.674377
800	0.2	16	0.008569	2.627808
800	0.2	16	0.028926	2.606750
800	0.2	15	0.008757	2.663940
800	0.2	18	0.008502	2.633423
800	0.2	16	0.008195	2.704712
800	0.2	17	0.008487	2.608643
800	0.2	17	0.008150	2.684448
800	0.2	17	0.008716	2.672913
800	0.2	17	0.008517	2.635681
800	0.2	17	0.008486	2.662292
800	0.2	19	0.008500	2.611755
800	0.2	18	0.008577	2.692322
800	0.2	17	0.008342	2.659729
800	0.2	17	0.008577	2.713928

900	0.2	17	0.009883	3.331848
900	0.2	17	0.009873	3.292053
900	0.2	17	0.009509	3.324951
900	0.2	18	0.009962	3.489136
900	0.2	17	0.009543	3.374390
900	0.2	17	0.009625	3.351318
900	0.2	18	0.009918	3.385071
900	0.2	18	0.010003	3.466919
900	0.2	16	0.009871	3.268311
900	0.2	16	0.009619	3.434875
900	0.2	16	0.009552	3.379395
900	0.2	16	0.009670	3.330078
900	0.2	16	0.009893	3.312683
900	0.2	18	0.009886	3.350281
900	0.2	17	0.009538	3.394104
900	0.2	18	0.009487	3.348816
900	0.2	15	0.009806	3.293823
900	0.2	17	0.010052	3.392212
900	0.2	17	0.009930	3.402954
900	0.2	17	0.009553	3.354431
900	0.2	18	0.009898	3.365906
900	0.2	19	0.009852	3.329041
900	0.2	17	0.009952	3.306335
900	0.2	17	0.009928	3.379883
900	0.2	17	0.009742	3.397827
900	0.2	17	0.010056	3.309082
900	0.2	18	0.019423	3.430176
900	0.2	17	0.010478	3.495789
900	0.2	18	0.009632	3.273438
900	0.2	17	0.009927	3.359680

1000	0.2	18	0.011313	4.080688
1000	0.2	18	0.011022	4.221375
1000	0.2	17	0.010897	4.006226
1000	0.2	16	0.011433	4.181213
1000	0.2	18	0.011081	4.175964
1000	0.2	16	0.024268	4.054932
1000	0.2	16	0.019837	4.107300
1000	0.2	17	0.011312	4.142151
1000	0.2	17	0.011371	4.165161
1000	0.2	18	0.011283	4.051514
1000	0.2	15	0.011537	4.135681
1000	0.2	15	0.011019	4.170715
1000	0.2	17	0.011063	4.146484
1000	0.2	18	0.011038	4.118713
1000	0.2	17	0.010929	4.151794
1000	0.2	18	0.016857	4.239624
1000	0.2	16	0.011241	4.184265
1000	0.2	17	0.010862	4.165039
1000	0.2	18	0.010930	4.067505
1000	0.2	16	0.010950	4.101868
1000	0.2	18	0.010970	4.111816
1000	0.2	17	0.011474	4.129272
1000	0.2	16	0.017980	4.170410
1000	0.2	17	0.019067	4.200073
1000	0.2	18	0.011345	4.194824
1000	0.2	18	0.011458	4.247192
1000	0.2	18	0.012014	4.215515
1000	0.2	16	0.011374	4.133850
1000	0.2	18	0.014326	4.078735
1000	0.2	18	0.013181	4.043030

1100	0.2	15	0.012605	5.111389
1100	0.2	17	0.012509	5.021912
1100	0.2	18	0.019307	5.037415
1100	0.2	18	0.012962	4.908447
1100	0.2	18	0.012687	5.196960
1100	0.2	17	0.012824	5.064087
1100	0.2	19	0.014012	5.065796
1100	0.2	19	0.034088	5.077026
1100	0.2	17	0.022333	5.113220
1100	0.2	18	0.016300	5.020813
1100	0.2	17	0.012886	5.046326
1100	0.2	18	0.012884	5.150085
1100	0.2	18	0.020193	5.057922
1100	0.2	17	0.013093	4.984863
1100	0.2	17	0.012518	4.971619
1100	0.2	18	0.019549	5.000305
1100	0.2	18	0.012555	4.977417
1100	0.2	18	0.012768	5.053101
1100	0.2	15	0.013131	5.039551
1100	0.2	17	0.012873	4.979736
1100	0.2	17	0.012996	4.945740
1100	0.2	18	0.012950	5.102478
1100	0.2	19	0.012906	5.041565
1100	0.2	15	0.012529	5.036865
1100	0.2	18	0.012607	4.930603
1100	0.2	16	0.013123	4.941345
1100	0.2	18	0.012428	4.846680
1100	0.2	17	0.012492	5.009399
1100	0.2	17	0.012699	5.050720
1100	0.2	18	0.012530	4.951233

1200	0.2	17	0.014553	5.972290
1200	0.2	18	0.014347	5.998840
1200	0.2	17	0.014084	5.892029
1200	0.2	19	0.016080	6.142334
1200	0.2	19	0.013878	5.894348
1200	0.2	18	0.014656	6.123230
1200	0.2	18	0.014402	5.966125
1200	0.2	17	0.014368	5.891174
1200	0.2	18	0.014142	5.945862
1200	0.2	16	0.014098	5.915710
1200	0.2	18	0.014240	6.028076
1200	0.2	18	0.014267	6.136475
1200	0.2	18	0.014433	6.001282
1200	0.2	18	0.014335	6.128235
1200	0.2	18	0.014530	6.038757
1200	0.2	18	0.014418	6.070740
1200	0.2	18	0.014180	5.895020
1200	0.2	16	0.014707	5.999084
1200	0.2	17	0.014591	6.115906
1200	0.2	16	0.031462	6.000183
1200	0.2	17	0.045025	6.019104
1200	0.2	19	0.025935	6.148315
1200	0.2	18	0.014215	6.055847
1200	0.2	18	0.044039	5.878418
1200	0.2	19	0.025761	6.049561
1200	0.2	18	0.044393	6.134094
1200	0.2	18	0.025736	6.061279
1200	0.2	17	0.014080	5.947754
1200	0.2	17	0.043000	6.035522
1200	0.2	18	0.024992	5.905273

1300	0.2	18	0.047933	6.991150
1300	0.2	18	0.024329	7.119446
1300	0.2	18	0.032651	7.063843
1300	0.2	18	0.016259	6.864929
1300	0.2	19	0.016099	6.861450
1300	0.2	19	0.034383	7.164917
1300	0.2	18	0.016715	7.153076
1300	0.2	18	0.016082	7.058105
1300	0.2	19	0.016415	6.931152
1300	0.2	20	0.024213	6.898254
1300	0.2	17	0.015776	6.932190
1300	0.2	18	0.015925	7.151245
1300	0.2	19	0.015864	7.031616
1300	0.2	18	0.015912	6.922180
1300	0.2	18	0.026530	7.166382
1300	0.2	18	0.017241	7.055786
1300	0.2	16	0.029620	6.803467
1300	0.2	18	0.015636	6.766846
1300	0.2	19	0.015860	6.983276
1300	0.2	15	0.015703	6.815186
1300	0.2	18	0.016291	7.129517
1300	0.2	18	0.016087	7.053955
1300	0.2	18	0.015845	7.028320
1300	0.2	18	0.015823	7.033142
1300	0.2	18	0.016037	6.944885
1300	0.2	17	0.015997	7.253906
1300	0.2	18	0.015916	7.049988
1300	0.2	19	0.016753	7.212097
1300	0.2	18	0.015688	6.986389
1300	0.2	18	0.020270	7.045105

1400	0.2	18	0.018216	8.198120
1400	0.2	18	0.017490	7.978577
1400	0.2	18	0.017181	8.106262
1400	0.2	19	0.017657	8.240479
1400	0.2	17	0.017091	8.007019
1400	0.2	18	0.017489	8.035950
1400	0.2	18	0.017316	8.160583
1400	0.2	18	0.025841	8.070496
1400	0.2	17	0.018183	8.150757
1400	0.2	19	0.026246	8.178040
1400	0.2	17	0.018080	7.990906
1400	0.2	18	0.018405	8.177246
1400	0.2	19	0.037559	8.124695
1400	0.2	18	0.018047	8.007568
1400	0.2	19	0.017326	8.179016
1400	0.2	19	0.017827	8.418457
1400	0.2	18	0.017566	8.044312
1400	0.2	19	0.018152	8.332642
1400	0.2	19	0.017504	8.080261
1400	0.2	17	0.017429	7.937256
1400	0.2	19	0.017972	8.190491
1400	0.2	19	0.017548	8.005798
1400	0.2	17	0.017656	8.107971
1400	0.2	17	0.018076	8.141785
1400	0.2	19	0.017309	8.144470
1400	0.2	16	0.017536	8.091187
1400	0.2	18	0.018019	8.445862
1400	0.2	18	0.017719	7.950500
1400	0.2	17	0.017920	8.150879
1400	0.2	17	0.018030	8.184082

1500	0.2	17	0.019424	9.309998
1500	0.2	20	0.022384	9.680298
1500	0.2	17	0.019339	9.190308
1500	0.2	17	0.020009	9.315918
1500	0.2	16	0.019508	9.434509
1500	0.2	19	0.019810	9.330444
1500	0.2	17	0.019158	9.406677
1500	0.2	18	0.019391	9.284302
1500	0.2	19	0.019407	9.323853
1500	0.2	18	0.019377	9.318604
1500	0.2	18	0.019205	9.442261
1500	0.2	18	0.019352	9.244019
1500	0.2	20	0.019586	9.125671
1500	0.2	19	0.019159	9.428528
1500	0.2	18	0.027136	9.316040
1500	0.2	16	0.020326	9.127502
1500	0.2	17	0.019463	9.377991
1500	0.2	18	0.019558	9.449219
1500	0.2	21	0.019639	9.545288
1500	0.2	20	0.019394	9.288696
1500	0.2	17	0.018965	9.226196
1500	0.2	14	0.019266	9.188721
1500	0.2	18	0.019116	9.399902
1500	0.2	16	0.019602	9.286743
1500	0.2	18	0.019535	9.443298
1500	0.2	19	0.019437	9.362549
1500	0.2	18	0.019481	9.346985
1500	0.2	19	0.019274	9.472473
1500	0.2	20	0.019775	9.303284
1500	0.2	17	0.020002	9.465576

1600	0.2	19	0.021753	10.681274
1600	0.2	18	0.021497	10.532043
1600	0.2	17	0.021217	10.441040
1600	0.2	19	0.021058	10.708374
1600	0.2	17	0.021709	10.624695
1600	0.2	19	0.023219	10.578552
1600	0.2	19	0.021849	10.607239
1600	0.2	20	0.021912	10.814392
1600	0.2	20	0.021302	10.562683
1600	0.2	18	0.021232	10.508789
1600	0.2	18	0.021087	10.732483
1600	0.2	18	0.021437	10.764771
1600	0.2	20	0.040089	10.557678
1600	0.2	17	0.021415	10.446594
1600	0.2	19	0.021354	10.625427
1600	0.2	18	0.021062	10.731323
1600	0.2	18	0.020891	10.457458
1600	0.2	17	0.021385	10.638977
1600	0.2	17	0.021024	10.699341
1600	0.2	18	0.021272	10.487000
1600	0.2	17	0.021504	10.629211
1600	0.2	19	0.021759	10.543518
1600	0.2	17	0.021125	10.815491
1600	0.2	19	0.021367	10.588074
1600	0.2	18	0.021881	10.546143
1600	0.2	18	0.033972	10.620667
1600	0.2	16	0.021184	10.524536
1600	0.2	19	0.021074	10.734131
1600	0.2	18	0.021557	10.738220
1600	0.2	19	0.021360	10.601013

1700	0.2	20	0.023354	11.976501
1700	0.2	18	0.023561	12.028259
1700	0.2	19	0.024399	11.881775
1700	0.2	18	0.023488	12.050964
1700	0.2	19	0.022990	12.016418
1700	0.2	18	0.023483	12.242249
1700	0.2	17	0.023257	11.956909
1700	0.2	17	0.023106	12.045593
1700	0.2	18	0.023416	12.078613
1700	0.2	18	0.023845	12.106567
1700	0.2	20	0.025083	12.109802
1700	0.2	20	0.023324	12.018250
1700	0.2	18	0.023107	11.758240
1700	0.2	19	0.024711	12.074402
1700	0.2	18	0.023855	12.122925
1700	0.2	19	0.023222	11.954224
1700	0.2	17	0.023361	12.008789
1700	0.2	17	0.022932	11.969299
1700	0.2	16	0.023877	12.377014
1700	0.2	17	0.023668	12.206604
1700	0.2	18	0.023570	12.233459
1700	0.2	17	0.023306	12.012939
1700	0.2	18	0.023527	12.173096
1700	0.2	18	0.023356	12.054199
1700	0.2	17	0.023394	11.973816
1700	0.2	18	0.023626	12.101135
1700	0.2	19	0.023545	12.139343
1700	0.2	17	0.022976	12.017883
1700	0.2	17	0.023173	11.778992
1700	0.2	18	0.022936	11.971436

1800	0.2	19	0.037962	13.532471
1800	0.2	15	0.025169	13.508972
1800	0.2	18	0.025495	13.490112
1800	0.2	18	0.025564	13.515015
1800	0.2	18	0.054742	13.327942
1800	0.2	18	0.025612	13.332825
1800	0.2	17	0.025398	13.316162
1800	0.2	18	0.025177	13.221558
1800	0.2	20	0.025793	13.647034
1800	0.2	17	0.025625	13.479065
1800	0.2	17	0.025825	13.362000
1800	0.2	17	0.025347	13.367798
1800	0.2	19	0.025213	13.310913
1800	0.2	16	0.025369	13.301270
1800	0.2	18	0.025198	13.676758
1800	0.2	17	0.025487	13.313660
1800	0.2	16	0.025506	13.456360
1800	0.2	19	0.025465	13.453491
1800	0.2	16	0.026390	13.452576
1800	0.2	18	0.025691	13.811523
1800	0.2	19	0.025650	13.393494
1800	0.2	16	0.025116	13.392151
1800	0.2	19	0.025197	13.263428
1800	0.2	18	0.024839	13.237671
1800	0.2	16	0.044819	13.386780
1800	0.2	18	0.026021	13.617371
1800	0.2	18	0.025729	13.653931
1800	0.2	19	0.025474	13.288208
1800	0.2	19	0.025590	13.362427
1800	0.2	17	0.025416	13.561951

1900	0.2	18	0.027974	15.117737
1900	0.2	18	0.027382	14.902832
1900	0.2	18	0.027384	14.844055
1900	0.2	18	0.027478	14.971924
1900	0.2	17	0.041160	14.992676
1900	0.2	20	0.027514	15.063660
1900	0.2	18	0.027662	15.112305
1900	0.2	19	0.027435	14.914246
1900	0.2	18	0.028315	14.833496
1900	0.2	18	0.027388	14.846252
1900	0.2	19	0.028814	14.891602
1900	0.2	18	0.027535	14.991699
1900	0.2	18	0.027703	15.277222
1900	0.2	18	0.027660	15.179626
1900	0.2	18	0.028056	15.353516
1900	0.2	17	0.027831	15.066162
1900	0.2	16	0.027331	14.835327
1900	0.2	19	0.027312	14.780396
1900	0.2	17	0.027823	14.674561
1900	0.2	18	0.027035	14.777710
1900	0.2	18	0.027464	14.964050
1900	0.2	20	0.027371	14.896362
1900	0.2	16	0.027253	15.161621
1900	0.2	20	0.027122	14.982605
1900	0.2	18	0.027830	14.881042
1900	0.2	18	0.027601	15.094360
1900	0.2	16	0.028751	14.896362
1900	0.2	16	0.028270	15.244751
1900	0.2	18	0.027264	14.757202
1900	0.2	19	0.027992	14.773376

2000	0.2	17	0.031182	16.494568
2000	0.2	18	0.030031	16.576111
2000	0.2	20	0.029972	16.875061
2000	0.2	20	0.029472	16.295410
2000	0.2	19	0.047032	16.608215
2000	0.2	18	0.030709	16.553162
2000	0.2	18	0.029551	16.438782
2000	0.2	18	0.029937	16.687744
2000	0.2	18	0.029955	16.521118
2000	0.2	18	0.030567	16.878906
2000	0.2	18	0.029681	16.126831
2000	0.2	17	0.030350	16.447388
2000	0.2	18	0.030009	16.991089
2000	0.2	18	0.029900	16.488892
2000	0.2	19	0.029783	16.440796
2000	0.2	17	0.029787	16.679810
2000	0.2	19	0.029484	16.451355
2000	0.2	18	0.029516	16.532715
2000	0.2	16	0.029902	16.862366
2000	0.2	19	0.029622	16.544983
2000	0.2	20	0.029936	16.798889
2000	0.2	19	0.029752	16.568420
2000	0.2	19	0.029750	16.735962
2000	0.2	19	0.030146	16.499146
2000	0.2	19	0.030101	17.010620
2000	0.2	18	0.029920	16.453369
2000	0.2	18	0.029910	16.776306
2000	0.2	16	0.029259	16.484741
2000	0.2	19	0.051389	16.659790
2000	0.2	18	0.029571	16.421875

2100	0.2	19	0.049071	18.750610
2100	0.2	18	0.031847	18.083801
2100	0.2	19	0.031991	18.414124
2100	0.2	19	0.032019	18.319763
2100	0.2	17	0.032094	18.014587
2100	0.2	19	0.032446	18.439575
2100	0.2	18	0.040794	18.237366
2100	0.2	18	0.032236	18.179871
2100	0.2	17	0.031425	18.023193
2100	0.2	18	0.033328	18.460876
2100	0.2	18	0.031899	18.212952
2100	0.2	18	0.032442	18.346802
2100	0.2	19	0.032176	18.631042
2100	0.2	18	0.031976	18.252625
2100	0.2	16	0.031935	18.341492
2100	0.2	20	0.032001	18.259277
2100	0.2	19	0.032668	18.671692
2100	0.2	17	0.032241	18.289978
2100	0.2	16	0.032494	18.397522
2100	0.2	17	0.032058	18.101746
2100	0.2	19	0.049239	18.217163
2100	0.2	19	0.031917	18.111633
2100	0.2	19	0.031870	18.113464
2100	0.2	18	0.032083	18.075439
2100	0.2	17	0.032231	18.240234
2100	0.2	18	0.031849	18.485413
2100	0.2	18	0.032163	18.506470
2100	0.2	17	0.032235	18.310852
2100	0.2	17	0.032267	18.280823
2100	0.2	16	0.031693	17.965576

2200	0.2	18	0.034958	20.095642
2200	0.2	18	0.035551	19.716064
2200	0.2	19	0.034748	20.384216
2200	0.2	17	0.034346	20.013245
2200	0.2	19	0.034225	20.032043
2200	0.2	17	0.042848	19.929260
2200	0.2	19	0.035533	20.158752
2200	0.2	18	0.034653	20.137024
2200	0.2	18	0.034337	20.011353
2200	0.2	19	0.034059	19.902588
2200	0.2	19	0.034457	20.308228
2200	0.2	19	0.034635	20.413818
2200	0.2	19	0.034046	20.146545
2200	0.2	17	0.034024	20.154541
2200	0.2	17	0.034782	20.137573
2200	0.2	16	0.034029	20.060791
2200	0.2	19	0.033987	20.104553
2200	0.2	17	0.033720	19.932800
2200	0.2	19	0.034588	20.008057
2200	0.2	18	0.035638	20.226990
2200	0.2	19	0.046919	19.966553
2200	0.2	18	0.034252	19.887573
2200	0.2	19	0.034612	19.927490
2200	0.2	18	0.034197	19.976135
2200	0.2	18	0.034137	19.942444
2200	0.2	20	0.034831	20.322876
2200	0.2	17	0.035369	19.992676
2200	0.2	20	0.034674	20.091248
2200	0.2	19	0.034316	19.868225
2200	0.2	18	0.034743	20.080200

2300	0.2	21	0.036893	22.075317
2300	0.2	20	0.037025	21.917786
2300	0.2	17	0.036808	21.954834
2300	0.2	19	0.036839	22.083557
2300	0.2	19	0.036562	21.764587
2300	0.2	17	0.036540	21.696655
2300	0.2	22	0.036767	21.882690
2300	0.2	18	0.036920	22.199524
2300	0.2	19	0.036321	21.807434
2300	0.2	20	0.036914	22.124084
2300	0.2	17	0.036469	21.909119
2300	0.2	18	0.036280	21.868469
2300	0.2	17	0.036706	22.078796
2300	0.2	20	0.038706	22.096436
2300	0.2	18	0.037265	22.136047
2300	0.2	16	0.037039	22.223511
2300	0.2	19	0.036572	22.040710
2300	0.2	18	0.036343	21.599792
2300	0.2	18	0.037293	21.880615
2300	0.2	18	0.037306	22.257141
2300	0.2	18	0.036799	21.536072
2300	0.2	18	0.036895	22.084106
2300	0.2	20	0.036719	21.966614
2300	0.2	16	0.037068	21.993164
2300	0.2	20	0.036948	22.168640
2300	0.2	18	0.037988	21.932861
2300	0.2	18	0.036922	21.758240
2300	0.2	17	0.037174	22.462341
2300	0.2	18	0.037026	22.370667
2300	0.2	20	0.036739	21.934509

2400	0.2	19	0.039109	23.797607
2400	0.2	16	0.039407	23.664673
2400	0.2	18	0.039209	23.793213
2400	0.2	19	0.039118	23.762512
2400	0.2	19	0.038821	23.518066
2400	0.2	18	0.038850	24.026001
2400	0.2	20	0.039359	23.750977
2400	0.2	15	0.039161	23.843445
2400	0.2	18	0.039261	23.865051
2400	0.2	19	0.039145	23.717468
2400	0.2	18	0.039340	24.040222
2400	0.2	18	0.039524	23.908508
2400	0.2	18	0.039585	23.726990
2400	0.2	18	0.039464	24.229431
2400	0.2	17	0.040485	24.002319
2400	0.2	18	0.039436	23.798950
2400	0.2	20	0.039222	24.297729
2400	0.2	19	0.039113	23.584839
2400	0.2	19	0.040002	23.888245
2400	0.2	18	0.039674	23.694885
2400	0.2	17	0.039169	23.901245
2400	0.2	20	0.039113	23.651733
2400	0.2	16	0.039077	23.725586
2400	0.2	18	0.039241	23.981384
2400	0.2	18	0.039168	23.843994
2400	0.2	16	0.039119	24.177795
2400	0.2	17	0.039027	23.909729
2400	0.2	18	0.038910	23.505493
2400	0.2	18	0.039219	23.806702
2400	0.2	19	0.039830	23.981018

2500	0.2	18	0.041933	25.757751
2500	0.2	19	0.041653	25.842102
2500	0.2	19	0.041894	26.318604
2500	0.2	17	0.041267	25.718140
2500	0.2	18	0.041318	25.818787
2500	0.2	17	0.054452	25.980896
2500	0.2	19	0.042473	25.921082
2500	0.2	19	0.041844	25.968445
2500	0.2	19	0.041731	25.704285
2500	0.2	18	0.042361	26.001404
2500	0.2	19	0.041854	25.956726
2500	0.2	19	0.041668	25.732422
2500	0.2	18	0.042303	26.149658
2500	0.2	18	0.041123	25.645752
2500	0.2	17	0.041910	26.107971
2500	0.2	21	0.041935	26.184875
2500	0.2	19	0.042083	26.262085
2500	0.2	16	0.043278	26.143738
2500	0.2	19	0.041987	25.472168
2500	0.2	19	0.041817	25.951294
2500	0.2	20	0.041793	25.757812
2500	0.2	18	0.041929	25.940674
2500	0.2	19	0.041760	25.948547
2500	0.2	17	0.042010	25.887085
2500	0.2	19	0.041516	25.560852
2500	0.2	17	0.042058	26.384338
2500	0.2	19	0.041716	25.799622
2500	0.2	19	0.042319	25.831970
2500	0.2	18	0.041812	25.262634
2500	0.2	20	0.041229	25.691345

2600	0.2	19	0.044976	28.291565
2600	0.2	20	0.045315	28.235901
2600	0.2	17	0.046766	28.167664
2600	0.2	17	0.044557	27.798340
2600	0.2	18	0.044056	27.933289
2600	0.2	18	0.044876	27.919739
2600	0.2	19	0.044305	27.993347
2600	0.2	19	0.044161	27.688904
2600	0.2	20	0.043987	27.807312
2600	0.2	17	0.044813	28.302856
2600	0.2	20	0.043947	28.012146
2600	0.2	21	0.044066	27.976990
2600	0.2	20	0.044814	27.356812
2600	0.2	20	0.044871	28.461609
2600	0.2	18	0.044395	28.065186
2600	0.2	18	0.043964	27.883728
2600	0.2	18	0.044236	27.959045
2600	0.2	18	0.044407	27.997070
2600	0.2	20	0.044848	27.970398
2600	0.2	19	0.045141	28.007629
2600	0.2	19	0.044298	27.980225
2600	0.2	20	0.044568	28.172180
2600	0.2	19	0.044663	28.364502
2600	0.2	17	0.044488	28.049194
2600	0.2	19	0.044582	28.129150
2600	0.2	20	0.044071	28.081116
2600	0.2	17	0.044407	28.118164
2600	0.2	18	0.044485	28.035400
2600	0.2	19	0.044509	28.303711
2600	0.2	18	0.045910	27.769043

2700	0.2	19	0.047494	30.289062
2700	0.2	20	0.047741	30.444824
2700	0.2	16	0.047820	30.125793
2700	0.2	17	0.046729	30.154724
2700	0.2	18	0.047122	30.121460
2700	0.2	19	0.047140	29.864624
2700	0.2	17	0.046626	29.901672
2700	0.2	20	0.046841	30.400940
2700	0.2	17	0.047377	30.567383
2700	0.2	18	0.047023	30.065186
2700	0.2	20	0.047305	30.558899
2700	0.2	19	0.047303	30.291138
2700	0.2	18	0.048860	30.864624
2700	0.2	17	0.047218	30.404602
2700	0.2	18	0.047624	30.319763
2700	0.2	18	0.047136	30.253296
2700	0.2	18	0.046983	30.007629
2700	0.2	20	0.047216	29.926941
2700	0.2	18	0.048101	30.571655
2700	0.2	19	0.047521	30.182556
2700	0.2	18	0.046912	29.608154
2700	0.2	17	0.047319	30.014832
2700	0.2	19	0.047598	30.668274
2700	0.2	17	0.047482	30.295105
2700	0.2	17	0.047028	29.930359
2700	0.2	20	0.047295	30.390686
2700	0.2	18	0.047020	30.083679
2700	0.2	17	0.046897	30.384094
2700	0.2	18	0.047799	29.701111
2700	0.2	18	0.047445	30.578674

2800	0.2	18	0.050201	32.357666
2800	0.2	19	0.050782	32.537231
2800	0.2	17	0.049720	32.351990
2800	0.2	17	0.050193	32.981018
2800	0.2	19	0.049810	32.424500
2800	0.2	19	0.049391	32.329651
2800	0.2	19	0.049578	32.325989
2800	0.2	18	0.050367	32.451782
2800	0.2	19	0.050211	32.898926
2800	0.2	17	0.049548	32.513062
2800	0.2	20	0.050468	32.993469
2800	0.2	17	0.049782	32.391602
2800	0.2	19	0.050370	33.092834
2800	0.2	18	0.049941	32.513977
2800	0.2	21	0.049895	32.451233
2800	0.2	18	0.049187	32.096497
2800	0.2	19	0.050233	33.206299
2800	0.2	20	0.050028	32.663208
2800	0.2	20	0.050205	32.847839
2800	0.2	17	0.049742	32.302795
2800	0.2	19	0.050249	32.512756
2800	0.2	19	0.050340	32.578186
2800	0.2	19	0.049533	32.408447
2800	0.2	20	0.049969	32.793640
2800	0.2	18	0.050020	32.401550
2800	0.2	22	0.050275	32.343933
2800	0.2	19	0.049791	32.111877
2800	0.2	17	0.049841	32.500732
2800	0.2	18	0.051543	32.271179
2800	0.2	18	0.051017	32.650574

2900	0.2	18	0.052641	35.350952
2900	0.2	18	0.052544	34.456238
2900	0.2	18	0.053042	34.997009
2900	0.2	19	0.052754	35.194946
2900	0.2	19	0.052884	35.066895
2900	0.2	18	0.052228	34.548279
2900	0.2	19	0.052506	34.933533
2900	0.2	18	0.053051	35.201355
2900	0.2	20	0.052511	34.949219
2900	0.2	17	0.052692	34.881470
2900	0.2	16	0.053156	35.152588
2900	0.2	17	0.052483	34.631104
2900	0.2	18	0.052740	34.884583
2900	0.2	18	0.054289	34.542847
2900	0.2	18	0.052810	34.833923
2900	0.2	18	0.052933	34.988281
2900	0.2	17	0.053313	34.451965
2900	0.2	18	0.052446	34.824646
2900	0.2	19	0.053203	35.214722
2900	0.2	19	0.052806	34.712158
2900	0.2	18	0.053458	35.021484
2900	0.2	18	0.052231	34.520203
2900	0.2	20	0.052707	35.068237
2900	0.2	17	0.052919	34.756836
2900	0.2	18	0.052391	34.446838
2900	0.2	17	0.053923	34.623779
2900	0.2	19	0.052654	34.813232
2900	0.2	17	0.053050	35.109192
2900	0.2	16	0.052693	34.787170
2900	0.2	18	0.052669	34.858887

3000	0.2	19	0.055946	37.157471
3000	0.2	17	0.056000	37.197266
3000	0.2	19	0.055794	37.398315
3000	0.2	16	0.055519	37.693909
3000	0.2	18	0.055765	37.448059
3000	0.2	20	0.055003	36.887268
3000	0.2	20	0.055768	37.476013
3000	0.2	18	0.055848	37.296509
3000	0.2	17	0.055242	36.923218
3000	0.2	20	0.058345	38.363586
3000	0.2	19	0.068167	37.185303
3000	0.2	18	0.055599	37.277466
3000	0.2	18	0.055794	37.452759
3000	0.2	18	0.055610	37.382019
3000	0.2	18	0.055710	37.369507
3000	0.2	21	0.073312	37.390320
3000	0.2	19	0.055640	37.306030
3000	0.2	19	0.055978	37.107971
3000	0.2	17	0.055782	37.505676
3000	0.2	18	0.056022	37.354431
3000	0.2	18	0.055980	37.274536
3000	0.2	19	0.056525	37.908386
3000	0.2	17	0.055313	37.089294
3000	0.2	20	0.055116	36.869507
3000	0.2	19	0.055334	36.932983
3000	0.2	17	0.056917	36.739990
3000	0.2	20	0.055695	37.679016
3000	0.2	17	0.056139	37.523621
3000	0.2	18	0.056280	37.116638
3000	0.2	18	0.055839	37.260559

