100	0.1	29	0.002818	0.013977
100	0.1	32	0.002562	0.013306
100	0.1	32	0.002345	0.014221
100	0.1	33	0.002108	0.013184
100	0.1	29	0.001965	0.014893
100	0.1	33	0.001868	0.013733
100	0.1	31	0.001710	0.014343
100	0.1	32	0.001680	0.015198
100	0.1	25	0.001584	0.014832
100	0.1	31	0.001622	0.013550
100	0.1	30	0.001497	0.015381
100	0.1	31	0.001498	0.012817
100	0.1	27	0.001408	0.015076
100	0.1	31	0.001498	0.013000
100	0.1	31	0.003202	0.014282
100	0.1	33	0.002347	0.014282
100	0.1	31	0.001339	0.015503
100	0.1	29	0.001284	0.015137
100	0.1	25	0.001532	0.014465
100	0.1	29	0.000862	0.015015
100	0.1	32	0.000881	0.013367
100	0.1	32	0.000871	0.015015
100	0.1	34	0.000886	0.015747
100	0.1	31	0.000822	0.014587
100	0.1	32	0.000875	0.014648
100	0.1	31	0.000826	0.013855
100	0.1	29	0.000866	0.013855
100	0.1	31	0.000904	0.014343
100	0.1	34	0.000829	0.013672
100	0.1	30	0.000872	0.015442

200	0.1	37	0.001667	0.049805
200	0.1	41	0.001712	0.048035
200	0.1	36	0.001750	0.053711
200	0.1	41	0.003059	0.048889
200	0.1	35	0.001753	0.052856
200	0.1	36	0.001698	0.051941
200	0.1	35	0.001731	0.052551
200	0.1	37	0.002638	0.051025
200	0.1	37	0.001722	0.050415
200	0.1	38	0.001733	0.049011
200	0.1	41	0.001725	0.045837
200	0.1	38	0.001771	0.050049
200	0.1	39	0.001653	0.051086
200	0.1	40	0.001665	0.048462
200	0.1	36	0.002966	0.048401
200	0.1	38	0.001646	0.052368
200	0.1	39	0.001741	0.051636
200	0.1	33	0.001689	0.053101
200	0.1	38	0.001731	0.053955
200	0.1	38	0.001793	0.050537
200	0.1	39	0.001722	0.052429
200	0.1	34	0.001669	0.051758
200	0.1	39	0.001719	0.050049
200	0.1	41	0.001724	0.048157
200	0.1	38	0.001609	0.049194
200	0.1	38	0.001685	0.047485
200	0.1	35	0.001729	0.053284
200	0.1	37	0.001652	0.050659
200	0.1	39	0.001621	0.050537
200	0.1	37	0.001734	0.050110

300	0.1	43	0.002660	0.110413
300	0.1	37	0.002453	0.106934
300	0.1	47	0.002490	0.109192
300	0.1	45	0.002649	0.115112
300	0.1	43	0.002463	0.115479
300	0.1	41	0.002474	0.107910
300	0.1	44	0.002498	0.113586
300	0.1	40	0.002443	0.110474
300	0.1	40	0.002466	0.111389
300	0.1	42	0.002578	0.107544
300	0.1	41	0.002617	0.111389
300	0.1	40	0.002464	0.112366
300	0.1	43	0.002457	0.110657
300	0.1	42	0.002636	0.109253
300	0.1	40	0.002464	0.108704
300	0.1	39	0.002461	0.108093
300	0.1	44	0.002509	0.111206
300	0.1	40	0.002509	0.110962
300	0.1	46	0.002474	0.116455
300	0.1	46	0.002459	0.110596
300	0.1	41	0.002490	0.115417
300	0.1	41	0.002495	0.114563
300	0.1	39	0.002453	0.109131
300	0.1	42	0.002624	0.107788
300	0.1	44	0.002482	0.107788
300	0.1	44	0.002489	0.105042
300	0.1	42	0.002460	0.111694
300	0.1	42	0.002456	0.111511
300	0.1	43	0.002480	0.113281
300	0.1	44	0.002495	0.121399

400	0.1	39	0.003577	0.193420
400	0.1	47	0.003338	0.193542
400	0.1	44	0.003329	0.193237
400	0.1	50	0.006286	0.193542
400	0.1	44	0.003349	0.194092
400	0.1	42	0.003540	0.194153
400	0.1	48	0.003526	0.195801
400	0.1	43	0.003350	0.191833
400	0.1	42	0.003299	0.195007
400	0.1	43	0.003314	0.193970
400	0.1	43	0.003543	0.186707
400	0.1	41	0.003299	0.191223
400	0.1	46	0.003540	0.201050
400	0.1	48	0.003329	0.189636
400	0.1	43	0.003305	0.186951
400	0.1	45	0.003335	0.189697
400	0.1	44	0.003303	0.196533
400	0.1	47	0.003506	0.190125
400	0.1	45	0.003533	0.188293
400	0.1	48	0.003467	0.188110
400	0.1	47	0.003532	0.192749
400	0.1	46	0.003535	0.200317
400	0.1	44	0.005868	0.197510
400	0.1	45	0.005384	0.186646
400	0.1	47	0.006201	0.201172
400	0.1	46	0.003310	0.193359
400	0.1	43	0.005501	0.192200
400	0.1	45	0.005969	0.193115
400	0.1	46	0.003298	0.190979
400	0.1	44	0.012376	0.203735

500	0.1	46	0.008154	0.296570
500	0.1	46	0.004176	0.301941
500	0.1	46	0.004178	0.301147
500	0.1	44	0.004237	0.295532
500	0.1	48	0.004214	0.299500
500	0.1	47	0.004228	0.300293
500	0.1	47	0.004209	0.294678
500	0.1	47	0.004266	0.295715
500	0.1	48	0.004180	0.294617
500	0.1	48	0.004200	0.302002
500	0.1	49	0.005981	0.295837
500	0.1	50	0.004190	0.301086
500	0.1	46	0.004183	0.305054
500	0.1	47	0.004192	0.310303
500	0.1	46	0.004215	0.299988
500	0.1	43	0.004220	0.306946
500	0.1	50	0.004285	0.304749
500	0.1	44	0.004190	0.306396
500	0.1	46	0.004204	0.304199
500	0.1	48	0.004467	0.304993
500	0.1	50	0.004292	0.298584
500	0.1	47	0.004439	0.302002
500	0.1	46	0.004216	0.304993
500	0.1	47	0.004187	0.302795
500	0.1	45	0.004166	0.297363
500	0.1	46	0.004233	0.296814
500	0.1	49	0.004206	0.291565
500	0.1	46	0.004496	0.294250
500	0.1	46	0.004257	0.299072
500	0.1	50	0.004157	0.302185

600	0.1	46	0.005476	0.443054
600	0.1	50	0.005324	0.424011
600	0.1	49	0.005141	0.430969
600	0.1	44	0.005119	0.420898
600	0.1	51	0.005173	0.440613
600	0.1	49	0.005142	0.438049
600	0.1	48	0.010572	0.433533
600	0.1	45	0.008679	0.433105
600	0.1	51	0.005280	0.425110
600	0.1	46	0.005780	0.417297
600	0.1	50	0.005233	0.421692
600	0.1	48	0.005090	0.437317
600	0.1	50	0.005136	0.438354
600	0.1	50	0.005203	0.421509
600	0.1	47	0.009774	0.428406
600	0.1	50	0.005116	0.424988
600	0.1	45	0.005312	0.431946
600	0.1	51	0.005113	0.427124
600	0.1	43	0.005112	0.444336
600	0.1	49	0.005124	0.424683
600	0.1	47	0.005163	0.418701
600	0.1	49	0.005093	0.432434
600	0.1	44	0.005096	0.437683
600	0.1	49	0.005104	0.448120
600	0.1	47	0.005383	0.439758
600	0.1	49	0.005080	0.426941
600	0.1	48	0.005095	0.429321
600	0.1	46	0.005125	0.425049
600	0.1	48	0.005161	0.423401
600	0.1	50	0.005097	0.434937

700	0.1	49	0.006108	0.582703
700	0.1	49	0.006267	0.575012
700	0.1	51	0.006247	0.583252
700	0.1	51	0.006045	0.578003
700	0.1	50	0.006021	0.577087
700	0.1	54	0.006013	0.576477
700	0.1	51	0.006067	0.592285
700	0.1	49	0.006031	0.580383
700	0.1	52	0.006087	0.589783
700	0.1	47	0.006246	0.584412
700	0.1	51	0.005993	0.577209
700	0.1	53	0.006024	0.586914
700	0.1	52	0.006052	0.571228
700	0.1	47	0.006400	0.588440
700	0.1	51	0.006043	0.588928
700	0.1	47	0.006014	0.580139
700	0.1	48	0.007196	0.589233
700	0.1	52	0.006051	0.603638
700	0.1	49	0.006025	0.587585
700	0.1	52	0.006054	0.589844
700	0.1	50	0.006018	0.588562
700	0.1	47	0.006048	0.578979
700	0.1	46	0.006034	0.593140
700	0.1	50	0.006051	0.590332
700	0.1	53	0.006116	0.584961
700	0.1	45	0.006253	0.590210
700	0.1	48	0.006051	0.577576
700	0.1	45	0.006057	0.583191
700	0.1	49	0.006093	0.586792
700	0.1	46	0.010890	0.588562

800	0.1	52	0.007191	0.764771
800	0.1	49	0.007416	0.753235
800	0.1	48	0.007457	0.752136
800	0.1	47	0.011726	0.741455
800	0.1	48	0.008168	0.753235
800	0.1	50	0.006980	0.758850
800	0.1	52	0.006974	0.743835
800	0.1	50	0.007002	0.779480
800	0.1	55	0.020923	0.777283
800	0.1	52	0.014142	0.753235
800	0.1	49	0.011774	0.753906
800	0.1	51	0.007202	0.765320
800	0.1	51	0.006984	0.775085
800	0.1	52	0.007009	0.772217
800	0.1	49	0.007225	0.758179
800	0.1	53	0.006971	0.758301
800	0.1	53	0.012323	0.743835
800	0.1	50	0.006953	0.754150
800	0.1	49	0.006984	0.750061
800	0.1	53	0.012197	0.746460
800	0.1	51	0.007283	0.764587
800	0.1	52	0.007035	0.737549
800	0.1	48	0.007204	0.752319
800	0.1	54	0.007249	0.770691
800	0.1	53	0.007057	0.747559
800	0.1	50	0.006990	0.751221
800	0.1	46	0.006954	0.750793
800	0.1	53	0.006984	0.765076
800	0.1	51	0.008332	0.762878
800	0.1	53	0.007255	0.768738

900	0.1	51	0.007928	0.941467
900	0.1	54	0.007964	0.958862
900	0.1	52	0.013216	0.942871
900	0.1	50	0.007991	0.978638
900	0.1	51	0.007950	0.942749
900	0.1	50	0.007918	0.954529
900	0.1	58	0.007990	0.950317
900	0.1	52	0.007977	0.976868
900	0.1	51	0.015762	0.940063
900	0.1	56	0.007934	0.974304
900	0.1	51	0.007982	0.953186
900	0.1	51	0.008169	0.945618
900	0.1	51	0.007989	0.948059
900	0.1	51	0.008203	0.962280
900	0.1	54	0.007971	0.968750
900	0.1	54	0.007977	0.954041
900	0.1	50	0.008037	0.954529
900	0.1	55	0.007961	0.951294
900	0.1	51	0.021357	0.975342
900	0.1	49	0.008182	0.961365
900	0.1	52	0.007935	0.955505
900	0.1	49	0.016333	0.955261
900	0.1	52	0.007948	0.944580
900	0.1	50	0.008213	0.961365
900	0.1	52	0.008067	0.971130
900	0.1	52	0.012958	0.951538
900	0.1	51	0.008028	0.976440
900	0.1	50	0.007986	0.970642
900	0.1	49	0.007950	0.947144
900	0.1	50	0.007924	0.952148

1000	0.1	52	0.008920	1.152893
1000	0.1	50	0.009021	1.209961
1000	0.1	51	0.009176	1.144043
1000	0.1	53	0.008953	1.185181
1000	0.1	53	0.008933	1.186584
1000	0.1	57	0.008919	1.150635
1000	0.1	48	0.009242	1.190186
1000	0.1	52	0.008962	1.166870
1000	0.1	52	0.008965	1.179932
1000	0.1	49	0.008930	1.146423
1000	0.1	53	0.008930	1.178345
1000	0.1	53	0.009943	1.180664
1000	0.1	53	0.008979	1.185486
1000	0.1	53	0.008972	1.180481
1000	0.1	50	0.009570	1.165527
1000	0.1	54	0.008960	1.196472
1000	0.1	51	0.010031	1.174255
1000	0.1	51	0.008984	1.180054
1000	0.1	52	0.008913	1.147339
1000	0.1	52	0.008914	1.157959
1000	0.1	53	0.009154	1.159241
1000	0.1	49	0.008926	1.163147
1000	0.1	55	0.008972	1.194153
1000	0.1	47	0.008931	1.193542
1000	0.1	50	0.008956	1.175293
1000	0.1	54	0.009219	1.185303
1000	0.1	52	0.009037	1.191284
1000	0.1	55	0.009276	1.170105
1000	0.1	50	0.010343	1.164185
1000	0.1	52	0.009304	1.159119

1100	0.1	54	0.010113	1.433594
1100	0.1	52	0.010417	1.425659
1100	0.1	58	0.010275	1.418823
1100	0.1	54	0.010367	1.408386
1100	0.1	52	0.010324	1.466064
1100	0.1	55	0.010136	1.437744
1100	0.1	51	0.017886	1.418274
1100	0.1	50	0.010210	1.433594
1100	0.1	52	0.018213	1.449036
1100	0.1	54	0.010257	1.405334
1100	0.1	55	0.010267	1.425171
1100	0.1	53	0.020382	1.449463
1100	0.1	56	0.017890	1.438782
1100	0.1	52	0.024584	1.414001
1100	0.1	54	0.017881	1.390381
1100	0.1	52	0.009994	1.414612
1100	0.1	54	0.010030	1.403748
1100	0.1	54	0.010252	1.426636
1100	0.1	51	0.009961	1.421387
1100	0.1	55	0.010528	1.419800
1100	0.1	51	0.010127	1.416626
1100	0.1	52	0.009959	1.423523
1100	0.1	53	0.009996	1.430481
1100	0.1	52	0.015403	1.427734
1100	0.1	50	0.010199	1.407104
1100	0.1	51	0.010018	1.414062
1100	0.1	51	0.009955	1.416077
1100	0.1	53	0.009973	1.416504
1100	0.1	54	0.011232	1.445923
1100	0.1	54	0.010097	1.429382

1200	0.1	51	0.011514	1.675720
1200	0.1	53	0.011045	1.723267
1200	0.1	53	0.011304	1.671143
1200	0.1	50	0.011075	1.745056
1200	0.1	51	0.012908	1.663025
1200	0.1	51	0.011360	1.738892
1200	0.1	53	0.010949	1.696350
1200	0.1	53	0.011243	1.689941
1200	0.1	55	0.011028	1.678772
1200	0.1	55	0.011087	1.656494
1200	0.1	53	0.019227	1.701416
1200	0.1	53	0.011255	1.731628
1200	0.1	57	0.011248	1.683777
1200	0.1	55	0.011369	1.714355
1200	0.1	55	0.011100	1.710754
1200	0.1	52	0.011014	1.739807
1200	0.1	55	0.014855	1.668640
1200	0.1	56	0.023632	1.711609
1200	0.1	55	0.015107	1.712891
1200	0.1	55	0.011335	1.701111
1200	0.1	54	0.022456	1.719055
1200	0.1	54	0.011229	1.721924
1200	0.1	52	0.011759	1.712891
1200	0.1	54	0.011311	1.672729
1200	0.1	53	0.011147	1.710693
1200	0.1	54	0.011312	1.726929
1200	0.1	56	0.010893	1.709351
1200	0.1	52	0.011214	1.687134
1200	0.1	51	0.011043	1.708923
1200	0.1	53	0.010925	1.687805

1300	0.1	54	0.012929	1.974487
1300	0.1	53	0.012159	1.988159
1300	0.1	54	0.020527	1.988953
1300	0.1	56	0.012086	1.950256
1300	0.1	56	0.012129	1.948792
1300	0.1	55	0.012009	2.017334
1300	0.1	52	0.012147	2.033325
1300	0.1	55	0.012091	2.000122
1300	0.1	55	0.012294	1.965515
1300	0.1	56	0.012094	1.961853
1300	0.1	54	0.012121	1.980164
1300	0.1	55	0.012212	2.017883
1300	0.1	54	0.011838	1.962341
1300	0.1	50	0.014819	1.962341
1300	0.1	54	0.012195	2.021118
1300	0.1	52	0.012116	2.011230
1300	0.1	53	0.012124	1.975403
1300	0.1	55	0.012081	1.912415
1300	0.1	57	0.012200	1.974121
1300	0.1	53	0.012304	1.943481
1300	0.1	50	0.011858	1.998535
1300	0.1	59	0.012202	2.003906
1300	0.1	53	0.012057	1.974792
1300	0.1	58	0.012308	1.999817
1300	0.1	54	0.012387	1.958374
1300	0.1	55	0.012190	2.051575
1300	0.1	55	0.011940	1.997009
1300	0.1	56	0.012132	2.020691
1300	0.1	52	0.012849	1.977478
1300	0.1	58	0.012127	1.997192

1400	0.1	54	0.013981	2.319519
1400	0.1	54	0.013285	2.283875
1400	0.1	54	0.013803	2.296570
1400	0.1	53	0.013284	2.337952
1400	0.1	50	0.013432	2.266418
1400	0.1	54	0.013239	2.294800
1400	0.1	53	0.013257	2.310425
1400	0.1	52	0.013356	2.282532
1400	0.1	55	0.013381	2.295837
1400	0.1	57	0.013247	2.303528
1400	0.1	54	0.013319	2.262878
1400	0.1	53	0.013266	2.304260
1400	0.1	53	0.013208	2.292908
1400	0.1	57	0.013044	2.253784
1400	0.1	56	0.013167	2.293579
1400	0.1	57	0.013758	2.348999
1400	0.1	54	0.013272	2.274658
1400	0.1	54	0.022481	2.331970
1400	0.1	55	0.013316	2.302063
1400	0.1	55	0.013317	2.265198
1400	0.1	52	0.013216	2.280396
1400	0.1	55	0.012880	2.282532
1400	0.1	56	0.013298	2.283997
1400	0.1	57	0.024745	2.280457
1400	0.1	53	0.013206	2.304138
1400	0.1	55	0.012824	2.297424
1400	0.1	58	0.023726	2.363831
1400	0.1	55	0.013176	2.257751
1400	0.1	55	0.013497	2.289246
1400	0.1	54	0.013146	2.296570

1500	0.1	55	0.014320	2.618958
1500	0.1	57	0.014421	2.727173
1500	0.1	57	0.013975	2.580688
1500	0.1	55	0.015520	2.619385
1500	0.1	53	0.014369	2.659119
1500	0.1	54	0.014514	2.636047
1500	0.1	55	0.014504	2.629272
1500	0.1	55	0.014316	2.633362
1500	0.1	52	0.014286	2.607483
1500	0.1	57	0.014388	2.635132
1500	0.1	56	0.014542	2.655945
1500	0.1	54	0.014391	2.631165
1500	0.1	55	0.014374	2.599915
1500	0.1	56	0.014195	2.659180
1500	0.1	53	0.014281	2.612305
1500	0.1	55	0.014291	2.598389
1500	0.1	55	0.014325	2.637817
1500	0.1	56	0.013967	2.657837
1500	0.1	55	0.014583	2.664917
1500	0.1	54	0.014367	2.639893
1500	0.1	54	0.020627	2.605530
1500	0.1	52	0.027777	2.614441
1500	0.1	56	0.018592	2.667419
1500	0.1	52	0.014551	2.640198
1500	0.1	55	0.014368	2.679504
1500	0.1	53	0.014367	2.653748
1500	0.1	54	0.014472	2.620667
1500	0.1	54	0.014635	2.655762
1500	0.1	55	0.014384	2.637207
1500	0.1	52	0.014367	2.666260

1600	0.1	55	0.015429	2.981018
1600	0.1	53	0.016185	2.974487
1600	0.1	56	0.016269	2.960815
1600	0.1	55	0.015695	2.975159
1600	0.1	55	0.027452	3.007141
1600	0.1	54	0.015571	2.986267
1600	0.1	54	0.015502	2.979065
1600	0.1	56	0.015507	3.034241
1600	0.1	56	0.015801	2.991699
1600	0.1	55	0.015608	2.974365
1600	0.1	52	0.015555	3.035156
1600	0.1	54	0.015259	3.014343
1600	0.1	54	0.015605	2.960938
1600	0.1	57	0.015453	2.989746
1600	0.1	57	0.015445	2.960632
1600	0.1	53	0.015230	3.019775
1600	0.1	53	0.015410	2.997070
1600	0.1	53	0.015563	3.061707
1600	0.1	53	0.015555	3.006836
1600	0.1	54	0.016548	2.972900
1600	0.1	54	0.022046	3.002686
1600	0.1	57	0.015078	2.947449
1600	0.1	54	0.015099	3.037781
1600	0.1	53	0.015411	2.969055
1600	0.1	55	0.015147	2.970581
1600	0.1	55	0.015568	3.003662
1600	0.1	56	0.015484	2.996338
1600	0.1	51	0.016114	3.037231
1600	0.1	58	0.015237	3.025513
1600	0.1	54	0.028473	2.993774

1700	0.1	56	0.032860	3.364136
1700	0.1	55	0.016655	3.367493
1700	0.1	57	0.016740	3.383484
1700	0.1	58	0.016774	3.429626
1700	0.1	56	0.016690	3.376221
1700	0.1	53	0.016559	3.424438
1700	0.1	57	0.016280	3.372070
1700	0.1	56	0.016763	3.368591
1700	0.1	52	0.016641	3.366150
1700	0.1	54	0.016970	3.414001
1700	0.1	56	0.016712	3.382751
1700	0.1	56	0.016275	3.393555
1700	0.1	58	0.022895	3.342468
1700	0.1	55	0.016514	3.399353
1700	0.1	57	0.016713	3.414856
1700	0.1	56	0.017680	3.384705
1700	0.1	56	0.036491	3.381165
1700	0.1	57	0.016692	3.382019
1700	0.1	58	0.016433	3.461182
1700	0.1	58	0.016904	3.393250
1700	0.1	55	0.016633	3.418030
1700	0.1	55	0.033162	3.420715
1700	0.1	56	0.017626	3.439148
1700	0.1	56	0.016427	3.372864
1700	0.1	55	0.016589	3.368103
1700	0.1	58	0.016662	3.387634
1700	0.1	58	0.016707	3.393677
1700	0.1	56	0.016720	3.403320
1700	0.1	55	0.016594	3.337341
1700	0.1	56	0.016537	3.383545

1800	0.1	57	0.018411	3.828735
1800	0.1	59	0.017449	3.798096
1800	0.1	56	0.031218	3.830017
1800	0.1	55	0.018024	3.809326
1800	0.1	55	0.018038	3.774292
1800	0.1	57	0.017847	3.755554
1800	0.1	55	0.023166	3.764221
1800	0.1	55	0.017666	3.755676
1800	0.1	55	0.017820	3.839294
1800	0.1	60	0.032502	3.805847
1800	0.1	59	0.017848	3.775269
1800	0.1	56	0.017517	3.761047
1800	0.1	56	0.017743	3.794434
1800	0.1	60	0.017391	3.729248
1800	0.1	54	0.017931	3.812195
1800	0.1	56	0.018067	3.777649
1800	0.1	58	0.017784	3.774475
1800	0.1	56	0.017470	3.797119
1800	0.1	54	0.018159	3.794739
1800	0.1	54	0.018173	3.879822
1800	0.1	56	0.028168	3.788452
1800	0.1	55	0.017800	3.753845
1800	0.1	57	0.017996	3.740662
1800	0.1	58	0.017798	3.722046
1800	0.1	57	0.017917	3.768066
1800	0.1	56	0.018144	3.812317
1800	0.1	55	0.017913	3.823547
1800	0.1	55	0.017764	3.783447
1800	0.1	53	0.017965	3.773865
1800	0.1	57	0.020077	3.802307

1900	0.1	57	0.019281	4.253540
1900	0.1	53	0.019049	4.261169
1900	0.1	55	0.022741	4.196106
1900	0.1	58	0.019127	4.265625
1900	0.1	55	0.018741	4.228455
1900	0.1	58	0.019093	4.239075
1900	0.1	57	0.019104	4.214050
1900	0.1	55	0.018894	4.180847
1900	0.1	57	0.019069	4.180359
1900	0.1	57	0.019092	4.216553
1900	0.1	57	0.038132	4.210876
1900	0.1	57	0.019344	4.214722
1900	0.1	59	0.034547	4.225281
1900	0.1	57	0.019121	4.240234
1900	0.1	61	0.019180	4.278320
1900	0.1	56	0.019135	4.248718
1900	0.1	57	0.019069	4.205444
1900	0.1	55	0.019078	4.168640
1900	0.1	56	0.033473	4.142212
1900	0.1	55	0.019302	4.168335
1900	0.1	59	0.018907	4.221252
1900	0.1	60	0.018700	4.192078
1900	0.1	55	0.019109	4.278015
1900	0.1	57	0.018740	4.223206
1900	0.1	57	0.019338	4.233704
1900	0.1	56	0.019089	4.252258
1900	0.1	55	0.019282	4.204773
1900	0.1	59	0.019087	4.230408
1900	0.1	55	0.019132	4.121704
1900	0.1	57	0.019267	4.200317

2000	0.1	55	0.034201	4.657288
2000	0.1	55	0.020495	4.636963
2000	0.1	58	0.020396	4.765930
2000	0.1	56	0.019905	4.625793
2000	0.1	57	0.020620	4.692505
2000	0.1	55	0.020599	4.663452
2000	0.1	58	0.031976	4.652893
2000	0.1	59	0.020459	4.636658
2000	0.1	56	0.019509	4.643311
2000	0.1	61	0.020660	4.761902
2000	0.1	57	0.020455	4.601013
2000	0.1	51	0.020407	4.682373
2000	0.1	58	0.020009	4.787598
2000	0.1	58	0.019969	4.668701
2000	0.1	58	0.020260	4.632690
2000	0.1	56	0.020343	4.696472
2000	0.1	58	0.020148	4.655701
2000	0.1	56	0.020381	4.638794
2000	0.1	55	0.027471	4.691772
2000	0.1	56	0.020355	4.677063
2000	0.1	54	0.020478	4.710266
2000	0.1	58	0.020339	4.648254
2000	0.1	57	0.020499	4.676147
2000	0.1	56	0.020262	4.621277
2000	0.1	54	0.020396	4.748413
2000	0.1	58	0.021011	4.690613
2000	0.1	58	0.020300	4.690796
2000	0.1	56	0.020295	4.672119
2000	0.1	59	0.020440	4.705627
2000	0.1	58	0.020053	4.690674

2100	0.1	58	0.042588	5.217102
2100	0.1	57	0.021238	5.121826
2100	0.1	57	0.021258	5.177795
2100	0.1	58	0.021547	5.145996
2100	0.1	57	0.021620	5.096069
2100	0.1	56	0.021290	5.185486
2100	0.1	59	0.036845	5.120544
2100	0.1	57	0.021587	5.137329
2100	0.1	58	0.021038	5.104309
2100	0.1	55	0.021659	5.179565
2100	0.1	57	0.032749	5.157104
2100	0.1	56	0.021679	5.195496
2100	0.1	58	0.021943	5.170959
2100	0.1	59	0.021615	5.116760
2100	0.1	57	0.021593	5.135803
2100	0.1	60	0.021561	5.114075
2100	0.1	53	0.021223	5.187500
2100	0.1	58	0.021263	5.145630
2100	0.1	56	0.021277	5.221680
2100	0.1	59	0.021389	5.083618
2100	0.1	62	0.021423	5.114075
2100	0.1	54	0.021481	5.110291
2100	0.1	58	0.037305	5.104614
2100	0.1	57	0.021721	5.127380
2100	0.1	53	0.021707	5.156982
2100	0.1	56	0.021367	5.195129
2100	0.1	55	0.021590	5.175110
2100	0.1	56	0.021515	5.096680
2100	0.1	58	0.021740	5.155579
2100	0.1	57	0.021938	5.093201

2200	0.1	56	0.024675	5.641479
2200	0.1	56	0.022513	5.596375
2200	0.1	56	0.023084	5.726562
2200	0.1	57	0.022977	5.598328
2200	0.1	57	0.022969	5.644958
2200	0.1	57	0.022487	5.586243
2200	0.1	57	0.022199	5.668640
2200	0.1	57	0.022434	5.701294
2200	0.1	56	0.022918	5.586548
2200	0.1	57	0.023158	5.635010
2200	0.1	58	0.022916	5.675659
2200	0.1	58	0.022264	5.716858
2200	0.1	61	0.022427	5.655762
2200	0.1	63	0.022580	5.696289
2200	0.1	55	0.023166	5.711853
2200	0.1	58	0.022879	5.648010
2200	0.1	60	0.022887	5.626587
2200	0.1	60	0.022871	5.628174
2200	0.1	58	0.022866	5.603333
2200	0.1	56	0.022801	5.725220
2200	0.1	57	0.022489	5.593140
2200	0.1	61	0.022912	5.557434
2200	0.1	57	0.022870	5.581055
2200	0.1	56	0.022452	5.602234
2200	0.1	57	0.022687	5.637512
2200	0.1	60	0.022928	5.656799
2200	0.1	59	0.023090	5.581604
2200	0.1	56	0.022947	5.655640
2200	0.1	57	0.022697	5.616882
2200	0.1	59	0.022735	5.626465

2300	0.1	57	0.023868	6.201660
2300	0.1	55	0.024156	6.125183
2300	0.1	58	0.024071	6.132446
2300	0.1	59	0.023818	6.146790
2300	0.1	55	0.023916	6.112732
2300	0.1	61	0.023882	6.126160
2300	0.1	59	0.024250	6.134705
2300	0.1	59	0.024084	6.229492
2300	0.1	57	0.024164	6.140076
2300	0.1	58	0.023972	6.188599
2300	0.1	59	0.068255	6.162659
2300	0.1	57	0.024819	6.191223
2300	0.1	54	0.023867	6.215820
2300	0.1	56	0.023784	6.182800
2300	0.1	61	0.024095	6.159973
2300	0.1	59	0.024239	6.207764
2300	0.1	56	0.023829	6.181824
2300	0.1	58	0.024010	6.084290
2300	0.1	55	0.023748	6.125000
2300	0.1	58	0.023970	6.224731
2300	0.1	57	0.023713	6.093994
2300	0.1	55	0.024438	6.184082
2300	0.1	58	0.023928	6.134460
2300	0.1	58	0.023472	6.195557
2300	0.1	57	0.023869	6.171143
2300	0.1	55	0.024175	6.114380
2300	0.1	60	0.024459	6.137146
2300	0.1	54	0.023474	6.264160
2300	0.1	53	0.023572	6.256348
2300	0.1	54	0.023810	6.155762

2400	0.1	59	0.027463	6.669739
2400	0.1	58	0.025577	6.697266
2400	0.1	59	0.025410	6.633423
2400	0.1	60	0.025301	6.720154
2400	0.1	58	0.025138	6.637390
2400	0.1	60	0.025297	6.800415
2400	0.1	60	0.025228	6.696594
2400	0.1	55	0.025542	6.744263
2400	0.1	57	0.025460	6.700134
2400	0.1	59	0.025601	6.746460
2400	0.1	59	0.025213	6.746277
2400	0.1	59	0.025528	6.729065
2400	0.1	58	0.025113	6.690308
2400	0.1	61	0.027381	6.828064
2400	0.1	56	0.025248	6.774902
2400	0.1	58	0.025538	6.657410
2400	0.1	57	0.025246	6.754822
2400	0.1	60	0.025175	6.620972
2400	0.1	58	0.025206	6.731750
2400	0.1	60	0.025134	6.648865
2400	0.1	58	0.024926	6.711670
2400	0.1	56	0.025520	6.706726
2400	0.1	56	0.025191	6.662964
2400	0.1	56	0.025536	6.677551
2400	0.1	57	0.025184	6.673279
2400	0.1	58	0.025200	6.826904
2400	0.1	57	0.024835	6.707642
2400	0.1	62	0.026006	6.652039
2400	0.1	60	0.025514	6.663391
2400	0.1	59	0.025645	6.758850

2500	0.1	57	0.026834	7.205383
2500	0.1	59	0.026920	7.285400
2500	0.1	58	0.026687	7.390564
2500	0.1	59	0.026675	7.231628
2500	0.1	56	0.026874	7.245178
2500	0.1	58	0.026912	7.252686
2500	0.1	58	0.026776	7.295166
2500	0.1	57	0.026384	7.253540
2500	0.1	61	0.026738	7.267822
2500	0.1	57	0.026423	7.348877
2500	0.1	58	0.026419	7.313354
2500	0.1	55	0.026457	7.269470
2500	0.1	60	0.026806	7.311035
2500	0.1	55	0.026495	7.300354
2500	0.1	56	0.026159	7.282104
2500	0.1	57	0.027505	7.366272
2500	0.1	60	0.026984	7.284119
2500	0.1	57	0.026210	7.329041
2500	0.1	59	0.026927	7.218201
2500	0.1	58	0.026908	7.266846
2500	0.1	58	0.026553	7.271851
2500	0.1	59	0.026650	7.338562
2500	0.1	59	0.026915	7.307861
2500	0.1	56	0.026700	7.339783
2500	0.1	57	0.026828	7.217773
2500	0.1	57	0.026942	7.383911
2500	0.1	59	0.026898	7.268738
2500	0.1	59	0.026878	7.246521
2500	0.1	59	0.026819	7.200867
2500	0.1	59	0.026471	7.152222

2600	0.1	61	0.028312	7.883423
2600	0.1	59	0.027957	7.872559
2600	0.1	59	0.028384	7.925476
2600	0.1	60	0.029144	7.828552
2600	0.1	62	0.028485	7.838013
2600	0.1	58	0.040650	7.889221
2600	0.1	60	0.028070	7.836731
2600	0.1	58	0.028118	7.782776
2600	0.1	61	0.028195	7.821533
2600	0.1	62	0.028063	7.845154
2600	0.1	57	0.027913	7.898682
2600	0.1	56	0.028000	7.805359
2600	0.1	56	0.028010	7.760620
2600	0.1	62	0.041393	7.956970
2600	0.1	59	0.028407	7.966736
2600	0.1	59	0.028423	7.866577
2600	0.1	57	0.027919	7.875488
2600	0.1	61	0.028147	7.893860
2600	0.1	62	0.028077	7.910278
2600	0.1	58	0.028368	7.861084
2600	0.1	60	0.028174	7.854919
2600	0.1	59	0.028335	7.875183
2600	0.1	59	0.028386	7.998047
2600	0.1	58	0.027979	7.923340
2600	0.1	61	0.027946	7.880859
2600	0.1	62	0.028012	7.878967
2600	0.1	54	0.028240	7.887268
2600	0.1	55	0.040550	7.911743
2600	0.1	60	0.028165	7.903076
2600	0.1	60	0.027926	7.836243

2700	0.1	60	0.046193	8.460205
2700	0.1	59	0.029624	8.554077
2700	0.1	61	0.029518	8.444580
2700	0.1	55	0.029685	8.484863
2700	0.1	61	0.029348	8.450562
2700	0.1	57	0.029559	8.435120
2700	0.1	59	0.029572	8.468384
2700	0.1	61	0.029761	8.498230
2700	0.1	59	0.029461	8.606262
2700	0.1	59	0.029374	8.445435
2700	0.1	54	0.029352	8.523621
2700	0.1	59	0.029661	8.487976
2700	0.1	56	0.046912	8.569092
2700	0.1	55	0.030016	8.490051
2700	0.1	59	0.029807	8.505005
2700	0.1	58	0.029560	8.530579
2700	0.1	56	0.029207	8.398438
2700	0.1	59	0.029619	8.388428
2700	0.1	55	0.030005	8.525146
2700	0.1	58	0.029354	8.495483
2700	0.1	53	0.029229	8.366455
2700	0.1	58	0.029376	8.439148
2700	0.1	58	0.029530	8.559387
2700	0.1	60	0.029517	8.473083
2700	0.1	56	0.029225	8.449585
2700	0.1	58	0.029341	8.480042
2700	0.1	61	0.029299	8.468506
2700	0.1	60	0.029341	8.481873
2700	0.1	55	0.028872	8.438293
2700	0.1	57	0.029671	8.506470

2800	0.1	59	0.031059	9.069458
2800	0.1	59	0.031326	9.149902
2800	0.1	58	0.031208	9.049072
2800	0.1	60	0.031106	9.199463
2800	0.1	56	0.030694	9.103271
2800	0.1	60	0.030793	9.071411
2800	0.1	59	0.030412	9.017334
2800	0.1	56	0.030783	9.067139
2800	0.1	59	0.030851	9.173035
2800	0.1	60	0.030720	9.033020
2800	0.1	56	0.031129	9.193970
2800	0.1	61	0.030849	9.136780
2800	0.1	59	0.030838	9.222168
2800	0.1	52	0.030859	9.092651
2800	0.1	62	0.031023	9.071106
2800	0.1	62	0.031132	9.086853
2800	0.1	59	0.030838	9.264954
2800	0.1	57	0.030969	9.123779
2800	0.1	57	0.030979	9.163147
2800	0.1	60	0.030751	9.128418
2800	0.1	63	0.030825	9.141846
2800	0.1	56	0.031052	9.177002
2800	0.1	58	0.030714	9.103760
2800	0.1	55	0.030481	9.171692
2800	0.1	61	0.030769	9.072021
2800	0.1	59	0.030391	9.090698
2800	0.1	57	0.030381	9.032471
2800	0.1	58	0.031230	9.122986
2800	0.1	59	0.032759	9.094421
2800	0.1	59	0.031177	9.094727

2900	0.1	56	0.032904	9.881714
2900	0.1	57	0.032523	9.666321
2900	0.1	58	0.032654	9.745544
2900	0.1	61	0.032562	9.816528
2900	0.1	60	0.032568	9.799255
2900	0.1	55	0.032672	9.783569
2900	0.1	56	0.032362	9.834351
2900	0.1	58	0.032250	9.860962
2900	0.1	58	0.032291	9.825806
2900	0.1	63	0.032269	9.774170
2900	0.1	53	0.032540	9.832886
2900	0.1	58	0.032231	9.746033
2900	0.1	59	0.032866	9.793030
2900	0.1	59	0.032652	9.743958
2900	0.1	56	0.032631	9.787109
2900	0.1	59	0.032208	9.754150
2900	0.1	58	0.032337	9.669617
2900	0.1	59	0.032275	9.760193
2900	0.1	59	0.032506	9.829895
2900	0.1	60	0.032449	9.833679
2900	0.1	58	0.031957	9.822327
2900	0.1	61	0.032272	9.746033
2900	0.1	60	0.032652	9.860107
2900	0.1	59	0.033713	9.736938
2900	0.1	59	0.032265	9.692627
2900	0.1	57	0.031990	9.791382
2900	0.1	58	0.032559	9.724915
2900	0.1	59	0.031883	9.804626
2900	0.1	60	0.040060	9.752380
2900	0.1	59	0.032390	9.771423

3000	0.1	64	0.033802	10.397522
3000	0.1	59	0.034094	10.427063
3000	0.1	60	0.033758	10.458069
3000	0.1	61	0.033947	10.509338
3000	0.1	56	0.033716	10.485718
3000	0.1	64	0.033970	10.362793
3000	0.1	58	0.033831	10.439514
3000	0.1	59	0.034011	10.465393
3000	0.1	59	0.033719	10.390747
3000	0.1	63	0.033992	10.665588
3000	0.1	61	0.044732	10.388794
3000	0.1	62	0.033667	10.477722
3000	0.1	59	0.033786	10.514648
3000	0.1	60	0.033962	10.493652
3000	0.1	60	0.033929	10.495361
3000	0.1	56	0.033709	10.456299
3000	0.1	58	0.034131	10.507324
3000	0.1	60	0.034015	10.397034
3000	0.1	60	0.033933	10.497864
3000	0.1	57	0.050715	10.454773
3000	0.1	62	0.033731	10.387695
3000	0.1	63	0.038390	10.528198
3000	0.1	58	0.033783	10.464478
3000	0.1	57	0.034083	10.393311
3000	0.1	61	0.033830	10.384216
3000	0.1	58	0.033524	10.306335
3000	0.1	56	0.033897	10.576843
3000	0.1	60	0.033761	10.523682
3000	0.1	56	0.033981	10.503967
3000	0.1	57	0.034800	10.469788

