100	0.15	18	0.000891	0.026306
100	0.15	17	0.000832	0.026794
100	0.15	17	0.000893	0.028809
100	0.15	19	0.000828	0.026550
100	0.15	16	0.000839	0.026794
100	0.15	20	0.000835	0.025635
100	0.15	17	0.000832	0.027771
100	0.15	17	0.000907	0.028381
100	0.15	16	0.001625	0.028992
100	0.15	18	0.000829	0.026245
100	0.15	17	0.000906	0.029785
100	0.15	18	0.000878	0.025391
100	0.15	16	0.000877	0.028687
100	0.15	21	0.000829	0.023987
100	0.15	19	0.000831	0.028015
100	0.15	19	0.000882	0.026855
100	0.15	21	0.000830	0.027588
100	0.15	17	0.000881	0.026794
100	0.15	16	0.000875	0.026428
100	0.15	18	0.000886	0.028259
100	0.15	22	0.000832	0.025757
100	0.15	18	0.000890	0.028748
100	0.15	15	0.000890	0.029968
100	0.15	17	0.000913	0.026855
100	0.15	20	0.000885	0.026550
100	0.15	16	0.000884	0.027710
100	0.15	20	0.000831	0.025818
100	0.15	18	0.000845	0.030334
100	0.15	17	0.000886	0.026672
100	0.15	19	0.000891	0.028076

200	0.15	22	0.001672	0.098938
200	0.15	23	0.001698	0.098999
200	0.15	20	0.001771	0.110718
200	0.15	20	0.001656	0.098938
200	0.15	20	0.001657	0.102112
200	0.15	21	0.001679	0.101929
200	0.15	21	0.001780	0.107788
200	0.15	21	0.001666	0.103088
200	0.15	22	0.001691	0.099609
200	0.15	21	0.001659	0.099548
200	0.15	21	0.001657	0.094421
200	0.15	21	0.001704	0.101929
200	0.15	18	0.001654	0.097839
200	0.15	22	0.001660	0.097656
200	0.15	20	0.001715	0.098694
200	0.15	22	0.001729	0.106750
200	0.15	20	0.001790	0.105774
200	0.15	21	0.001661	0.104370
200	0.15	20	0.001663	0.102966
200	0.15	22	0.001658	0.101318
200	0.15	21	0.001673	0.107178
200	0.15	20	0.001655	0.100159
200	0.15	23	0.001662	0.098938
200	0.15	22	0.001693	0.099243
200	0.15	21	0.001780	0.096863
200	0.15	22	0.002705	0.092285
200	0.15	21	0.001673	0.102966
200	0.15	22	0.001668	0.100647
200	0.15	22	0.001674	0.101135
200	0.15	23	0.001662	0.100708

300	0.15	23	0.002778	0.224304
300	0.15	25	0.002557	0.224182
300	0.15	23	0.002560	0.224915
300	0.15	22	0.002557	0.235901
300	0.15	23	0.002581	0.235046
300	0.15	23	0.002567	0.227722
300	0.15	20	0.002552	0.229309
300	0.15	23	0.002570	0.223450
300	0.15	22	0.002732	0.223450
300	0.15	26	0.002556	0.219055
300	0.15	24	0.002547	0.225769
300	0.15	21	0.002730	0.227417
300	0.15	24	0.002725	0.226929
300	0.15	23	0.004922	0.223877
300	0.15	24	0.002724	0.219116
300	0.15	23	0.002554	0.219971
300	0.15	23	0.002567	0.230469
300	0.15	22	0.002542	0.224792
300	0.15	21	0.002554	0.231934
300	0.15	23	0.002571	0.234131
300	0.15	25	0.002588	0.233521
300	0.15	23	0.002554	0.224548
300	0.15	22	0.002542	0.219910
300	0.15	24	0.002551	0.221436
300	0.15	20	0.002542	0.222351
300	0.15	26	0.002529	0.212036
300	0.15	24	0.002570	0.221008
300	0.15	22	0.002562	0.228821
300	0.15	23	0.002595	0.233521
300	0.15	23	0.002604	0.244629

400	0.15	22	0.003732	0.395691
400	0.15	23	0.003481	0.403259
400	0.15	22	0.003560	0.402283
400	0.15	25	0.003530	0.408020
400	0.15	23	0.003487	0.396484
400	0.15	24	0.003508	0.398804
400	0.15	25	0.003487	0.410217
400	0.15	25	0.003696	0.401489
400	0.15	24	0.004666	0.405273
400	0.15	23	0.003496	0.395325
400	0.15	24	0.003477	0.379700
400	0.15	24	0.003491	0.380188
400	0.15	22	0.003479	0.411316
400	0.15	23	0.003505	0.392761
400	0.15	25	0.003473	0.390137
400	0.15	24	0.003514	0.403381
400	0.15	26	0.003558	0.401306
400	0.15	23	0.003490	0.394897
400	0.15	27	0.003488	0.396667
400	0.15	25	0.003484	0.386047
400	0.15	25	0.003709	0.380371
400	0.15	25	0.004079	0.406128
400	0.15	24	0.003500	0.406250
400	0.15	26	0.003516	0.390747
400	0.15	21	0.003519	0.416260
400	0.15	25	0.003489	0.401855
400	0.15	20	0.003493	0.398926
400	0.15	26	0.003487	0.398987
400	0.15	24	0.003502	0.394226
400	0.15	24	0.003631	0.414856

500	0.15	24	0.004553	0.622375
500	0.15	23	0.004458	0.630737
500	0.15	24	0.004533	0.624268
500	0.15	24	0.004449	0.608276
500	0.15	27	0.004476	0.615112
500	0.15	25	0.004490	0.624695
500	0.15	24	0.006768	0.616760
500	0.15	27	0.008282	0.614563
500	0.15	25	0.007295	0.614624
500	0.15	25	0.004499	0.627014
500	0.15	26	0.004668	0.612061
500	0.15	27	0.004479	0.630310
500	0.15	26	0.004529	0.633057
500	0.15	25	0.004489	0.627991
500	0.15	27	0.004454	0.623291
500	0.15	27	0.004511	0.625549
500	0.15	26	0.007865	0.628235
500	0.15	25	0.007074	0.635559
500	0.15	25	0.005083	0.648560
500	0.15	27	0.005036	0.629028
500	0.15	25	0.004478	0.628784
500	0.15	22	0.004490	0.619019
500	0.15	27	0.004525	0.631165
500	0.15	24	0.004693	0.641663
500	0.15	24	0.004467	0.614929
500	0.15	27	0.004460	0.624695
500	0.15	24	0.004461	0.605774
500	0.15	23	0.004451	0.614868
500	0.15	23	0.013359	0.613770
500	0.15	25	0.009855	0.627808

600	0.15	27	0.005508	0.908813
600	0.15	25	0.005587	0.895752
600	0.15	25	0.005538	0.888306
600	0.15	28	0.005675	0.883057
600	0.15	24	0.005463	0.903381
600	0.15	28	0.005507	0.917175
600	0.15	27	0.005702	0.894287
600	0.15	24	0.005511	0.916443
600	0.15	26	0.005534	0.889709
600	0.15	24	0.005487	0.876770
600	0.15	26	0.005457	0.890991
600	0.15	26	0.005492	0.916504
600	0.15	26	0.005517	0.904602
600	0.15	24	0.005505	0.872498
600	0.15	27	0.005478	0.879517
600	0.15	27	0.005468	0.891296
600	0.15	27	0.009168	0.905640
600	0.15	25	0.005477	0.895874
600	0.15	24	0.005501	0.913269
600	0.15	25	0.005499	0.889282
600	0.15	24	0.005693	0.880188
600	0.15	26	0.005523	0.895813
600	0.15	26	0.005467	0.906250
600	0.15	23	0.005574	0.930542
600	0.15	25	0.005422	0.899475
600	0.15	24	0.005951	0.890076
600	0.15	27	0.009772	0.884949
600	0.15	27	0.005669	0.888916
600	0.15	26	0.009014	0.881775
600	0.15	26	0.005479	0.907898

700	0.15	28	0.006982	1.244751
700	0.15	28	0.006986	1.205200
700	0.15	26	0.006743	1.205933
700	0.15	26	0.006670	1.205994
700	0.15	27	0.006634	1.207214
700	0.15	27	0.006546	1.209045
700	0.15	25	0.006435	1.229431
700	0.15	25	0.006581	1.215210
700	0.15	27	0.006588	1.225647
700	0.15	28	0.006633	1.230530
700	0.15	25	0.006948	1.217102
700	0.15	25	0.006553	1.223633
700	0.15	24	0.006553	1.184082
700	0.15	27	0.006548	1.219238
700	0.15	25	0.006570	1.252869
700	0.15	25	0.006582	1.208191
700	0.15	25	0.011514	1.233948
700	0.15	26	0.008002	1.247742
700	0.15	25	0.006581	1.209106
700	0.15	27	0.006559	1.247192
700	0.15	26	0.006578	1.252563
700	0.15	26	0.006520	1.189331
700	0.15	27	0.006515	1.226135
700	0.15	25	0.006774	1.230774
700	0.15	26	0.006632	1.228271
700	0.15	26	0.006592	1.237671
700	0.15	27	0.006680	1.193970
700	0.15	26	0.006678	1.197998
700	0.15	27	0.006561	1.209290
700	0.15	25	0.006571	1.223389

800	0.15	27	0.007701	1.601990
800	0.15	26	0.007676	1.599792
800	0.15	27	0.007789	1.573425
800	0.15	26	0.007725	1.572571
800	0.15	25	0.007503	1.578247
800	0.15	25	0.007431	1.584045
800	0.15	25	0.007674	1.570190
800	0.15	28	0.007508	1.645508
800	0.15	28	0.007985	1.650330
800	0.15	25	0.007539	1.596863
800	0.15	26	0.007667	1.599304
800	0.15	27	0.018680	1.581787
800	0.15	28	0.007688	1.623291
800	0.15	27	0.007726	1.605286
800	0.15	25	0.007698	1.570923
800	0.15	27	0.007905	1.592529
800	0.15	29	0.007662	1.565063
800	0.15	26	0.007776	1.578308
800	0.15	24	0.007716	1.585083
800	0.15	26	0.012796	1.575073
800	0.15	28	0.007906	1.615540
800	0.15	26	0.007635	1.558533
800	0.15	26	0.007988	1.597595
800	0.15	27	0.007666	1.602539
800	0.15	27	0.007632	1.567749
800	0.15	26	0.007677	1.581421
800	0.15	26	0.007843	1.564575
800	0.15	30	0.007692	1.611084
800	0.15	27	0.007383	1.599182
800	0.15	27	0.007672	1.629089

900	0.15	26	0.009350	1.992126
900	0.15	28	0.008796	1.984314
900	0.15	28	0.008858	1.982422
900	0.15	28	0.008928	2.080078
900	0.15	26	0.013669	1.998657
900	0.15	26	0.008808	2.016235
900	0.15	28	0.008901	2.031555
900	0.15	26	0.008863	2.070251
900	0.15	27	0.009086	1.950928
900	0.15	28	0.008970	2.054138
900	0.15	27	0.014820	2.010254
900	0.15	29	0.008858	1.995544
900	0.15	26	0.008843	1.986816
900	0.15	25	0.008825	2.007385
900	0.15	25	0.008835	2.038147
900	0.15	29	0.008857	2.005066
900	0.15	24	0.008671	1.982544
900	0.15	29	0.008875	2.016479
900	0.15	27	0.015889	2.036865
900	0.15	27	0.009048	2.015076
900	0.15	27	0.009094	1.999939
900	0.15	29	0.019880	1.990356
900	0.15	28	0.024913	1.971680
900	0.15	31	0.017228	2.023193
900	0.15	25	0.025633	2.046265
900	0.15	27	0.013990	1.991150
900	0.15	26	0.029475	2.047424
900	0.15	30	0.030194	2.063965
900	0.15	27	0.018340	1.964783
900	0.15	27	0.008951	2.017456

1000	0.15	29	0.009992	2.449219
1000	0.15	27	0.027543	2.531006
1000	0.15	27	0.017580	2.403564
1000	0.15	28	0.018248	2.494141
1000	0.15	30	0.015009	2.486755
1000	0.15	28	0.009960	2.425232
1000	0.15	26	0.010033	2.464600
1000	0.15	28	0.010227	2.460571
1000	0.15	28	0.010020	2.478638
1000	0.15	29	0.010293	2.422485
1000	0.15	29	0.018523	2.470032
1000	0.15	26	0.033067	2.482239
1000	0.15	29	0.033414	2.474854
1000	0.15	27	0.032886	2.469849
1000	0.15	28	0.024327	2.474365
1000	0.15	27	0.017847	2.521912
1000	0.15	27	0.013865	2.482971
1000	0.15	27	0.010056	2.479431
1000	0.15	27	0.010183	2.413513
1000	0.15	27	0.009782	2.450195
1000	0.15	28	0.010007	2.444153
1000	0.15	27	0.009652	2.455322
1000	0.15	29	0.010053	2.503174
1000	0.15	30	0.010289	2.515747
1000	0.15	27	0.022380	2.499329
1000	0.15	30	0.023635	2.519226
1000	0.15	29	0.017297	2.513550
1000	0.15	29	0.009987	2.459351
1000	0.15	27	0.010030	2.441650
1000	0.15	31	0.010081	2.425415

1100	0.15	29	0.012044	3.046265
1100	0.15	27	0.019077	2.997864
1100	0.15	27	0.011165	3.007935
1100	0.15	28	0.011268	2.936218
1100	0.15	30	0.020004	3.090027
1100	0.15	27	0.011301	3.030701
1100	0.15	29	0.026083	3.010437
1100	0.15	27	0.036880	3.023621
1100	0.15	28	0.022461	3.061035
1100	0.15	27	0.015596	2.986511
1100	0.15	28	0.011379	3.002686
1100	0.15	28	0.011482	3.064392
1100	0.15	27	0.011343	3.028870
1100	0.15	28	0.011475	2.978821
1100	0.15	28	0.011209	2.943604
1100	0.15	26	0.011230	2.981995
1100	0.15	28	0.011230	2.964355
1100	0.15	27	0.018992	3.011047
1100	0.15	28	0.011290	2.997742
1100	0.15	29	0.011274	2.979309
1100	0.15	26	0.011296	2.987854
1100	0.15	30	0.011471	3.013550
1100	0.15	26	0.011285	3.014832
1100	0.15	29	0.011493	2.997009
1100	0.15	27	0.017157	2.944702
1100	0.15	28	0.011470	2.959412
1100	0.15	28	0.018813	2.938171
1100	0.15	27	0.011293	2.986633
1100	0.15	29	0.010999	3.020203
1100	0.15	29	0.011240	2.981934

1200	0.15	28	0.012456	3.546326
1200	0.15	27	0.024304	3.607239
1200	0.15	29	0.012687	3.514648
1200	0.15	29	0.012747	3.675842
1200	0.15	26	0.022530	3.521790
1200	0.15	29	0.012631	3.667053
1200	0.15	29	0.012331	3.578247
1200	0.15	30	0.012129	3.541199
1200	0.15	27	0.012169	3.532959
1200	0.15	28	0.012564	3.514160
1200	0.15	27	0.012811	3.589722
1200	0.15	26	0.012471	3.633911
1200	0.15	28	0.012578	3.567200
1200	0.15	26	0.012303	3.643799
1200	0.15	29	0.012581	3.610291
1200	0.15	27	0.012886	3.647339
1200	0.15	26	0.028703	3.520935
1200	0.15	30	0.019856	3.595764
1200	0.15	28	0.012580	3.632263
1200	0.15	28	0.012422	3.589661
1200	0.15	28	0.014169	3.603760
1200	0.15	29	0.012367	3.653442
1200	0.15	28	0.012924	3.591553
1200	0.15	28	0.012146	3.514771
1200	0.15	27	0.012203	3.603638
1200	0.15	29	0.013432	3.672241
1200	0.15	26	0.012860	3.609009
1200	0.15	28	0.019503	3.566711
1200	0.15	31	0.012581	3.593262
1200	0.15	28	0.021330	3.538208

1300	0.15	28	0.013830	4.172607
1300	0.15	28	0.013975	4.212219
1300	0.15	30	0.013590	4.210266
1300	0.15	28	0.013730	4.116089
1300	0.15	29	0.013712	4.094238
1300	0.15	27	0.013514	4.272766
1300	0.15	25	0.013621	4.267456
1300	0.15	28	0.013767	4.216064
1300	0.15	28	0.013541	4.132019
1300	0.15	27	0.013625	4.147095
1300	0.15	28	0.013863	4.157593
1300	0.15	30	0.014134	4.257263
1300	0.15	27	0.013566	4.178772
1300	0.15	30	0.025883	4.114685
1300	0.15	26	0.015831	4.262573
1300	0.15	29	0.013954	4.222046
1300	0.15	28	0.013850	4.095825
1300	0.15	28	0.044088	4.051453
1300	0.15	28	0.023391	4.173035
1300	0.15	28	0.014093	4.086853
1300	0.15	29	0.014405	4.236694
1300	0.15	29	0.014672	4.210754
1300	0.15	30	0.024304	4.191650
1300	0.15	28	0.014179	4.215027
1300	0.15	31	0.014183	4.137451
1300	0.15	27	0.014108	4.323975
1300	0.15	28	0.013582	4.199463
1300	0.15	29	0.014219	4.277832
1300	0.15	27	0.013542	4.153320
1300	0.15	28	0.014314	4.211914

1400	0.15	30	0.015041	4.877808
1400	0.15	31	0.015254	4.787659
1400	0.15	29	0.015350	4.847839
1400	0.15	27	0.015014	4.924194
1400	0.15	29	0.015363	4.791931
1400	0.15	27	0.015123	4.811707
1400	0.15	28	0.015564	4.865173
1400	0.15	30	0.015261	4.809448
1400	0.15	31	0.014947	4.844055
1400	0.15	28	0.015290	4.874878
1400	0.15	29	0.015263	4.770386
1400	0.15	29	0.015200	4.857849
1400	0.15	29	0.014909	4.842285
1400	0.15	27	0.014892	4.751465
1400	0.15	28	0.014980	4.888550
1400	0.15	28	0.015052	4.987549
1400	0.15	31	0.015502	4.806763
1400	0.15	30	0.015832	4.936768
1400	0.15	29	0.015356	4.833496
1400	0.15	29	0.014906	4.744324
1400	0.15	31	0.015543	4.861694
1400	0.15	28	0.015330	4.789185
1400	0.15	29	0.014568	4.847656
1400	0.15	29	0.015525	4.852539
1400	0.15	28	0.014856	4.862915
1400	0.15	29	0.014972	4.842346
1400	0.15	28	0.017843	5.014038
1400	0.15	26	0.015070	4.759094
1400	0.15	28	0.014944	4.857361
1400	0.15	27	0.015078	4.865967

1500	0.15	27	0.051087	5.557007
1500	0.15	28	0.051003	5.779663
1500	0.15	29	0.026373	5.466248
1500	0.15	27	0.016698	5.555115
1500	0.15	30	0.040825	5.642700
1500	0.15	29	0.021788	5.563660
1500	0.15	28	0.033678	5.578796
1500	0.15	29	0.016579	5.549133
1500	0.15	29	0.016398	5.513855
1500	0.15	25	0.016958	5.567261
1500	0.15	31	0.017043	5.621582
1500	0.15	27	0.016448	5.534424
1500	0.15	29	0.024700	5.458679
1500	0.15	27	0.028308	5.621399
1500	0.15	30	0.016424	5.553528
1500	0.15	29	0.016513	5.474792
1500	0.15	25	0.016482	5.598511
1500	0.15	29	0.016782	5.639404
1500	0.15	30	0.016830	5.664246
1500	0.15	29	0.016763	5.543274
1500	0.15	27	0.016314	5.508606
1500	0.15	29	0.016714	5.502258
1500	0.15	27	0.029747	5.630066
1500	0.15	28	0.016365	5.559937
1500	0.15	27	0.028004	5.626953
1500	0.15	29	0.016444	5.584229
1500	0.15	29	0.016375	5.548950
1500	0.15	31	0.028023	5.614380
1500	0.15	28	0.016445	5.543396
1500	0.15	31	0.016670	5.660339

1600	0.15	28	0.034067	6.327148
1600	0.15	32	0.018076	6.267151
1600	0.15	27	0.018240	6.252625
1600	0.15	29	0.018431	6.320801
1600	0.15	27	0.017657	6.356750
1600	0.15	28	0.018037	6.310730
1600	0.15	27	0.017861	6.301819
1600	0.15	29	0.018484	6.407532
1600	0.15	30	0.018207	6.315674
1600	0.15	29	0.018201	6.279358
1600	0.15	27	0.017590	6.414001
1600	0.15	28	0.017912	6.381104
1600	0.15	26	0.018254	6.270813
1600	0.15	30	0.018192	6.303101
1600	0.15	27	0.017942	6.289612
1600	0.15	31	0.017937	6.388306
1600	0.15	28	0.018219	6.277771
1600	0.15	29	0.017946	6.416077
1600	0.15	28	0.018326	6.368652
1600	0.15	29	0.017816	6.264954
1600	0.15	29	0.018263	6.320740
1600	0.15	28	0.018172	6.267029
1600	0.15	30	0.018279	6.434204
1600	0.15	27	0.018248	6.312927
1600	0.15	27	0.018092	6.276489
1600	0.15	30	0.017703	6.334229
1600	0.15	28	0.029588	6.293030
1600	0.15	27	0.017981	6.396973
1600	0.15	30	0.018350	6.403198
1600	0.15	29	0.017903	6.289795

1700	0.15	29	0.033688	7.139954
1700	0.15	28	0.019441	7.154907
1700	0.15	30	0.019364	7.091431
1700	0.15	29	0.038368	7.213196
1700	0.15	29	0.019706	7.130676
1700	0.15	27	0.019910	7.271790
1700	0.15	27	0.019492	7.123047
1700	0.15	30	0.020194	7.156921
1700	0.15	30	0.019482	7.169312
1700	0.15	30	0.019685	7.204834
1700	0.15	27	0.019377	7.176575
1700	0.15	28	0.019885	7.154663
1700	0.15	28	0.018961	7.049377
1700	0.15	28	0.019873	7.204407
1700	0.15	28	0.019350	7.204651
1700	0.15	30	0.020637	7.161133
1700	0.15	28	0.019998	7.145874
1700	0.15	28	0.019623	7.125854
1700	0.15	30	0.019841	7.363770
1700	0.15	29	0.019430	7.256531
1700	0.15	29	0.019744	7.253357
1700	0.15	30	0.019914	7.179688
1700	0.15	29	0.020012	7.257812
1700	0.15	31	0.019458	7.158264
1700	0.15	29	0.019600	7.137085
1700	0.15	28	0.019991	7.196167
1700	0.15	31	0.019722	7.210999
1700	0.15	28	0.019524	7.200867
1700	0.15	28	0.019287	7.045471
1700	0.15	29	0.038280	7.116028

1800	0.15	28	0.021288	8.095703
1800	0.15	29	0.021221	8.048706
1800	0.15	27	0.021301	8.056763
1800	0.15	28	0.021032	8.085022
1800	0.15	29	0.020994	7.967285
1800	0.15	30	0.020970	7.954346
1800	0.15	26	0.020958	7.947998
1800	0.15	30	0.043952	7.901733
1800	0.15	30	0.021174	8.148499
1800	0.15	30	0.021196	8.043396
1800	0.15	30	0.033508	7.957153
1800	0.15	28	0.020952	7.977112
1800	0.15	28	0.020966	7.964966
1800	0.15	27	0.021278	7.900085
1800	0.15	30	0.021082	8.105042
1800	0.15	28	0.020923	7.958862
1800	0.15	28	0.021578	8.009949
1800	0.15	30	0.021570	8.029358
1800	0.15	28	0.033838	8.033508
1800	0.15	28	0.021243	8.196045
1800	0.15	31	0.020963	7.992188
1800	0.15	26	0.020983	7.968994
1800	0.15	31	0.021058	7.897339
1800	0.15	29	0.021162	7.888428
1800	0.15	28	0.020923	7.969238
1800	0.15	29	0.021355	8.099854
1800	0.15	30	0.021094	8.120056
1800	0.15	26	0.021213	7.934143
1800	0.15	29	0.021540	7.972107
1800	0.15	28	0.021670	8.077942

1900	0.15	30	0.038689	9.023865
1900	0.15	29	0.022401	8.961792
1900	0.15	29	0.022898	8.859985
1900	0.15	30	0.023005	8.974304
1900	0.15	30	0.022335	8.965332
1900	0.15	29	0.022296	8.967468
1900	0.15	28	0.022657	8.982666
1900	0.15	29	0.022550	8.874878
1900	0.15	27	0.022887	8.853699
1900	0.15	26	0.023642	8.876831
1900	0.15	30	0.022628	8.887207
1900	0.15	29	0.022930	8.937256
1900	0.15	28	0.022719	9.011047
1900	0.15	29	0.022743	9.020447
1900	0.15	30	0.022778	9.124329
1900	0.15	30	0.022596	8.988342
1900	0.15	27	0.022594	8.850769
1900	0.15	27	0.022496	8.825012
1900	0.15	30	0.022566	8.773376
1900	0.15	30	0.023132	8.814392
1900	0.15	32	0.022317	8.906677
1900	0.15	28	0.022510	8.871826
1900	0.15	29	0.022474	9.033325
1900	0.15	28	0.023179	8.924744
1900	0.15	28	0.022247	8.917725
1900	0.15	28	0.022940	8.985291
1900	0.15	29	0.022626	8.884949
1900	0.15	30	0.064886	9.030762
1900	0.15	28	0.025068	8.751831
1900	0.15	28	0.022179	8.854675

2000	0.15	28	0.040739	9.836243
2000	0.15	27	0.024199	9.842896
2000	0.15	28	0.024462	10.071533
2000	0.15	30	0.024389	9.746521
2000	0.15	30	0.024936	9.922852
2000	0.15	26	0.024267	9.862488
2000	0.15	30	0.023834	9.807068
2000	0.15	29	0.023999	9.869934
2000	0.15	28	0.024140	9.817383
2000	0.15	33	0.024679	10.086182
2000	0.15	32	0.024105	9.662170
2000	0.15	30	0.024767	9.839966
2000	0.15	32	0.025443	10.113586
2000	0.15	29	0.024238	9.883423
2000	0.15	28	0.024334	9.814575
2000	0.15	28	0.024285	9.939270
2000	0.15	28	0.024333	9.829041
2000	0.15	31	0.024241	9.857971
2000	0.15	27	0.024376	10.017944
2000	0.15	28	0.024191	9.865784
2000	0.15	29	0.025832	9.978882
2000	0.15	29	0.024534	9.861816
2000	0.15	29	0.024671	9.930725
2000	0.15	31	0.024349	9.811218
2000	0.15	28	0.024432	10.110779
2000	0.15	29	0.023947	9.870117
2000	0.15	31	0.024733	9.972046
2000	0.15	28	0.024706	9.843872
2000	0.15	29	0.024682	9.944824
2000	0.15	29	0.024847	9.846680

2100	0.15	30	0.026670	11.111633
2100	0.15	30	0.026375	10.797058
2100	0.15	29	0.026049	10.964355
2100	0.15	28	0.026125	10.900513
2100	0.15	27	0.026099	10.787964
2100	0.15	30	0.026259	10.974304
2100	0.15	31	0.026324	10.832764
2100	0.15	28	0.025575	10.845825
2100	0.15	29	0.026040	10.772583
2100	0.15	30	0.026029	10.987366
2100	0.15	30	0.026003	10.878296
2100	0.15	29	0.026277	10.953430
2100	0.15	28	0.025728	11.034302
2100	0.15	27	0.026452	10.898071
2100	0.15	26	0.025990	10.940491
2100	0.15	30	0.026489	10.849792
2100	0.15	28	0.026502	11.065613
2100	0.15	27	0.026555	10.880066
2100	0.15	28	0.026508	11.030396
2100	0.15	29	0.026426	10.774841
2100	0.15	28	0.026194	10.860107
2100	0.15	28	0.026098	10.793152
2100	0.15	30	0.026492	10.775635
2100	0.15	33	0.025973	10.820496
2100	0.15	28	0.026319	10.893127
2100	0.15	28	0.026492	10.995239
2100	0.15	29	0.026535	10.981323
2100	0.15	27	0.025978	10.879761
2100	0.15	28	0.026074	10.931641
2100	0.15	31	0.025888	10.731323

2200	0.15	31	0.028986	11.976990
2200	0.15	30	0.028061	11.807129
2200	0.15	27	0.028051	12.156616
2200	0.15	30	0.028877	11.885010
2200	0.15	29	0.027725	11.943359
2200	0.15	29	0.028062	11.872742
2200	0.15	29	0.028220	11.995667
2200	0.15	28	0.027735	12.002380
2200	0.15	28	0.027601	11.888184
2200	0.15	26	0.027701	11.896240
2200	0.15	30	0.028245	12.077515
2200	0.15	32	0.027852	12.128662
2200	0.15	29	0.027737	11.965393
2200	0.15	28	0.032562	12.033020
2200	0.15	30	0.028092	12.007507
2200	0.15	29	0.027691	11.920349
2200	0.15	31	0.028058	11.917542
2200	0.15	29	0.029072	11.916504
2200	0.15	31	0.027822	11.878113
2200	0.15	30	0.027771	12.056213
2200	0.15	28	0.028073	11.903442
2200	0.15	31	0.028074	11.821655
2200	0.15	27	0.027647	11.811340
2200	0.15	32	0.027662	11.887207
2200	0.15	28	0.028019	11.898315
2200	0.15	31	0.028108	12.057556
2200	0.15	33	0.028238	11.874573
2200	0.15	28	0.027431	11.964233
2200	0.15	28	0.027889	11.862671
2200	0.15	30	0.027742	11.929993

2300	0.15	29	0.029979	13.158936
2300	0.15	30	0.029628	13.061951
2300	0.15	31	0.029923	13.051819
2300	0.15	30	0.030192	13.085815
2300	0.15	28	0.029969	12.951294
2300	0.15	30	0.029415	12.952026
2300	0.15	27	0.029477	12.974792
2300	0.15	30	0.030362	13.231628
2300	0.15	30	0.029775	12.974304
2300	0.15	30	0.030042	13.157593
2300	0.15	27	0.029526	13.074890
2300	0.15	31	0.029491	13.059448
2300	0.15	29	0.029209	13.154297
2300	0.15	28	0.029539	13.110046
2300	0.15	28	0.029575	13.171692
2300	0.15	30	0.029620	13.172729
2300	0.15	30	0.029883	13.104004
2300	0.15	29	0.029806	12.872498
2300	0.15	29	0.030148	13.025696
2300	0.15	29	0.030133	13.257202
2300	0.15	30	0.029762	12.864319
2300	0.15	29	0.029856	13.122864
2300	0.15	29	0.029566	13.059570
2300	0.15	31	0.031123	13.109436
2300	0.15	31	0.030019	13.170349
2300	0.15	29	0.029679	13.014221
2300	0.15	29	0.029875	12.965637
2300	0.15	30	0.029781	13.319153
2300	0.15	29	0.029713	13.324402
2300	0.15	29	0.029565	13.052429

2400	0.15	29	0.031363	14.161865
2400	0.15	29	0.032983	14.151611
2400	0.15	33	0.032194	14.139038
2400	0.15	29	0.031358	14.201904
2400	0.15	29	0.031476	14.039185
2400	0.15	29	0.031808	14.347046
2400	0.15	29	0.032017	14.187256
2400	0.15	29	0.032757	14.212524
2400	0.15	29	0.031845	14.238770
2400	0.15	31	0.031370	14.219727
2400	0.15	29	0.031462	14.308533
2400	0.15	30	0.031791	14.283142
2400	0.15	29	0.048754	14.163330
2400	0.15	28	0.031911	14.442688
2400	0.15	27	0.031926	14.371399
2400	0.15	28	0.031359	14.137024
2400	0.15	28	0.031688	14.409790
2400	0.15	29	0.031271	14.040344
2400	0.15	29	0.031366	14.212036
2400	0.15	30	0.031862	14.090210
2400	0.15	31	0.031401	14.234558
2400	0.15	29	0.031576	14.099487
2400	0.15	29	0.031326	14.164795
2400	0.15	28	0.031462	14.222778
2400	0.15	31	0.031458	14.160583
2400	0.15	30	0.031545	14.439392
2400	0.15	29	0.031714	14.254700
2400	0.15	30	0.031673	14.032776
2400	0.15	31	0.032424	14.169922
2400	0.15	31	0.031807	14.332153

2500	0.15	28	0.033486	15.311340
2500	0.15	30	0.033784	15.448364
2500	0.15	31	0.033523	15.647949
2500	0.15	31	0.033778	15.349976
2500	0.15	31	0.056236	15.380554
2500	0.15	30	0.033442	15.390930
2500	0.15	28	0.033279	15.447021
2500	0.15	28	0.033562	15.472534
2500	0.15	33	0.033245	15.358154
2500	0.15	29	0.033651	15.568115
2500	0.15	30	0.033336	15.453674
2500	0.15	30	0.033411	15.347412
2500	0.15	31	0.034335	15.528442
2500	0.15	30	0.033507	15.341736
2500	0.15	30	0.033983	15.478027
2500	0.15	30	0.033564	15.608215
2500	0.15	31	0.033514	15.594727
2500	0.15	31	0.033918	15.584167
2500	0.15	30	0.033736	15.207336
2500	0.15	31	0.032988	15.433533
2500	0.15	29	0.033251	15.380920
2500	0.15	30	0.033388	15.521057
2500	0.15	30	0.033371	15.488647
2500	0.15	28	0.033337	15.459534
2500	0.15	29	0.033731	15.252380
2500	0.15	31	0.066068	15.675964
2500	0.15	30	0.033475	15.387939
2500	0.15	33	0.033526	15.406372
2500	0.15	34	0.033088	15.165344
2500	0.15	30	0.034446	15.200684

2600	0.15	29	0.035662	16.743774
2600	0.15	30	0.035252	16.754089
2600	0.15	28	0.035227	16.779846
2600	0.15	31	0.035689	16.562195
2600	0.15	30	0.035398	16.607605
2600	0.15	32	0.035161	16.666382
2600	0.15	30	0.036791	16.663635
2600	0.15	29	0.036438	16.524902
2600	0.15	31	0.035522	16.534119
2600	0.15	28	0.035273	16.782410
2600	0.15	31	0.035683	16.698914
2600	0.15	29	0.035056	16.603516
2600	0.15	30	0.035055	16.390686
2600	0.15	29	0.035474	16.925659
2600	0.15	28	0.034868	16.792358
2600	0.15	28	0.035186	16.660706
2600	0.15	33	0.035893	16.699219
2600	0.15	31	0.035352	16.728943
2600	0.15	31	0.035539	16.707947
2600	0.15	28	0.035550	16.662842
2600	0.15	29	0.035600	16.656982
2600	0.15	30	0.035807	16.736389
2600	0.15	29	0.035840	16.891785
2600	0.15	30	0.034913	16.773438
2600	0.15	32	0.035335	16.779053
2600	0.15	27	0.035495	16.767944
2600	0.15	29	0.035670	16.736328
2600	0.15	31	0.035598	16.686157
2600	0.15	27	0.034944	16.827881
2600	0.15	28	0.035081	16.589478

2700	0.15	32	0.058622	18.015808
2700	0.15	29	0.038147	18.120728
2700	0.15	29	0.036859	17.955078
2700	0.15	29	0.037199	17.956238
2700	0.15	27	0.037207	17.930420
2700	0.15	29	0.037515	17.837952
2700	0.15	30	0.037153	17.892700
2700	0.15	32	0.037210	18.096008
2700	0.15	32	0.037046	18.251221
2700	0.15	31	0.037285	17.929138
2700	0.15	31	0.037394	18.139282
2700	0.15	29	0.037299	18.024109
2700	0.15	31	0.037331	18.326050
2700	0.15	31	0.037641	18.090759
2700	0.15	30	0.037321	18.038818
2700	0.15	29	0.037257	18.074585
2700	0.15	28	0.037098	17.841370
2700	0.15	31	0.037208	17.840942
2700	0.15	30	0.037009	18.146423
2700	0.15	33	0.037595	17.975220
2700	0.15	29	0.036551	17.699951
2700	0.15	30	0.036743	17.886475
2700	0.15	32	0.037180	18.229797
2700	0.15	30	0.036966	18.012207
2700	0.15	31	0.037299	17.865051
2700	0.15	30	0.037849	18.020813
2700	0.15	29	0.037443	17.921692
2700	0.15	29	0.036862	18.065430
2700	0.15	28	0.037400	17.792419
2700	0.15	32	0.038075	18.174561

2800	0.15	30	0.039587	19.280273
2800	0.15	33	0.039026	19.334473
2800	0.15	31	0.039213	19.247192
2800	0.15	29	0.039039	19.560059
2800	0.15	30	0.038785	19.282959
2800	0.15	28	0.039864	19.228699
2800	0.15	29	0.039215	19.211304
2800	0.15	32	0.039570	19.296692
2800	0.15	29	0.039415	19.573059
2800	0.15	31	0.039204	19.322205
2800	0.15	30	0.048644	19.580994
2800	0.15	32	0.039268	19.336182
2800	0.15	34	0.039675	19.710999
2800	0.15	29	0.039116	19.294617
2800	0.15	31	0.039285	19.278687
2800	0.15	30	0.039146	19.224426
2800	0.15	30	0.039505	19.726685
2800	0.15	27	0.048216	19.389648
2800	0.15	27	0.039421	19.547546
2800	0.15	29	0.039707	19.268188
2800	0.15	31	0.039676	19.374573
2800	0.15	32	0.039350	19.440918
2800	0.15	31	0.038987	19.299561
2800	0.15	29	0.039797	19.539734
2800	0.15	30	0.038900	19.269104
2800	0.15	31	0.039197	19.259644
2800	0.15	30	0.039327	19.154968
2800	0.15	31	0.038904	19.362305
2800	0.15	29	0.039813	19.229431
2800	0.15	32	0.039483	19.398438

2900	0.15	31	0.041424	20.948730
2900	0.15	31	0.041261	20.494324
2900	0.15	31	0.041426	20.804993
2900	0.15	31	0.041884	20.918213
2900	0.15	30	0.041191	20.868347
2900	0.15	31	0.041579	20.647156
2900	0.15	29	0.041652	20.812073
2900	0.15	30	0.041049	20.944397
2900	0.15	30	0.063818	20.817932
2900	0.15	31	0.041368	20.760071
2900	0.15	27	0.041722	20.890015
2900	0.15	31	0.041281	20.640015
2900	0.15	29	0.041596	20.751953
2900	0.15	31	0.041146	20.575928
2900	0.15	29	0.048868	20.761047
2900	0.15	30	0.041684	20.764282
2900	0.15	30	0.041397	20.550171
2900	0.15	28	0.041327	20.701233
2900	0.15	32	0.042567	20.934875
2900	0.15	32	0.042344	20.683044
2900	0.15	30	0.041402	20.874512
2900	0.15	29	0.041527	20.585266
2900	0.15	32	0.041813	20.862854
2900	0.15	30	0.041191	20.637390
2900	0.15	31	0.041095	20.546692
2900	0.15	30	0.041335	20.695984
2900	0.15	32	0.041253	20.711243
2900	0.15	29	0.041447	20.914795
2900	0.15	32	0.041297	20.644470
2900	0.15	29	0.041891	20.778687

3000	0.15	30	0.043659	22.082214
3000	0.15	29	0.043717	22.175171
3000	0.15	30	0.043542	22.263977
3000	0.15	30	0.043736	22.390747
3000	0.15	31	0.043388	22.309143
3000	0.15	28	0.042923	21.996399
3000	0.15	30	0.043511	22.212952
3000	0.15	30	0.043755	22.218689
3000	0.15	30	0.043252	21.993164
3000	0.15	30	0.044217	22.744324
3000	0.15	32	0.044049	22.158264
3000	0.15	31	0.043747	22.231445
3000	0.15	30	0.043953	22.338196
3000	0.15	29	0.043814	22.269409
3000	0.15	29	0.043429	22.293701
3000	0.15	29	0.043315	22.225281
3000	0.15	30	0.043740	22.277222
3000	0.15	30	0.043913	22.106262
3000	0.15	29	0.043977	22.276001
3000	0.15	30	0.043802	22.189941
3000	0.15	30	0.103216	22.120850
3000	0.15	32	0.043708	22.504272
3000	0.15	30	0.043010	22.163635
3000	0.15	30	0.043665	21.970032
3000	0.15	29	0.043383	21.992432
3000	0.15	30	0.042942	21.903992
3000	0.15	30	0.043944	22.417358
3000	0.15	28	0.043487	22.401855
3000	0.15	32	0.043058	22.168152
3000	0.15	32	0.043184	22.180176

