100	0.15	16	0.000912	0.028870
100	0.15	18	0.000863	0.029541
100	0.15	20	0.000892	0.024902
100	0.15	15	0.000855	0.036377
100	0.15	13	0.000843	0.036316
100	0.15	11	0.000841	0.045410
100	0.15	17	0.000839	0.027832
100	0.15	16	0.000837	0.031067
100	0.15	17	0.001251	0.030579
100	0.15	12	0.000909	0.031006
100	0.15	13	0.000842	0.033386
100	0.15	15	0.000904	0.027466
100	0.15	15	0.000842	0.030090
100	0.15	15	0.000901	0.038513
100	0.15	13	0.000853	0.043762
100	0.15	13	0.000845	0.037537
100	0.15	16	0.000905	0.029724
100	0.15	16	0.000838	0.029541
100	0.15	14	0.000846	0.033813
100	0.15	15	0.001531	0.030701
100	0.15	15	0.000872	0.030212
100	0.15	12	0.000845	0.038452
100	0.15	13	0.000877	0.041260
100	0.15	11	0.000908	0.047424
100	0.15	13	0.000911	0.040405
100	0.15	17	0.000903	0.032593
100	0.15	13	0.000847	0.034790
100	0.15	17	0.000855	0.034729
100	0.15	14	0.000901	0.032166
100	0.15	13	0.000908	0.038330

200	0.15	14	0.001952	0.191284
200	0.15	18	0.001692	0.122803
200	0.15	18	0.001716	0.143372
200	0.15	16	0.001750	0.144287
200	0.15	19	0.001676	0.103333
200	0.15	19	0.001821	0.118958
200	0.15	11	0.001725	0.164185
200	0.15	15	0.001698	0.133118
200	0.15	17	0.001677	0.114502
200	0.15	19	0.001696	0.126038
200	0.15	17	0.001695	0.137512
200	0.15	25	0.001814	0.116638
200	0.15	13	0.001694	0.146484
200	0.15	18	0.001716	0.131531
200	0.15	13	0.001796	0.149902
200	0.15	19	0.001690	0.130249
200	0.15	21	0.001679	0.113281
200	0.15	19	0.001758	0.129639
200	0.15	11	0.001693	0.150879
200	0.15	18	0.001673	0.103333
200	0.15	23	0.001685	0.114380
200	0.15	17	0.001696	0.132874
200	0.15	18	0.001693	0.126770
200	0.15	17	0.003823	0.164673
200	0.15	16	0.001707	0.119812
200	0.15	19	0.002828	0.142212
200	0.15	20	0.001985	0.115601
200	0.15	20	0.001721	0.117615
200	0.15	19	0.001737	0.134155
200	0.15	20	0.001713	0.126343

300	0.15	21	0.002944	0.355103
300	0.15	18	0.002619	0.246521
300	0.15	20	0.002594	0.240234
300	0.15	16	0.002725	0.382629
300	0.15	20	0.002648	0.289062
300	0.15	22	0.002773	0.255859
300	0.15	20	0.002627	0.284973
300	0.15	16	0.002631	0.318359
300	0.15	17	0.002611	0.285217
300	0.15	18	0.002658	0.350769
300	0.15	17	0.002681	0.343506
300	0.15	12	0.002808	0.459045
300	0.15	23	0.002607	0.263855
300	0.15	16	0.002649	0.311218
300	0.15	15	0.002845	0.362976
300	0.15	22	0.002652	0.298279
300	0.15	19	0.002811	0.314087
300	0.15	19	0.002656	0.337585
300	0.15	22	0.002662	0.289001
300	0.15	24	0.002625	0.266602
300	0.15	19	0.002649	0.291626
300	0.15	22	0.002610	0.268555
300	0.15	24	0.002875	0.351746
300	0.15	20	0.002579	0.244202
300	0.15	19	0.004654	0.294373
300	0.15	17	0.002649	0.299194
300	0.15	20	0.002819	0.282166
300	0.15	24	0.002624	0.265991
300	0.15	17	0.002731	0.402344
300	0.15	19	0.002817	0.291992

400	0.15	21	0.003928	0.577087
400	0.15	20	0.003864	0.505127
400	0.15	16	0.003736	0.626343
400	0.15	22	0.003603	0.440857
400	0.15	21	0.003812	0.480835
400	0.15	24	0.003577	0.433105
400	0.15	27	0.003541	0.446899
400	0.15	19	0.005859	0.660461
400	0.15	19	0.003624	0.518311
400	0.15	20	0.003589	0.474060
400	0.15	16	0.003829	0.912048
400	0.15	17	0.003715	0.645630
400	0.15	22	0.003685	0.547607
400	0.15	21	0.003620	0.519714
400	0.15	22	0.003630	0.539795
400	0.15	21	0.003610	0.534668
400	0.15	19	0.003657	0.610046
400	0.15	24	0.003538	0.436218
400	0.15	20	0.003623	0.550171
400	0.15	24	0.006292	0.492004
400	0.15	19	0.003581	0.512756
400	0.15	16	0.003925	0.646240
400	0.15	24	0.003628	0.520691
400	0.15	26	0.003617	0.549622
400	0.15	18	0.003579	0.535583
400	0.15	19	0.003528	0.452820
400	0.15	22	0.003647	0.603333
400	0.15	23	0.003648	0.539368
400	0.15	23	0.003559	0.488464
400	0.15	24	0.003790	0.467224

500	0.15	25	0.004945	0.796753
500	0.15	24	0.004572	0.706848
500	0.15	24	0.004630	0.832520
500	0.15	24	0.004699	0.888428
500	0.15	18	0.004753	1.010986
500	0.15	18	0.004639	0.861633
500	0.15	20	0.004807	1.019226
500	0.15	18	0.004789	0.910095
500	0.15	23	0.006610	0.673462
500	0.15	28	0.004756	0.634827
500	0.15	26	0.004600	0.755310
500	0.15	25	0.004587	0.707947
500	0.15	22	0.004631	0.796326
500	0.15	22	0.005096	1.032593
500	0.15	23	0.004656	0.706482
500	0.15	19	0.004727	0.975281
500	0.15	23	0.008015	0.784302
500	0.15	23	0.007348	0.706055
500	0.15	22	0.008245	0.806335
500	0.15	20	0.007641	0.974121
500	0.15	26	0.004487	0.627625
500	0.15	18	0.004998	1.335571
500	0.15	22	0.004812	0.807434
500	0.15	26	0.008066	0.765930
500	0.15	24	0.004652	0.843567
500	0.15	25	0.004610	0.744446
500	0.15	22	0.004605	0.729248
500	0.15	25	0.004597	0.786194
500	0.15	22	0.009884	0.772034
500	0.15	17	0.012041	1.225525

600	0.15	22	0.007891	1.253052
600	0.15	23	0.005635	1.037354
600	0.15	18	0.005997	1.674561
600	0.15	18	0.005976	1.481445
600	0.15	22	0.005896	1.135010
600	0.15	24	0.005780	1.142639
600	0.15	19	0.005985	1.541382
600	0.15	21	0.005960	1.172974
600	0.15	20	0.005693	1.137085
600	0.15	23	0.005768	1.254578
600	0.15	22	0.005824	1.385498
600	0.15	21	0.005653	1.101501
600	0.15	24	0.010379	1.131775
600	0.15	22	0.005962	1.260986
600	0.15	24	0.005608	1.017395
600	0.15	20	0.005801	1.287720
600	0.15	22	0.005973	1.362976
600	0.15	23	0.010413	1.089417
600	0.15	25	0.005517	0.924255
600	0.15	20	0.005742	1.251465
600	0.15	20	0.005569	1.007751
600	0.15	21	0.005897	1.446289
600	0.15	27	0.005679	1.073975
600	0.15	20	0.005942	1.322510
600	0.15	24	0.009776	0.976257
600	0.15	28	0.005563	0.965332
600	0.15	24	0.011035	1.151794
600	0.15	20	0.005842	1.470398
600	0.15	23	0.011024	1.515442
600	0.15	23	0.005929	1.081726

700	0.15	24	0.007313	1.583496
700	0.15	27	0.006885	1.357300
700	0.15	15	0.007971	2.734192
700	0.15	21	0.006884	1.996033
700	0.15	23	0.006858	1.695129
700	0.15	23	0.006924	1.304871
700	0.15	25	0.006809	1.700867
700	0.15	26	0.006822	1.505310
700	0.15	22	0.006635	1.646545
700	0.15	16	0.007769	3.111328
700	0.15	25	0.006803	1.608521
700	0.15	20	0.007500	2.274597
700	0.15	24	0.006864	1.627075
700	0.15	25	0.006998	1.761353
700	0.15	22	0.006707	1.404358
700	0.15	24	0.006689	1.394226
700	0.15	26	0.006781	1.497192
700	0.15	28	0.010960	1.200806
700	0.15	28	0.006570	1.312317
700	0.15	28	0.006969	1.621826
700	0.15	21	0.006823	1.609497
700	0.15	23	0.006796	1.414795
700	0.15	18	0.006878	1.919128
700	0.15	21	0.007001	1.776123
700	0.15	26	0.006884	1.573486
700	0.15	27	0.006682	1.300476
700	0.15	25	0.006962	1.721802
700	0.15	16	0.007010	1.985901
700	0.15	20	0.007009	1.911743
700	0.15	24	0.006717	1.483643

800	0.15	22	0.009439	2.295654
800	0.15	22	0.007889	2.277161
800	0.15	22	0.007715	1.813904
800	0.15	24	0.008106	2.042603
800	0.15	26	0.007500	1.630737
800	0.15	25	0.007919	2.315735
800	0.15	23	0.007952	2.234497
800	0.15	26	0.008017	1.922119
800	0.15	25	0.007788	2.008789
800	0.15	20	0.008259	2.802429
800	0.15	26	0.008090	1.883972
800	0.15	23	0.020820	2.050171
800	0.15	24	0.013979	2.247253
800	0.15	18	0.009247	2.893066
800	0.15	27	0.007723	2.011658
800	0.15	28	0.008702	1.922852
800	0.15	26	0.008025	1.884521
800	0.15	26	0.007752	1.900024
800	0.15	21	0.008330	2.377991
800	0.15	24	0.012876	2.209229
800	0.15	19	0.009166	3.404907
800	0.15	22	0.008030	2.082153
800	0.15	27	0.008032	1.823669
800	0.15	26	0.007992	1.708313
800	0.15	23	0.008169	2.267944
800	0.15	20	0.008072	2.457886
800	0.15	28	0.008145	2.370911
800	0.15	24	0.007920	2.181824
800	0.15	23	0.008115	2.365906
800	0.15	20	0.008221	2.358887

900	0.15	25	0.009883	2.759094
900	0.15	24	0.009446	2.771240
900	0.15	21	0.009092	3.053345
900	0.15	23	0.009036	2.333069
900	0.15	18	0.010301	4.942505
900	0.15	26	0.009392	2.320618
900	0.15	29	0.008938	2.163696
900	0.15	27	0.016731	2.801392
900	0.15	25	0.009603	2.572083
900	0.15	19	0.009359	2.857300
900	0.15	25	0.016027	2.564148
900	0.15	25	0.009448	2.741577
900	0.15	24	0.009777	3.331055
900	0.15	20	0.010172	2.880920
900	0.15	27	0.009377	2.405029
900	0.15	21	0.009471	2.962769
900	0.15	21	0.009882	3.686096
900	0.15	27	0.008953	1.986206
900	0.15	23	0.009445	2.885498
900	0.15	19	0.009971	3.391724
900	0.15	25	0.009240	2.712463
900	0.15	24	0.009316	2.881287
900	0.15	24	0.017328	2.535645
900	0.15	18	0.022007	3.517273
900	0.15	24	0.015964	2.873779
900	0.15	24	0.020804	2.876282
900	0.15	26	0.017311	2.900940
900	0.15	24	0.024769	2.730957
900	0.15	26	0.024381	2.930664
900	0.15	24	0.009735	3.022278

1000	0.15	26	0.011153	3.032898
1000	0.15	27	0.019279	2.733887
1000	0.15	25	0.023850	3.791199
1000	0.15	27	0.010616	2.961731
1000	0.15	23	0.020210	3.916809
1000	0.15	21	0.010744	3.953491
1000	0.15	23	0.010624	3.780762
1000	0.15	22	0.010714	3.884521
1000	0.15	23	0.010777	3.634155
1000	0.15	25	0.010350	3.225952
1000	0.15	26	0.011033	3.804199
1000	0.15	29	0.016723	2.930908
1000	0.15	21	0.028018	4.332886
1000	0.15	26	0.025934	2.940063
1000	0.15	26	0.035436	3.504700
1000	0.15	20	0.021538	4.327637
1000	0.15	20	0.014313	3.445435
1000	0.15	20	0.011093	4.114624
1000	0.15	27	0.010418	3.428162
1000	0.15	25	0.010296	2.937744
1000	0.15	24	0.010574	3.215088
1000	0.15	25	0.010166	3.206238
1000	0.15	22	0.018635	3.133057
1000	0.15	25	0.010982	3.533142
1000	0.15	19	0.035605	4.800293
1000	0.15	20	0.034257	3.723328
1000	0.15	19	0.021684	3.913452
1000	0.15	27	0.014921	3.044861
1000	0.15	25	0.010956	3.308716
1000	0.15	20	0.010890	4.741516

1100	0.15	30	0.014047	3.020508
1100	0.15	26	0.011906	3.994202
1100	0.15	21	0.013427	5.572632
1100	0.15	27	0.011922	3.786499
1100	0.15	27	0.036956	3.401184
1100	0.15	19	0.015800	5.617065
1100	0.15	27	0.038733	3.581543
1100	0.15	23	0.024318	4.838623
1100	0.15	25	0.027085	3.268921
1100	0.15	23	0.020914	4.308533
1100	0.15	22	0.011700	3.746582
1100	0.15	26	0.037706	3.946167
1100	0.15	27	0.012057	3.663879
1100	0.15	24	0.011446	3.814514
1100	0.15	27	0.012330	4.310120
1100	0.15	24	0.012455	4.212097
1100	0.15	21	0.012064	5.002075
1100	0.15	22	0.012645	4.540955
1100	0.15	23	0.015890	4.373230
1100	0.15	27	0.011597	3.354675
1100	0.15	22	0.016453	5.533142
1100	0.15	26	0.011996	3.636169
1100	0.15	22	0.011851	4.103088
1100	0.15	29	0.012063	3.918640
1100	0.15	25	0.019120	3.871094
1100	0.15	31	0.011592	2.944153
1100	0.15	26	0.012109	3.993774
1100	0.15	28	0.015450	3.553894
1100	0.15	27	0.011462	3.797058
1100	0.15	25	0.012526	4.276917

1200	0.15	27	0.013945	4.366577
1200	0.15	23	0.013914	5.368225
1200	0.15	27	0.013378	4.731873
1200	0.15	32	0.012527	3.704529
1200	0.15	29	0.012396	3.738281
1200	0.15	25	0.012954	4.318359
1200	0.15	26	0.013307	4.101868
1200	0.15	23	0.014147	6.112610
1200	0.15	22	0.014244	6.155823
1200	0.15	22	0.013780	5.777771
1200	0.15	28	0.013328	4.632202
1200	0.15	22	0.013722	5.451538
1200	0.15	20	0.013704	5.563110
1200	0.15	27	0.013349	4.831299
1200	0.15	24	0.013330	4.535950
1200	0.15	26	0.013523	4.653564
1200	0.15	29	0.013393	4.532532
1200	0.15	24	0.025991	5.218689
1200	0.15	19	0.014145	6.200439
1200	0.15	21	0.013820	5.436707
1200	0.15	27	0.022328	4.601013
1200	0.15	27	0.013521	4.608582
1200	0.15	25	0.013864	5.393250
1200	0.15	16	0.015662	8.377563
1200	0.15	27	0.012948	4.569031
1200	0.15	23	0.013724	5.144165
1200	0.15	21	0.013471	4.753479
1200	0.15	23	0.028623	5.732727
1200	0.15	26	0.013088	4.577209
1200	0.15	27	0.013489	5.210022

1300	0.15	27	0.016539	6.265686
1300	0.15	26	0.014455	5.003113
1300	0.15	27	0.014528	4.782959
1300	0.15	29	0.013925	4.778015
1300	0.15	26	0.014880	5.772583
1300	0.15	19	0.016026	8.086975
1300	0.15	25	0.015076	6.117188
1300	0.15	25	0.014612	5.666199
1300	0.15	21	0.015626	7.270447
1300	0.15	24	0.025737	5.704102
1300	0.15	25	0.014473	5.438416
1300	0.15	23	0.017322	8.072937
1300	0.15	23	0.015578	6.464966
1300	0.15	24	0.014764	5.842102
1300	0.15	29	0.026631	5.698242
1300	0.15	24	0.015355	6.582275
1300	0.15	24	0.014572	5.542480
1300	0.15	25	0.048698	6.643372
1300	0.15	30	0.027588	4.532593
1300	0.15	25	0.014618	4.933472
1300	0.15	27	0.014620	5.213623
1300	0.15	27	0.015727	5.265320
1300	0.15	23	0.033630	6.663574
1300	0.15	21	0.017491	6.597778
1300	0.15	30	0.014878	5.273315
1300	0.15	20	0.016492	7.635254
1300	0.15	28	0.014612	5.228516
1300	0.15	27	0.014924	6.175049
1300	0.15	28	0.014617	5.191467
1300	0.15	25	0.015049	6.219788

1400	0.15	27	0.015623	5.438599
1400	0.15	26	0.015643	5.867859
1400	0.15	23	0.016086	6.368225
1400	0.15	21	0.016063	7.364807
1400	0.15	27	0.016429	6.838135
1400	0.15	25	0.017258	8.131348
1400	0.15	28	0.016328	5.663696
1400	0.15	28	0.015539	5.371521
1400	0.15	26	0.016374	6.455017
1400	0.15	24	0.018094	9.683044
1400	0.15	27	0.016213	5.768860
1400	0.15	28	0.015979	6.472107
1400	0.15	31	0.015366	5.596497
1400	0.15	21	0.017914	9.122375
1400	0.15	26	0.016148	5.647095
1400	0.15	21	0.019107	9.779480
1400	0.15	27	0.016340	6.996094
1400	0.15	24	0.017046	7.791809
1400	0.15	31	0.015966	5.404663
1400	0.15	31	0.015305	5.093384
1400	0.15	21	0.016935	6.792053
1400	0.15	30	0.015601	5.340820
1400	0.15	28	0.016083	5.987183
1400	0.15	31	0.015085	4.818848
1400	0.15	30	0.015050	4.925781
1400	0.15	27	0.015701	6.292847
1400	0.15	28	0.028548	5.948669
1400	0.15	30	0.015745	5.537720
1400	0.15	24	0.016859	7.382874
1400	0.15	24	0.016379	7.369873

1500	0.15	27	0.018342	6.787170
1500	0.15	20	0.039127	10.482910
1500	0.15	29	0.035254	6.425598
1500	0.15	24	0.017904	7.982666
1500	0.15	32	0.017672	6.567017
1500	0.15	27	0.033047	6.723877
1500	0.15	24	0.055032	9.190063
1500	0.15	28	0.027489	7.114319
1500	0.15	30	0.018639	7.428711
1500	0.15	28	0.017860	6.850708
1500	0.15	25	0.019985	8.296143
1500	0.15	26	0.017565	6.890320
1500	0.15	28	0.017795	6.819885
1500	0.15	28	0.017578	6.628479
1500	0.15	21	0.022795	8.025452
1500	0.15	27	0.017783	7.201294
1500	0.15	31	0.017658	7.038391
1500	0.15	27	0.017728	7.125854
1500	0.15	28	0.018069	7.645203
1500	0.15	23	0.018900	8.953064
1500	0.15	25	0.017732	8.323364
1500	0.15	26	0.018129	7.798889
1500	0.15	25	0.018367	7.150635
1500	0.15	25	0.018582	8.239258
1500	0.15	28	0.032267	5.989136
1500	0.15	26	0.017488	7.168091
1500	0.15	27	0.017934	7.921082
1500	0.15	18	0.020341	12.134888
1500	0.15	30	0.017148	5.943787
1500	0.15	26	0.017513	6.857605

1600	0.15	28	0.020215	7.101440
1600	0.15	21	0.021776	11.228333
1600	0.15	27	0.020264	9.057312
1600	0.15	25	0.019632	8.351196
1600	0.15	28	0.019614	8.530701
1600	0.15	22	0.020592	9.770752
1600	0.15	29	0.019122	7.836426
1600	0.15	26	0.020756	9.182251
1600	0.15	25	0.018886	7.298706
1600	0.15	26	0.018535	7.190796
1600	0.15	23	0.027762	9.324524
1600	0.15	29	0.018370	7.542114
1600	0.15	30	0.018764	7.161316
1600	0.15	25	0.019514	8.971069
1600	0.15	32	0.018662	6.689697
1600	0.15	27	0.019674	8.036560
1600	0.15	23	0.021714	10.924011
1600	0.15	26	0.019953	9.015686
1600	0.15	29	0.019091	7.896362
1600	0.15	29	0.020006	8.912292
1600	0.15	23	0.020503	9.991089
1600	0.15	28	0.019759	8.350464
1600	0.15	29	0.019586	8.620056
1600	0.15	26	0.019992	10.484680
1600	0.15	19	0.021898	13.443420
1600	0.15	28	0.019254	7.984558
1600	0.15	22	0.019791	9.426147
1600	0.15	26	0.018782	7.887451
1600	0.15	28	0.019754	8.794922
1600	0.15	27	0.019675	8.250122

1700	0.15	27	0.021700	8.986206
1700	0.15	28	0.021569	9.500427
1700	0.15	25	0.022356	10.977661
1700	0.15	26	0.022168	10.761353
1700	0.15	24	0.029074	10.936157
1700	0.15	26	0.022015	10.458252
1700	0.15	26	0.020792	9.717102
1700	0.15	27	0.020597	8.945862
1700	0.15	29	0.020716	8.372131
1700	0.15	29	0.020752	8.729492
1700	0.15	27	0.021309	10.416260
1700	0.15	34	0.020333	7.589783
1700	0.15	29	0.020579	8.476196
1700	0.15	25	0.021835	9.907349
1700	0.15	24	0.022565	11.711304
1700	0.15	33	0.019940	7.286743
1700	0.15	28	0.021863	10.183838
1700	0.15	26	0.021438	8.885559
1700	0.15	27	0.021466	8.938538
1700	0.15	27	0.029412	9.270386
1700	0.15	26	0.020740	9.041992
1700	0.15	29	0.020903	8.992859
1700	0.15	25	0.022392	12.044189
1700	0.15	23	0.022590	11.487366
1700	0.15	25	0.022691	10.907959
1700	0.15	28	0.021706	10.031189
1700	0.15	24	0.021516	10.335327
1700	0.15	30	0.020714	8.648254
1700	0.15	22	0.022082	11.104187
1700	0.15	29	0.020850	8.687012

1800	0.15	27	0.023763	10.532410
1800	0.15	24	0.023573	12.400208
1800	0.15	29	0.023687	10.493713
1800	0.15	24	0.023868	11.325867
1800	0.15	25	0.021948	9.163208
1800	0.15	23	0.023366	11.128052
1800	0.15	30	0.021182	8.453552
1800	0.15	23	0.025840	14.581055
1800	0.15	24	0.032384	11.751831
1800	0.15	30	0.022036	9.415466
1800	0.15	22	0.023325	12.192932
1800	0.15	28	0.022766	10.700439
1800	0.15	27	0.022964	11.506836
1800	0.15	23	0.023858	12.731262
1800	0.15	31	0.022397	9.575745
1800	0.15	24	0.027065	14.948608
1800	0.15	28	0.022694	9.892578
1800	0.15	30	0.022107	9.449219
1800	0.15	25	0.027297	15.111206
1800	0.15	29	0.023502	9.582153
1800	0.15	23	0.027735	14.547363
1800	0.15	33	0.021720	8.179749
1800	0.15	23	0.024425	11.385620
1800	0.15	26	0.027055	9.462708
1800	0.15	29	0.023459	11.185791
1800	0.15	25	0.023295	11.771912
1800	0.15	28	0.022971	10.424683
1800	0.15	27	0.023322	10.564636
1800	0.15	24	0.026355	14.973145
1800	0.15	26	0.023391	11.016907

1900	0.15	28	0.030133	16.870789
1900	0.15	25	0.026085	13.603088
1900	0.15	30	0.024700	11.329041
1900	0.15	22	0.026451	14.840393
1900	0.15	23	0.026598	15.592529
1900	0.15	22	0.025722	14.940002
1900	0.15	30	0.023731	11.327576
1900	0.15	29	0.024185	11.109680
1900	0.15	28	0.026076	11.090149
1900	0.15	27	0.040673	10.789062
1900	0.15	27	0.024739	12.107727
1900	0.15	28	0.023869	10.811096
1900	0.15	28	0.025859	12.845154
1900	0.15	25	0.026701	14.042908
1900	0.15	32	0.024306	10.908875
1900	0.15	30	0.024942	11.878845
1900	0.15	26	0.026294	14.156555
1900	0.15	25	0.025112	14.310974
1900	0.15	29	0.025202	12.503479
1900	0.15	31	0.024365	10.842773
1900	0.15	25	0.025735	14.518616
1900	0.15	26	0.037422	11.665833
1900	0.15	22	0.027650	15.078796
1900	0.15	26	0.026210	13.420654
1900	0.15	23	0.025254	12.627808
1900	0.15	31	0.024188	11.299011
1900	0.15	29	0.026072	13.006592
1900	0.15	25	0.026530	13.605713
1900	0.15	30	0.042936	9.979492
1900	0.15	30	0.024899	12.529663

2000	0.15	24	0.027776	13.063354
2000	0.15	29	0.029067	15.102173
2000	0.15	29	0.025775	11.729004
2000	0.15	26	0.028223	15.066956
2000	0.15	24	0.028031	16.136353
2000	0.15	30	0.025382	10.816040
2000	0.15	25	0.027120	13.448425
2000	0.15	28	0.025227	11.346375
2000	0.15	27	0.026685	13.519836
2000	0.15	29	0.043624	12.324890
2000	0.15	30	0.026013	11.135071
2000	0.15	30	0.025956	11.830994
2000	0.15	25	0.027697	14.862976
2000	0.15	26	0.026941	13.292542
2000	0.15	23	0.028351	15.241516
2000	0.15	22	0.028162	15.468323
2000	0.15	31	0.025143	10.986450
2000	0.15	27	0.027724	14.017212
2000	0.15	29	0.026126	12.823303
2000	0.15	29	0.027337	13.969604
2000	0.15	28	0.027560	14.018616
2000	0.15	23	0.027754	15.679199
2000	0.15	28	0.027164	15.142578
2000	0.15	31	0.025802	11.370667
2000	0.15	25	0.027424	16.152039
2000	0.15	23	0.027759	16.322388
2000	0.15	24	0.028871	15.676819
2000	0.15	30	0.026024	12.567261
2000	0.15	24	0.030083	17.137329
2000	0.15	27	0.027411	13.489319

2100	0.15	23	0.033922	20.453735
2100	0.15	23	0.031620	22.353027
2100	0.15	28	0.028040	13.324890
2100	0.15	27	0.029111	15.237000
2100	0.15	25	0.029786	15.921936
2100	0.15	23	0.035004	21.229431
2100	0.15	25	0.030950	19.233704
2100	0.15	25	0.030080	16.630798
2100	0.15	30	0.038188	14.832336
2100	0.15	27	0.030057	17.688843
2100	0.15	26	0.030079	15.239929
2100	0.15	26	0.028077	14.239258
2100	0.15	27	0.028848	16.821777
2100	0.15	26	0.029668	16.251465
2100	0.15	21	0.034108	20.071228
2100	0.15	26	0.028905	14.396973
2100	0.15	28	0.029589	12.834717
2100	0.15	27	0.028839	15.336731
2100	0.15	31	0.026823	12.859619
2100	0.15	29	0.029748	14.742554
2100	0.15	31	0.028080	13.992004
2100	0.15	26	0.029665	15.347595
2100	0.15	27	0.028210	14.304565
2100	0.15	25	0.030910	19.576782
2100	0.15	31	0.027241	11.851440
2100	0.15	30	0.027448	12.886597
2100	0.15	22	0.030346	19.513855
2100	0.15	20	0.034208	24.088623
2100	0.15	22	0.033623	28.163574
2100	0.15	23	0.030022	18.344116

2200	0.15	27	0.045159	17.559937
2200	0.15	29	0.028873	13.271912
2200	0.15	31	0.030290	14.608521
2200	0.15	29	0.030558	15.559204
2200	0.15	28	0.031737	18.739624
2200	0.15	26	0.032564	18.920227
2200	0.15	31	0.029429	13.836426
2200	0.15	23	0.035649	20.240417
2200	0.15	26	0.030496	15.789307
2200	0.15	31	0.028904	12.883972
2200	0.15	27	0.033442	21.942200
2200	0.15	23	0.031819	19.665649
2200	0.15	28	0.030030	15.523499
2200	0.15	24	0.032042	17.380066
2200	0.15	29	0.030058	14.331360
2200	0.15	25	0.030586	15.444214
2200	0.15	28	0.030129	16.297546
2200	0.15	29	0.029546	14.482117
2200	0.15	29	0.041652	14.340820
2200	0.15	30	0.032123	16.642029
2200	0.15	29	0.028491	13.210449
2200	0.15	25	0.031389	17.448853
2200	0.15	29	0.031489	16.556213
2200	0.15	25	0.031055	16.486206
2200	0.15	26	0.035033	19.623474
2200	0.15	28	0.031035	15.573914
2200	0.15	32	0.029330	14.041016
2200	0.15	29	0.030115	15.375916
2200	0.15	26	0.030262	15.603760
2200	0.15	29	0.032040	18.107605

2300	0.15	28	0.032612	15.998047
2300	0.15	30	0.032717	16.999146
2300	0.15	29	0.031786	17.030029
2300	0.15	26	0.037367	24.160522
2300	0.15	30	0.032670	15.274841
2300	0.15	25	0.034966	20.383240
2300	0.15	27	0.032743	17.437134
2300	0.15	26	0.036338	22.306946
2300	0.15	33	0.031263	14.848022
2300	0.15	23	0.036565	20.808289
2300	0.15	27	0.035367	19.321716
2300	0.15	31	0.032342	16.245544
2300	0.15	29	0.033576	18.445679
2300	0.15	23	0.034984	19.263611
2300	0.15	25	0.038315	25.047729
2300	0.15	25	0.034535	18.418030
2300	0.15	31	0.031407	15.826172
2300	0.15	23	0.035835	20.408508
2300	0.15	25	0.033834	20.294495
2300	0.15	27	0.030418	15.397644
2300	0.15	29	0.037430	17.274597
2300	0.15	24	0.035992	20.968445
2300	0.15	19	0.035795	22.039246
2300	0.15	31	0.031553	16.089783
2300	0.15	28	0.033004	18.072205
2300	0.15	25	0.031893	16.794128
2300	0.15	30	0.032521	17.874878
2300	0.15	31	0.033516	18.258118
2300	0.15	26	0.034521	21.806458
2300	0.15	35	0.034977	18.148743

2400	0.15	29	0.034126	17.347839
2400	0.15	25	0.037621	23.681274
2400	0.15	31	0.032500	15.757385
2400	0.15	33	0.032459	15.850464
2400	0.15	26	0.039428	24.508789
2400	0.15	22	0.037750	24.091431
2400	0.15	24	0.043864	29.655457
2400	0.15	29	0.035821	19.763184
2400	0.15	25	0.036678	19.955322
2400	0.15	33	0.033682	16.444519
2400	0.15	27	0.034504	18.755554
2400	0.15	24	0.036472	21.044983
2400	0.15	30	0.034371	17.951660
2400	0.15	29	0.035660	19.487671
2400	0.15	29	0.035655	19.022461
2400	0.15	26	0.036923	20.296448
2400	0.15	30	0.033718	15.932556
2400	0.15	23	0.037543	26.664307
2400	0.15	30	0.033945	17.534729
2400	0.15	25	0.033829	17.737122
2400	0.15	28	0.034818	18.792725
2400	0.15	31	0.035617	17.983337
2400	0.15	31	0.033524	17.720337
2400	0.15	28	0.034109	19.015930
2400	0.15	21	0.039360	29.185852
2400	0.15	25	0.037488	23.929688
2400	0.15	26	0.037262	22.130249
2400	0.15	34	0.032117	15.112854
2400	0.15	29	0.036072	19.954224
2400	0.15	25	0.035993	19.910034

2500	0.15	34	0.035879	17.214478
2500	0.15	20	0.041709	32.311951
2500	0.15	26	0.040373	24.191467
2500	0.15	29	0.036276	19.851379
2500	0.15	20	0.044803	29.723511
2500	0.15	30	0.039088	16.991943
2500	0.15	30	0.037112	20.160095
2500	0.15	28	0.036594	20.856018
2500	0.15	26	0.035588	18.672729
2500	0.15	30	0.035578	17.807007
2500	0.15	27	0.036619	19.318604
2500	0.15	17	0.041426	28.874390
2500	0.15	29	0.039078	25.099304
2500	0.15	31	0.036792	20.694397
2500	0.15	29	0.037696	23.227234
2500	0.15	25	0.038228	24.127625
2500	0.15	29	0.039897	23.365662
2500	0.15	29	0.037968	17.082947
2500	0.15	29	0.036518	20.047241
2500	0.15	25	0.038837	24.794861
2500	0.15	31	0.038236	21.354675
2500	0.15	30	0.036706	19.385620
2500	0.15	31	0.035679	19.180054
2500	0.15	31	0.037672	20.582947
2500	0.15	32	0.034223	16.499146
2500	0.15	26	0.042533	28.462463
2500	0.15	30	0.039724	20.113464
2500	0.15	28	0.037079	20.331421
2500	0.15	26	0.040548	24.296753
2500	0.15	26	0.036889	21.331726

2600	0.15	30	0.037203	18.732544
2600	0.15	29	0.048907	20.730286
2600	0.15	28	0.037936	20.951599
2600	0.15	27	0.037639	20.645264
2600	0.15	23	0.041080	28.575989
2600	0.15	31	0.039412	22.346252
2600	0.15	33	0.037644	20.400940
2600	0.15	26	0.038418	24.904541
2600	0.15	35	0.037227	19.419678
2600	0.15	30	0.039526	21.121033
2600	0.15	27	0.041304	23.462524
2600	0.15	28	0.040907	23.964966
2600	0.15	26	0.041101	23.162170
2600	0.15	30	0.037163	20.008301
2600	0.15	31	0.040018	23.066162
2600	0.15	31	0.039002	22.065796
2600	0.15	28	0.036565	19.651550
2600	0.15	32	0.038952	20.789246
2600	0.15	28	0.040853	23.328064
2600	0.15	24	0.044740	28.072083
2600	0.15	28	0.041578	25.074646
2600	0.15	28	0.039690	24.821045
2600	0.15	27	0.041867	23.791443
2600	0.15	26	0.041535	25.677673
2600	0.15	29	0.040042	22.589478
2600	0.15	30	0.035580	16.947510
2600	0.15	29	0.039434	24.310181
2600	0.15	22	0.038108	24.458618
2600	0.15	25	0.041632	25.063904
2600	0.15	22	0.046575	36.479065

2700	0.15	25	0.050973	35.612000
2700	0.15	30	0.039150	20.885193
2700	0.15	30	0.041251	23.495972
2700	0.15	24	0.042676	29.174866
2700	0.15	31	0.039999	21.982056
2700	0.15	28	0.039792	21.651794
2700	0.15	26	0.047101	30.855225
2700	0.15	28	0.042923	24.917175
2700	0.15	32	0.040175	22.878296
2700	0.15	30	0.040953	21.982117
2700	0.15	24	0.043770	26.545349
2700	0.15	26	0.061526	23.147461
2700	0.15	29	0.040816	24.239319
2700	0.15	26	0.045755	30.368713
2700	0.15	23	0.046827	32.464111
2700	0.15	33	0.039497	21.367615
2700	0.15	28	0.041135	23.674255
2700	0.15	25	0.042398	30.295959
2700	0.15	25	0.045942	31.162354
2700	0.15	30	0.040100	22.670959
2700	0.15	31	0.037706	19.075134
2700	0.15	33	0.039047	20.985718
2700	0.15	30	0.038307	20.250854
2700	0.15	27	0.047274	31.096802
2700	0.15	30	0.041885	23.914001
2700	0.15	28	0.039442	21.508179
2700	0.15	32	0.038338	18.998779
2700	0.15	27	0.040911	24.639709
2700	0.15	33	0.036610	17.799927
2700	0.15	30	0.041181	24.839172

2800	0.15	24	0.059108	42.074829
2800	0.15	29	0.044714	26.991028
2800	0.15	27	0.048360	30.801514
2800	0.15	25	0.047148	30.238953
2800	0.15	28	0.043173	25.510864
2800	0.15	32	0.042194	23.170227
2800	0.15	30	0.041406	23.121338
2800	0.15	33	0.041642	22.104309
2800	0.15	25	0.047281	33.571838
2800	0.15	32	0.042292	23.473877
2800	0.15	29	0.043360	25.018066
2800	0.15	29	0.043124	25.496948
2800	0.15	29	0.042650	23.171509
2800	0.15	32	0.040858	21.530212
2800	0.15	31	0.040258	21.747986
2800	0.15	31	0.041980	22.630249
2800	0.15	25	0.043959	26.628967
2800	0.15	30	0.044370	24.792664
2800	0.15	32	0.043678	24.367371
2800	0.15	31	0.045438	26.966919
2800	0.15	28	0.043878	24.924927
2800	0.15	28	0.042162	24.000977
2800	0.15	32	0.046246	29.023560
2800	0.15	28	0.045169	28.708252
2800	0.15	28	0.042230	25.412109
2800	0.15	27	0.041327	22.179321
2800	0.15	29	0.044210	25.141235
2800	0.15	26	0.047993	33.306396
2800	0.15	31	0.043722	21.782043
2800	0.15	30	0.044553	24.756897

2900	0.15	24	0.050438	37.476440
2900	0.15	32	0.043950	23.968933
2900	0.15	29	0.046247	27.477783
2900	0.15	29	0.046112	28.478943
2900	0.15	29	0.047705	33.401733
2900	0.15	28	0.047194	28.800476
2900	0.15	24	0.053039	41.754333
2900	0.15	31	0.044009	25.838989
2900	0.15	31	0.050284	32.592651
2900	0.15	26	0.051507	31.868958
2900	0.15	24	0.049308	34.328064
2900	0.15	28	0.047201	27.655701
2900	0.15	33	0.043104	23.615662
2900	0.15	26	0.048923	29.539490
2900	0.15	30	0.045458	26.346130
2900	0.15	32	0.043717	23.888367
2900	0.15	30	0.045331	27.760437
2900	0.15	24	0.053047	35.274475
2900	0.15	34	0.043809	23.446594
2900	0.15	29	0.047872	28.863953
2900	0.15	29	0.045605	27.834595
2900	0.15	30	0.043699	23.950684
2900	0.15	29	0.049385	29.601013
2900	0.15	28	0.047177	29.009521
2900	0.15	23	0.055348	40.820312
2900	0.15	25	0.045305	29.494202
2900	0.15	26	0.044545	27.412659
2900	0.15	29	0.045621	31.103821
2900	0.15	25	0.050786	31.239563
2900	0.15	26	0.045665	28.106079

3000	0.15	28	0.049327	28.550659
3000	0.15	27	0.046111	26.660522
3000	0.15	31	0.045617	25.429382
3000	0.15	33	0.045698	25.017456
3000	0.15	29	0.045020	25.364624
3000	0.15	30	0.048802	29.939575
3000	0.15	29	0.047877	28.337646
3000	0.15	28	0.047697	29.933350
3000	0.15	31	0.047355	27.688965
3000	0.15	36	0.045786	25.344055
3000	0.15	29	0.048474	29.025146
3000	0.15	29	0.048894	27.486206
3000	0.15	32	0.046141	25.647522
3000	0.15	26	0.058093	41.139038
3000	0.15	32	0.048328	27.801575
3000	0.15	32	0.047590	27.687073
3000	0.15	25	0.051551	34.656677
3000	0.15	28	0.048330	28.745422
3000	0.15	22	0.051864	32.369812
3000	0.15	34	0.044496	23.100830
3000	0.15	25	0.054414	37.729553
3000	0.15	31	0.051039	29.628174
3000	0.15	29	0.048720	29.461243
3000	0.15	31	0.049013	29.576111
3000	0.15	29	0.050234	33.163147
3000	0.15	27	0.045787	27.650024
3000	0.15	32	0.047407	27.388672
3000	0.15	34	0.049887	31.125610
3000	0.15	33	0.045116	24.774536
3000	0.15	30	0.047138	29.399292

