1000	0.2	10	0.000966
1000	0.2	12	0.000876
1000	0.2	14	0.000927
1000	0.2	9	0.000927
1000	0.2	10	0.00093
1000	0.2	8	0.00089
1000	0.2	12	0.001055
1000	0.2	12	0.000941
1000	0.2	11	0.000942
1000	0.2	9	0.000861
1000	0.2	10	0.000934
1000	0.2	12	0.000908
1000	0.2	10	0.000922
1000	0.2	11	0.000917
1000	0.2	9	0.000966
1000	0.2	12	0.000942
1000	0.2	13	0.000919
1000	0.2	13	0.000931
1000	0.2	11	0.000917
1000	0.2	11	0.001051
1000	0.2	11	0.000881
1000	0.2	11	0.000935
1000	0.2	10	0.000921
1000	0.2	8	0.000953
1000	0.2	9	0.001031
1000	0.2	10	0.000945
1000	0.2	10	0.000899
1000	0.2	13	0.000933
1000	0.2	13	0.000937
1000	0.2	10	0.000938

2000	0.2	12	0.00194
2000	0.2	12	0.001871
2000	0.2	11	0.001816
2000	0.2	12	0.001771
2000	0.2	12	0.001742
2000	0.2	13	0.001766
2000	0.2	11	0.00176
2000	0.2	11	0.001757
2000	0.2	9	0.001855
2000	0.2	13	0.001799
2000	0.2	10	0.001764
2000	0.2	16	0.003182
2000	0.2	12	0.001887
2000	0.2	14	0.002015
2000	0.2	11	0.001885
2000	0.2	12	0.0019
2000	0.2	14	0.003856
2000	0.2	14	0.003706
2000	0.2	9	0.003582
2000	0.2	17	0.001776
2000	0.2	13	0.001858
2000	0.2	14	0.001886
2000	0.2	12	0.001865
2000	0.2	10	0.001906
2000	0.2	11	0.001786
2000	0.2	13	0.001793
2000	0.2	11	0.001842
2000	0.2	14	0.001787
2000	0.2	10	0.001814
2000	0.2	12	0.001883

3000	0.2	14	0.002978
3000	0.2	15	0.002723
3000	0.2	15	0.002877
3000	0.2	12	0.005124
3000	0.2	14	0.002774
3000	0.2	16	0.002989
3000	0.2	13	0.002917
3000	0.2	14	0.002934
3000	0.2	12	0.002745
3000	0.2	12	0.002811
3000	0.2	13	0.003108
3000	0.2	7	0.003026
3000	0.2	13	0.002929
3000	0.2	13	0.003016
3000	0.2	10	0.002979
3000	0.2	13	0.002747
3000	0.2	13	0.010129
3000	0.2	14	0.002896
3000	0.2	16	0.002926
3000	0.2	16	0.002998
3000	0.2	15	0.002793
3000	0.2	14	0.002944
3000	0.2	12	0.002783
3000	0.2	16	0.002887
3000	0.2	10	0.002935
3000	0.2	12	0.002928
3000	0.2	14	0.002936
3000	0.2	15	0.002901
3000	0.2	13	0.003017
3000	0.2	14	0.002832

4000	0.2	13	0.004076
4000	0.2	14	0.004051
4000	0.2	11	0.003884
4000	0.2	15	0.003922
4000	0.2	15	0.003997
4000	0.2	14	0.003758
4000	0.2	17	0.003669
4000	0.2	11	0.004056
4000	0.2	12	0.003992
4000	0.2	15	0.004027
4000	0.2	9	0.004232
4000	0.2	11	0.007662
4000	0.2	13	0.006949
4000	0.2	14	0.006532
4000	0.2	13	0.006431
4000	0.2	12	0.004002
4000	0.2	13	0.003981
4000	0.2	14	0.003916
4000	0.2	12	0.003928
4000	0.2	16	0.004016
4000	0.2	13	0.013452
4000	0.2	12	0.004032
4000	0.2	13	0.003948
4000	0.2	14	0.004061
4000	0.2	12	0.003886
4000	0.2	14	0.003766
4000	0.2	14	0.004003
4000	0.2	14	0.003972
4000	0.2	13	0.003756
4000	0.2	14	0.003746

5000	0.2	16	0.006513
5000	0.2	16	0.004786
5000	0.2	14	0.005202
5000	0.2	13	0.005056
5000	0.2	11	0.005102
5000	0.2	13	0.00501
5000	0.2	14	0.005031
5000	0.2	15	0.005215
5000	0.2	16	0.00895
5000	0.2	17	0.005
5000	0.2	17	0.005092
5000	0.2	17	0.005032
5000	0.2	16	0.00511
5000	0.2	13	0.005253
5000	0.2	15	0.004998
5000	0.2	14	0.015062
5000	0.2	17	0.004963
5000	0.2	16	0.00496
5000	0.2	16	0.005111
5000	0.2	12	0.005247
5000	0.2	17	0.004945
5000	0.2	12	0.005377
5000	0.2	14	0.005249
5000	0.2	15	0.005118
5000	0.2	15	0.00491
5000	0.2	15	0.005038
5000	0.2	14	0.004976
5000	0.2	13	0.005015
5000	0.2	16	0.009416
5000	0.2	12	0.005217

6000	0.2	15	0.006827
6000	0.2	16	0.006093
6000	0.2	12	0.01283
6000	0.2	13	0.010784
6000	0.2	14	0.010603
6000	0.2	14	0.010706
6000	0.2	12	0.006141
6000	0.2	14	0.006214
6000	0.2	15	0.00616
6000	0.2	16	0.006253
6000	0.2	10	0.006077
6000	0.2	14	0.005915
6000	0.2	15	0.006046
6000	0.2	14	0.00616
6000	0.2	18	0.005971
6000	0.2	15	0.006075
6000	0.2	13	0.006578
6000	0.2	15	0.006394
6000	0.2	17	0.00602
6000	0.2	15	0.006187
6000	0.2	16	0.00616
6000	0.2	11	0.00673
6000	0.2	15	0.006321
6000	0.2	14	0.005994
6000	0.2	17	0.005921
6000	0.2	17	0.006172
6000	0.2	16	0.00635
6000	0.2	13	0.006217
6000	0.2	12	0.006226
6000	0.2	17	0.010199

7000	0.2	15	0.007643
7000	0.2	18	0.007259
7000	0.2	10	0.007744
7000	0.2	14	0.007355
7000	0.2	13	0.007783
7000	0.2	18	0.007011
7000	0.2	14	0.007491
7000	0.2	15	0.007313
7000	0.2	15	0.007316
7000	0.2	10	0.008326
7000	0.2	16	0.007251
7000	0.2	13	0.01825
7000	0.2	15	0.007048
7000	0.2	15	0.007456
7000	0.2	16	0.007206
7000	0.2	18	0.006784
7000	0.2	16	0.007182
7000	0.2	18	0.007019
7000	0.2	16	0.006905
7000	0.2	16	0.024234
7000	0.2	13	0.012632
7000	0.2	17	0.007171
7000	0.2	12	0.007472
7000	0.2	15	0.007539
7000	0.2	14	0.007664
7000	0.2	17	0.006909
7000	0.2	16	0.007326
7000	0.2	12	0.007199
7000	0.2	15	0.007613
7000	0.2	15	0.007005

8000	0.2	14	0.009124
8000	0.2	13	0.008715
8000	0.2	20	0.008893
8000	0.2	15	0.008466
8000	0.2	19	0.008023
8000	0.2	15	0.008594
8000	0.2	16	0.014523
8000	0.2	16	0.014526
8000	0.2	14	0.013075
8000	0.2	11	0.008845
8000	0.2	19	0.008502
8000	0.2	15	0.008572
8000	0.2	18	0.008547
8000	0.2	12	0.008462
8000	0.2	18	0.008583
8000	0.2	15	0.008664
8000	0.2	17	0.008617
8000	0.2	16	0.008475
8000	0.2	13	0.008586
8000	0.2	17	0.008748
8000	0.2	11	0.03263
8000	0.2	15	0.015006
8000	0.2	18	0.013082
8000	0.2	16	0.00841
8000	0.2	14	0.008558
8000	0.2	14	0.008479
8000	0.2	16	0.019306
8000	0.2	14	0.016499
8000	0.2	16	0.01535
8000	0.2	12	0.012411

9000	0.2	18	0.011835
9000	0.2	16	0.009699
9000	0.2	13	0.009959
9000	0.2	19	0.01012
9000	0.2	13	0.010474
9000	0.2	16	0.010051
9000	0.2	19	0.009637
9000	0.2	17	0.009855
9000	0.2	17	0.010258
9000	0.2	14	0.009942
9000	0.2	17	0.00982
9000	0.2	15	0.009837
9000	0.2	14	0.010155
9000	0.2	14	0.01017
9000	0.2	16	0.009839
9000	0.2	16	0.009542
9000	0.2	11	0.010151
9000	0.2	19	0.009615
9000	0.2	16	0.01781
9000	0.2	11	0.009805
9000	0.2	17	0.009853
9000	0.2	14	0.009545
9000	0.2	16	0.009677
9000	0.2	14	0.020091
9000	0.2	15	0.009895
9000	0.2	14	0.00945
9000	0.2	15	0.010048
9000	0.2	18	0.017178
9000	0.2	14	0.014674
9000	0.2	13	0.010085

10000	0.2	18	0.0117
10000	0.2	18	0.011474
10000	0.2	17	0.011667
10000	0.2	16	0.01111
10000	0.2	15	0.012145
10000	0.2	15	0.010946
10000	0.2	16	0.011324
10000	0.2	15	0.011309
10000	0.2	16	0.018686
10000	0.2	15	0.011149
10000	0.2	13	0.011724
10000	0.2	18	0.011084
10000	0.2	14	0.01186
10000	0.2	15	0.011339
10000	0.2	16	0.011396
10000	0.2	13	0.019634
10000	0.2	15	0.017683
10000	0.2	16	0.011207
10000	0.2	15	0.011026
10000	0.2	15	0.010905
10000	0.2	16	0.011421
10000	0.2	17	0.011191
10000	0.2	16	0.010936
10000	0.2	15	0.011645
10000	0.2	10	0.010953
10000	0.2	13	0.010808
10000	0.2	12	0.011547
10000	0.2	21	0.011572
10000	0.2	17	0.011195
10000	0.2	13	0.011329

11000	0.2	19	0.01291
11000	0.2	16	0.012377
11000	0.2	11	0.013144
11000	0.2	16	0.012367
11000	0.2	18	0.012179
11000	0.2	12	0.013432
11000	0.2	15	0.012281
11000	0.2	14	0.012784
11000	0.2	18	0.024949
11000	0.2	16	0.013721
11000	0.2	18	0.012529
11000	0.2	17	0.01757
11000	0.2	19	0.01247
11000	0.2	17	0.012253
11000	0.2	15	0.013005
11000	0.2	16	0.013053
11000	0.2	12	0.013001
11000	0.2	13	0.026755
11000	0.2	16	0.012793
11000	0.2	18	0.012015
11000	0.2	12	0.014252
11000	0.2	16	0.012074
11000	0.2	15	0.012387
11000	0.2	17	0.012331
11000	0.2	15	0.012791
11000	0.2	19	0.012146
11000	0.2	13	0.01268
11000	0.2	16	0.021533
11000	0.2	16	0.012247
11000	0.2	15	0.02198

12000	0.2	18	0.014883
12000	0.2	16	0.01486
12000	0.2	18	0.014128
12000	0.2	17	0.013573
12000	0.2	19	0.013549
12000	0.2	17	0.013961
12000	0.2	15	0.013818
12000	0.2	15	0.014484
12000	0.2	14	0.014802
12000	0.2	16	0.014326
12000	0.2	19	0.013853
12000	0.2	13	0.014115
12000	0.2	14	0.026289
12000	0.2	18	0.014903
12000	0.2	16	0.013976
12000	0.2	19	0.014022
12000	0.2	19	0.014055
12000	0.2	17	0.014406
12000	0.2	14	0.015171
12000	0.2	16	0.013935
12000	0.2	16	0.013812
12000	0.2	16	0.014577
12000	0.2	17	0.013951
12000	0.2	10	0.015822
12000	0.2	16	0.013883
12000	0.2	14	0.014131
12000	0.2	16	0.013916
12000	0.2	14	0.014515
12000	0.2	16	0.01394
12000	0.2	16	0.014659

13000	0.2	16	0.016808
13000	0.2	19	0.015594
13000	0.2	18	0.015328
13000	0.2	18	0.014961
13000	0.2	17	0.015652
13000	0.2	13	0.031899
13000	0.2	16	0.02057
13000	0.2	16	0.015748
13000	0.2	14	0.016293
13000	0.2	18	0.015923
13000	0.2	14	0.015371
13000	0.2	15	0.025819
13000	0.2	14	0.016157
13000	0.2	16	0.015275
13000	0.2	16	0.015385
13000	0.2	15	0.042947
13000	0.2	18	0.015137
13000	0.2	16	0.016866
13000	0.2	17	0.025255
13000	0.2	17	0.015268
13000	0.2	19	0.015201
13000	0.2	16	0.015239
13000	0.2	15	0.016881
13000	0.2	14	0.017008
13000	0.2	20	0.01557
13000	0.2	15	0.016511
13000	0.2	20	0.015557
13000	0.2	15	0.015506
13000	0.2	17	0.016357
13000	0.2	17	0.016286

14000	0.2	17	0.017546
14000	0.2	16	0.016469
14000	0.2	15	0.016952
14000	0.2	12	0.016778
14000	0.2	16	0.017365
14000	0.2	13	0.025267
14000	0.2	18	0.016648
14000	0.2	19	0.01661
14000	0.2	18	0.01736
14000	0.2	15	0.031378
14000	0.2	18	0.016769
14000	0.2	18	0.016305
14000	0.2	19	0.016605
14000	0.2	10	0.017579
14000	0.2	15	0.016604
14000	0.2	11	0.020333
14000	0.2	16	0.017095
14000	0.2	15	0.01729
14000	0.2	17	0.016867
14000	0.2	19	0.027294
14000	0.2	17	0.017948
14000	0.2	18	0.016756
14000	0.2	16	0.016801
14000	0.2	20	0.016423
14000	0.2	18	0.016219
14000	0.2	17	0.016928
14000	0.2	16	0.016565
14000	0.2	19	0.01624
14000	0.2	17	0.018485
14000	0.2	15	0.017195

15000	0.2	18	0.0186
15000	0.2	12	0.01998
15000	0.2	20	0.018285
15000	0.2	16	0.019122
15000	0.2	18	0.017815
15000	0.2	17	0.018189
15000	0.2	13	0.019501
15000	0.2	19	0.018487
15000	0.2	17	0.019067
15000	0.2	17	0.01988
15000	0.2	16	0.019697
15000	0.2	19	0.018241
15000	0.2	19	0.030589
15000	0.2	17	0.018228
15000	0.2	11	0.019482
15000	0.2	18	0.018717
15000	0.2	18	0.018924
15000	0.2	16	0.018546
15000	0.2	16	0.018568
15000	0.2	15	0.019409
15000	0.2	12	0.018314
15000	0.2	15	0.019088
15000	0.2	14	0.018764
15000	0.2	15	0.020105
15000	0.2	19	0.017901
15000	0.2	19	0.027638
15000	0.2	19	0.018686
15000	0.2	10	0.040411
15000	0.2	19	0.028738
15000	0.2	16	0.018013

16000	0.2	19	0.02111
16000	0.2	12	0.022668
16000	0.2	16	0.020566
16000	0.2	18	0.019765
16000	0.2	17	0.021252
16000	0.2	14	0.021825
16000	0.2	17	0.019934
16000	0.2	16	0.036333
16000	0.2	20	0.019873
16000	0.2	17	0.018959
16000	0.2	14	0.02079
16000	0.2	20	0.019678
16000	0.2	21	0.020493
16000	0.2	14	0.020342
16000	0.2	20	0.019686
16000	0.2	18	0.03658
16000	0.2	13	0.024972
16000	0.2	17	0.020435
16000	0.2	17	0.020174
16000	0.2	16	0.021975
16000	0.2	16	0.025261
16000	0.2	20	0.020845
16000	0.2	18	0.020657
16000	0.2	14	0.020532
16000	0.2	12	0.021171
16000	0.2	18	0.020118
16000	0.2	15	0.020584
16000	0.2	17	0.020302
16000	0.2	19	0.020759
16000	0.2	16	0.020694

17000	0.2	17	0.022839
17000	0.2	19	0.023679
17000	0.2	15	0.023292
17000	0.2	14	0.022451
17000	0.2	15	0.024131
17000	0.2	15	0.022368
17000	0.2	17	0.021314
17000	0.2	19	0.022157
17000	0.2	20	0.021976
17000	0.2	18	0.02193
17000	0.2	19	0.022131
17000	0.2	19	0.021361
17000	0.2	17	0.022543
17000	0.2	16	0.023074
17000	0.2	13	0.024064
17000	0.2	19	0.020859
17000	0.2	15	0.022608
17000	0.2	18	0.021953
17000	0.2	19	0.040647
17000	0.2	19	0.028016
17000	0.2	20	0.021863
17000	0.2	17	0.02233
17000	0.2	15	0.023408
17000	0.2	15	0.023562
17000	0.2	16	0.024689
17000	0.2	17	0.023284
17000	0.2	16	0.022172
17000	0.2	20	0.022483
17000	0.2	15	0.022514
17000	0.2	18	0.022528

18000	0.2	16	0.025204
18000	0.2	15	0.023973
18000	0.2	22	0.024286
18000	0.2	14	0.024256
18000	0.2	16	0.023076
18000	0.2	15	0.024778
18000	0.2	20	0.022442
18000	0.2	12	0.026131
18000	0.2	13	0.024486
18000	0.2	19	0.023596
18000	0.2	13	0.023539
18000	0.2	16	0.023544
18000	0.2	14	0.023463
18000	0.2	17	0.024168
18000	0.2	16	0.037383
18000	0.2	11	0.029299
18000	0.2	17	0.024509
18000	0.2	20	0.023572
18000	0.2	14	0.028382
18000	0.2	17	0.023908
18000	0.2	12	0.030082
18000	0.2	19	0.023784
18000	0.2	15	0.025034
18000	0.2	17	0.023178
18000	0.2	16	0.024966
18000	0.2	16	0.02353
18000	0.2	16	0.024834
18000	0.2	17	0.024793
18000	0.2	15	0.028155
18000	0.2	17	0.024306

19000	0.2	14	0.029542
19000	0.2	14	0.027452
19000	0.2	16	0.027474
19000	0.2	13	0.027273
19000	0.2	16	0.027743
19000	0.2	15	0.025819
19000	0.2	17	0.025239
19000	0.2	20	0.026452
19000	0.2	18	0.025744
19000	0.2	19	0.024705
19000	0.2	17	0.026179
19000	0.2	18	0.025053
19000	0.2	15	0.027503
19000	0.2	16	0.028835
19000	0.2	20	0.02642
19000	0.2	17	0.026567
19000	0.2	15	0.027972
19000	0.2	13	0.02493
19000	0.2	18	0.025754
19000	0.2	20	0.026173
19000	0.2	14	0.026562
19000	0.2	18	0.026529
19000	0.2	13	0.029467
19000	0.2	17	0.027599
19000	0.2	15	0.026226
19000	0.2	17	0.042514
19000	0.2	18	0.027602
19000	0.2	16	0.027484
19000	0.2	21	0.024491
19000	0.2	17	0.025621

20000	0.2	16	0.028217
20000	0.2	16	0.058521
20000	0.2	18	0.029237
20000	0.2	16	0.027935
20000	0.2	16	0.029649
20000	0.2	18	0.026415
20000	0.2	17	0.027974
20000	0.2	19	0.026775
20000	0.2	17	0.030444
20000	0.2	17	0.027917
20000	0.2	20	0.027609
20000	0.2	18	0.026946
20000	0.2	15	0.029367
20000	0.2	15	0.028341
20000	0.2	15	0.029998
20000	0.2	14	0.028518
20000	0.2	19	0.042588
20000	0.2	18	0.029173
20000	0.2	22	0.027525
20000	0.2	18	0.028499
20000	0.2	17	0.029705
20000	0.2	18	0.028853
20000	0.2	17	0.027913
20000	0.2	21	0.027252
20000	0.2	14	0.027898
20000	0.2	14	0.02845
20000	0.2	15	0.029098
20000	0.2	18	0.027502
20000	0.2	15	0.031404
20000	0.2	14	0.027757

21000	0.2	15	0.034104
21000	0.2	9	0.030285
21000	0.2	18	0.028844
21000	0.2	15	0.03074
21000	0.2	16	0.030991
21000	0.2	12	0.039108
21000	0.2	15	0.030773
21000	0.2	15	0.031114
21000	0.2	19	0.031321
21000	0.2	15	0.029619
21000	0.2	18	0.032221
21000	0.2	17	0.029876
21000	0.2	16	0.0305
21000	0.2	16	0.030803
21000	0.2	12	0.037391
21000	0.2	19	0.031111
21000	0.2	18	0.030079
21000	0.2	16	0.031023
21000	0.2	19	0.028744
21000	0.2	19	0.03169
21000	0.2	16	0.029039
21000	0.2	18	0.032391
21000	0.2	19	0.029361
21000	0.2	13	0.030593
21000	0.2	20	0.028721
21000	0.2	17	0.02967
21000	0.2	13	0.03068
21000	0.2	13	0.034939
21000	0.2	13	0.031735
21000	0.2	15	0.030136

22000	0.2	17	0.036168
22000	0.2	18	0.030209
22000	0.2	18	0.032004
22000	0.2	18	0.032641
22000	0.2	18	0.034319
22000	0.2	16	0.034254
22000	0.2	16	0.031193
22000	0.2	14	0.039377
22000	0.2	13	0.031283
22000	0.2	20	0.031029
22000	0.2	16	0.033686
22000	0.2	15	0.033223
22000	0.2	20	0.03122
22000	0.2	15	0.036668
22000	0.2	18	0.033099
22000	0.2	17	0.032618
22000	0.2	15	0.031436
22000	0.2	16	0.031328
22000	0.2	18	0.031006
22000	0.2	17	0.033323
22000	0.2	17	0.029716
22000	0.2	15	0.031127
22000	0.2	20	0.032903
22000	0.2	16	0.032365
22000	0.2	15	0.037992
22000	0.2	17	0.033609
22000	0.2	20	0.031456
22000	0.2	17	0.031094
22000	0.2	16	0.032005
22000	0.2	17	0.032306

23000	0.2	18	0.033875
23000	0.2	16	0.03432
23000	0.2	16	0.034191
23000	0.2	15	0.036667
23000	0.2	18	0.033258
23000	0.2	16	0.039188
23000	0.2	15	0.033579
23000	0.2	16	0.037896
23000	0.2	18	0.032108
23000	0.2	14	0.037111
23000	0.2	18	0.039562
23000	0.2	20	0.046217
23000	0.2	19	0.034674
23000	0.2	15	0.036204
23000	0.2	12	0.038518
23000	0.2	19	0.037098
23000	0.2	20	0.033341
23000	0.2	13	0.035959
23000	0.2	13	0.033679
23000	0.2	21	0.032224
23000	0.2	18	0.034528
23000	0.2	16	0.036201
23000	0.2	12	0.035607
23000	0.2	18	0.033162
23000	0.2	17	0.034367
23000	0.2	17	0.033006
23000	0.2	16	0.034118
23000	0.2	19	0.035115
23000	0.2	14	0.035789
23000	0.2	18	0.037573

24000	0.2	18	0.037541
24000	0.2	15	0.038288
24000	0.2	19	0.034427
24000	0.2	19	0.034459
24000	0.2	12	0.040924
24000	0.2	14	0.038793
24000	0.2	14	0.04515
24000	0.2	16	0.03715
24000	0.2	16	0.038551
24000	0.2	18	0.035936
24000	0.2	19	0.036216
24000	0.2	17	0.038829
24000	0.2	19	0.035792
24000	0.2	20	0.038385
24000	0.2	18	0.037125
24000	0.2	17	0.040121
24000	0.2	19	0.03548
24000	0.2	14	0.036389
24000	0.2	17	0.036684
24000	0.2	20	0.03669
24000	0.2	18	0.037051
24000	0.2	18	0.036548
24000	0.2	18	0.036521
24000	0.2	17	0.033802
24000	0.2	15	0.041336
24000	0.2	17	0.040109
24000	0.2	14	0.039608
24000	0.2	21	0.033687
24000	0.2	17	0.037132
24000	0.2	19	0.036995

25000	0.2	20	0.039625
25000	0.2	12	0.04103
25000	0.2	16	0.042625
25000	0.2	17	0.038142
25000	0.2	12	0.044436
25000	0.2	17	0.035816
25000	0.2	17	0.039762
25000	0.2	15	0.038184
25000	0.2	17	0.036755
25000	0.2	19	0.037945
25000	0.2	18	0.039753
25000	0.2	12	0.040351
25000	0.2	17	0.057106
25000	0.2	19	0.038061
25000	0.2	18	0.038832
25000	0.2	14	0.037535
25000	0.2	16	0.044666
25000	0.2	20	0.037325
25000	0.2	16	0.038593
25000	0.2	16	0.039712
25000	0.2	18	0.04108
25000	0.2	19	0.038666
25000	0.2	17	0.03734
25000	0.2	20	0.041582
25000	0.2	20	0.03679
25000	0.2	12	0.04316
25000	0.2	15	0.036278
25000	0.2	18	0.039455
25000	0.2	15	0.042795
25000	0.2	16	0.039717

26000	0.2	19	0.039947
26000	0.2	18	0.042189
26000	0.2	18	0.039153
26000	0.2	16	0.039523
26000	0.2	14	0.040339
26000	0.2	21	0.041394
26000	0.2	18	0.039481
26000	0.2	18	0.039785
26000	0.2	20	0.039255
26000	0.2	18	0.043633
26000	0.2	18	0.044113
26000	0.2	19	0.044407
26000	0.2	18	0.040151
26000	0.2	20	0.039395
26000	0.2	19	0.041382
26000	0.2	17	0.041249
26000	0.2	17	0.038865
26000	0.2	18	0.043425
26000	0.2	16	0.043273
26000	0.2	14	0.045798
26000	0.2	14	0.042834
26000	0.2	18	0.041869
26000	0.2	16	0.045856
26000	0.2	17	0.043327
26000	0.2	16	0.043334
26000	0.2	20	0.037762
26000	0.2	19	0.040895
26000	0.2	13	0.039855
26000	0.2	18	0.056294
26000	0.2	10	0.0445

27000	0.2	16	0.05283
27000	0.2	21	0.043243
27000	0.2	15	0.046156
27000	0.2	15	0.045127
27000	0.2	20	0.042773
27000	0.2	18	0.041651
27000	0.2	15	0.047602
27000	0.2	19	0.046674
27000	0.2	18	0.042308
27000	0.2	19	0.043802
27000	0.2	14	0.04552
27000	0.2	16	0.041395
27000	0.2	21	0.040252
27000	0.2	14	0.046525
27000	0.2	14	0.049333
27000	0.2	20	0.040849
27000	0.2	18	0.043441
27000	0.2	16	0.043391
27000	0.2	13	0.045965
27000	0.2	17	0.042016
27000	0.2	21	0.039904
27000	0.2	20	0.041448
27000	0.2	21	0.042611
27000	0.2	15	0.047715
27000	0.2	16	0.044033
27000	0.2	19	0.040525
27000	0.2	21	0.042302
27000	0.2	17	0.041877
27000	0.2	20	0.039373
27000	0.2	16	0.04467

28000	0.2	17	0.060128
28000	0.2	15	0.046723
28000	0.2	12	0.052726
28000	0.2	15	0.048924
28000	0.2	17	0.046948
28000	0.2	20	0.04546
28000	0.2	16	0.042708
28000	0.2	20	0.044222
28000	0.2	16	0.047071
28000	0.2	21	0.045183
28000	0.2	18	0.044777
28000	0.2	15	0.04517
28000	0.2	20	0.046826
28000	0.2	20	0.068544
28000	0.2	20	0.043521
28000	0.2	20	0.043395
28000	0.2	17	0.045556
28000	0.2	18	0.047823
28000	0.2	17	0.046851
28000	0.2	16	0.049618
28000	0.2	17	0.047351
28000	0.2	17	0.043916
28000	0.2	19	0.048824
28000	0.2	17	0.047527
28000	0.2	17	0.043321
28000	0.2	21	0.045027
28000	0.2	16	0.047517
28000	0.2	15	0.049786
28000	0.2	20	0.044296
28000	0.2	18	0.04705

29000	0.2	12	0.067219
29000	0.2	19	0.047576
29000	0.2	19	0.049229
29000	0.2	16	0.047415
29000	0.2	18	0.052268
29000	0.2	20	0.05119
29000	0.2	15	0.052529
29000	0.2	21	0.04482
29000	0.2	19	0.055247
29000	0.2	17	0.051909
29000	0.2	15	0.050405
29000	0.2	16	0.049503
29000	0.2	19	0.044106
29000	0.2	16	0.051831
29000	0.2	19	0.047335
29000	0.2	19	0.045843
29000	0.2	18	0.046865
29000	0.2	13	0.055656
29000	0.2	20	0.044351
29000	0.2	18	0.050931
29000	0.2	19	0.047108
29000	0.2	18	0.046849
29000	0.2	16	0.052843
29000	0.2	14	0.049161
29000	0.2	16	0.057277
29000	0.2	14	0.04511
29000	0.2	18	0.046283
29000	0.2	16	0.046316
29000	0.2	15	0.055811
29000	0.2	16	0.047389

30000	0.2	19	0.050328
30000	0.2	17	0.048723
30000	0.2	19	0.048636
30000	0.2	19	0.048502
30000	0.2	18	0.047143
30000	0.2	17	0.0526
30000	0.2	20	0.050642
30000	0.2	17	0.049785
30000	0.2	18	0.051005
30000	0.2	19	0.049669
30000	0.2	19	0.054863
30000	0.2	16	0.053193
30000	0.2	19	0.049959
30000	0.2	16	0.060334
30000	0.2	18	0.050347
30000	0.2	19	0.049695
30000	0.2	17	0.055555
30000	0.2	19	0.05096
30000	0.2	16	0.055255
30000	0.2	21	0.048184
30000	0.2	14	0.055881
30000	0.2	18	0.050607
30000	0.2	17	0.050447
30000	0.2	18	0.050938
30000	0.2	19	0.05078
30000	0.2	20	0.047822
30000	0.2	17	0.050305
30000	0.2	18	0.053111
30000	0.2	21	0.049937
30000	0.2	19	0.048774

