100	0.1	26	0.003260	0.017395
100	0.1	27	0.002826	0.017273
100	0.1	35	0.002467	0.013367
100	0.1	23	0.002346	0.021301
100	0.1	25	0.001986	0.022095
100	0.1	20	0.001842	0.027039
100	0.1	28	0.001824	0.016052
100	0.1	27	0.001728	0.018494
100	0.1	23	0.001680	0.018005
100	0.1	22	0.001608	0.019775
100	0.1	25	0.001518	0.020996
100	0.1	26	0.001426	0.016541
100	0.1	24	0.001364	0.019409
100	0.1	22	0.001357	0.022827
100	0.1	18	0.001518	0.026794
100	0.1	23	0.002569	0.023499
100	0.1	31	0.001979	0.017395
100	0.1	24	0.001348	0.016296
100	0.1	23	0.001488	0.019104
100	0.1	24	0.000912	0.017517
100	0.1	24	0.000886	0.019348
100	0.1	25	0.000893	0.023499
100	0.1	23	0.000897	0.022339
100	0.1	22	0.000855	0.025330
100	0.1	22	0.000886	0.022156
100	0.1	25	0.000910	0.018921
100	0.1	21	0.000891	0.022095
100	0.1	27	0.000887	0.020203
100	0.1	25	0.000829	0.018494
100	0.1	22	0.000836	0.024414

200	0.1	28	0.001832	0.107422
200	0.1	35	0.001784	0.071716
200	0.1	30	0.001788	0.082153
200	0.1	30	0.001729	0.089539
200	0.1	37	0.001638	0.057556
200	0.1	37	0.002905	0.066223
200	0.1	27	0.001746	0.101746
200	0.1	34	0.001786	0.078125
200	0.1	29	0.001775	0.075500
200	0.1	33	0.001703	0.069702
200	0.1	30	0.001869	0.077148
200	0.1	42	0.001718	0.064758
200	0.1	36	0.001670	0.083069
200	0.1	34	0.001774	0.073547
200	0.1	32	0.002711	0.091309
200	0.1	34	0.001790	0.074524
200	0.1	32	0.001663	0.066833
200	0.1	35	0.001767	0.076538
200	0.1	24	0.001785	0.098206
200	0.1	35	0.001723	0.060730
200	0.1	38	0.001759	0.065430
200	0.1	33	0.001743	0.075684
200	0.1	29	0.001652	0.077820
200	0.1	33	0.001704	0.087036
200	0.1	32	0.001656	0.071350
200	0.1	33	0.001784	0.078491
200	0.1	32	0.001680	0.063477
200	0.1	36	0.001686	0.061279
200	0.1	27	0.001674	0.079224
200	0.1	35	0.001648	0.069519

300	0.1	38	0.002783	0.205994
300	0.1	39	0.002543	0.142578
300	0.1	41	0.002498	0.137207
300	0.1	31	0.002597	0.218445
300	0.1	32	0.002542	0.172363
300	0.1	42	0.002833	0.143250
300	0.1	32	0.002682	0.163696
300	0.1	32	0.002534	0.181580
300	0.1	34	0.002691	0.164978
300	0.1	34	0.002581	0.201965
300	0.1	34	0.002748	0.181580
300	0.1	27	0.002600	0.287537
300	0.1	38	0.002515	0.151001
300	0.1	34	0.002546	0.185303
300	0.1	29	0.002721	0.204529
300	0.1	40	0.002580	0.173584
300	0.1	35	0.002668	0.183411
300	0.1	37	0.002699	0.199463
300	0.1	42	0.002697	0.157837
300	0.1	46	0.002548	0.147461
300	0.1	36	0.002596	0.161804
300	0.1	36	0.002558	0.150146
300	0.1	40	0.002552	0.196960
300	0.1	37	0.002537	0.134827
300	0.1	37	0.002516	0.171570
300	0.1	39	0.002700	0.173645
300	0.1	42	0.002548	0.155884
300	0.1	39	0.002529	0.149414
300	0.1	36	0.002569	0.236145
300	0.1	34	0.002514	0.158264

400	0.1	40	0.003721	0.317932
400	0.1	37	0.003495	0.296997
400	0.1	27	0.003572	0.371643
400	0.1	47	0.005418	0.241943
400	0.1	40	0.006166	0.275452
400	0.1	41	0.003407	0.239685
400	0.1	46	0.003377	0.260559
400	0.1	35	0.003520	0.381897
400	0.1	39	0.003634	0.289795
400	0.1	42	0.007148	0.261230
400	0.1	30	0.003821	0.503601
400	0.1	35	0.003615	0.368408
400	0.1	39	0.003678	0.306274
400	0.1	40	0.003419	0.293274
400	0.1	40	0.003462	0.304688
400	0.1	37	0.003418	0.303101
400	0.1	35	0.003695	0.346558
400	0.1	40	0.003381	0.241028
400	0.1	39	0.003503	0.328918
400	0.1	43	0.003430	0.281738
400	0.1	41	0.003475	0.322144
400	0.1	35	0.003472	0.382996
400	0.1	41	0.005628	0.294556
400	0.1	44	0.005890	0.304321
400	0.1	40	0.003656	0.327026
400	0.1	43	0.006182	0.268433
400	0.1	35	0.003684	0.333679
400	0.1	43	0.006471	0.314636
400	0.1	43	0.005869	0.282227
400	0.1	40	0.003416	0.255859

500	0.1	44	0.004759	0.442139
500	0.1	45	0.004620	0.410889
500	0.1	43	0.004368	0.467468
500	0.1	39	0.004434	0.483521
500	0.1	38	0.004453	0.571472
500	0.1	38	0.004399	0.538696
500	0.1	38	0.004712	0.533813
500	0.1	43	0.005677	0.492859
500	0.1	46	0.004278	0.375732
500	0.1	44	0.004266	0.351501
500	0.1	45	0.004334	0.418823
500	0.1	45	0.007611	0.379089
500	0.1	47	0.004557	0.427063
500	0.1	38	0.004442	0.556396
500	0.1	44	0.004333	0.385315
500	0.1	37	0.004380	0.542114
500	0.1	42	0.004354	0.442932
500	0.1	44	0.004300	0.401123
500	0.1	47	0.004338	0.443420
500	0.1	39	0.004669	0.547668
500	0.1	53	0.004329	0.351440
500	0.1	31	0.009391	0.704407
500	0.1	42	0.004345	0.433838
500	0.1	45	0.004315	0.412170
500	0.1	44	0.004379	0.466370
500	0.1	47	0.004365	0.423706
500	0.1	45	0.004486	0.419556
500	0.1	45	0.004418	0.453674
500	0.1	43	0.004585	0.421204
500	0.1	37	0.004471	0.665466

600	0.1	42	0.005730	0.629333
600	0.1	43	0.005385	0.580200
600	0.1	37	0.005918	0.924561
600	0.1	38	0.005480	0.859436
600	0.1	42	0.005399	0.710205
600	0.1	45	0.005296	0.596436
600	0.1	37	0.012468	0.856689
600	0.1	45	0.009823	0.606140
600	0.1	43	0.005591	0.649658
600	0.1	40	0.005592	0.696533
600	0.1	41	0.005454	0.832397
600	0.1	46	0.005273	0.631287
600	0.1	41	0.005348	0.654175
600	0.1	47	0.005427	0.727356
600	0.1	44	0.005386	0.585388
600	0.1	41	0.005421	0.756165
600	0.1	44	0.005477	0.768066
600	0.1	45	0.005371	0.589294
600	0.1	49	0.005231	0.519958
600	0.1	42	0.005375	0.712830
600	0.1	41	0.005280	0.622498
600	0.1	40	0.005503	0.850159
600	0.1	46	0.005281	0.575012
600	0.1	41	0.005412	0.745789
600	0.1	47	0.010722	0.565247
600	0.1	47	0.005491	0.560791
600	0.1	47	0.005341	0.615784
600	0.1	38	0.005437	0.830872
600	0.1	38	0.005483	0.872742
600	0.1	48	0.005294	0.603149

700	0.1	45	0.006862	0.891663
700	0.1	52	0.006661	0.787048
700	0.1	35	0.010660	1.585144
700	0.1	40	0.006537	1.068298
700	0.1	43	0.006416	0.940674
700	0.1	48	0.006162	0.708496
700	0.1	45	0.006779	0.862671
700	0.1	46	0.006284	0.826660
700	0.1	49	0.012863	0.910461
700	0.1	31	0.006879	1.650757
700	0.1	48	0.006557	0.848389
700	0.1	40	0.006665	1.183472
700	0.1	46	0.006324	0.899048
700	0.1	48	0.006589	0.926331
700	0.1	49	0.006320	0.777710
700	0.1	49	0.006276	0.802795
700	0.1	43	0.006319	0.826538
700	0.1	53	0.006104	0.649475
700	0.1	51	0.006406	0.719177
700	0.1	51	0.006615	0.914001
700	0.1	43	0.006327	0.943604
700	0.1	45	0.006395	0.784973
700	0.1	35	0.006422	1.196716
700	0.1	41	0.006536	1.018250
700	0.1	47	0.006409	0.837769
700	0.1	51	0.006208	0.715454
700	0.1	45	0.006404	0.920288
700	0.1	31	0.006537	1.226624
700	0.1	42	0.006498	1.075256
700	0.1	48	0.006349	0.859619

800	0.1	44	0.007804	1.276733
800	0.1	43	0.007657	1.248413
800	0.1	50	0.007366	1.069824
800	0.1	52	0.007416	1.159363
800	0.1	48	0.012063	0.915283
800	0.1	45	0.007634	1.315002
800	0.1	41	0.007472	1.295349
800	0.1	46	0.007375	1.068542
800	0.1	45	0.025231	1.205261
800	0.1	41	0.018143	1.681335
800	0.1	49	0.013312	1.050781
800	0.1	53	0.008448	1.136047
800	0.1	48	0.007464	1.307922
800	0.1	36	0.007857	1.845032
800	0.1	49	0.007368	1.110718
800	0.1	50	0.007399	1.055481
800	0.1	52	0.012874	1.028870
800	0.1	47	0.011776	1.099304
800	0.1	41	0.007496	1.332642
800	0.1	48	0.007464	1.235107
800	0.1	32	0.008039	1.791748
800	0.1	47	0.007320	1.115662
800	0.1	53	0.007595	1.048645
800	0.1	50	0.007428	0.945435
800	0.1	49	0.007681	1.238037
800	0.1	42	0.007433	1.393250
800	0.1	46	0.007522	1.282837
800	0.1	46	0.007622	1.182068
800	0.1	47	0.007563	1.300476
800	0.1	41	0.007694	1.468384

900	0.1	46	0.008656	1.492004
900	0.1	52	0.008468	1.459106
900	0.1	43	0.008505	1.768188
900	0.1	48	0.010999	1.359009
900	0.1	40	0.009243	2.776367
900	0.1	50	0.008225	1.237793
900	0.1	50	0.008282	1.174622
900	0.1	52	0.008479	1.510681
900	0.1	50	0.019381	1.423645
900	0.1	44	0.015399	1.667969
900	0.1	51	0.008333	1.397339
900	0.1	43	0.008474	1.613953
900	0.1	46	0.009016	1.881714
900	0.1	47	0.008806	1.648499
900	0.1	51	0.008361	1.384277
900	0.1	48	0.008532	1.696472
900	0.1	46	0.009525	2.068420
900	0.1	56	0.008221	1.102173
900	0.1	51	0.029190	1.535767
900	0.1	39	0.019807	2.096191
900	0.1	49	0.008571	1.435425
900	0.1	49	0.008800	1.696289
900	0.1	48	0.015184	1.464600
900	0.1	39	0.008945	1.968689
900	0.1	46	0.008569	1.549866
900	0.1	49	0.008807	1.820740
900	0.1	48	0.008533	1.602905
900	0.1	53	0.008425	1.459778
900	0.1	45	0.008963	1.696777
900	0.1	48	0.008601	1.734131

1000	0.1	51	0.009917	1.724060
1000	0.1	51	0.009892	1.552002
1000	0.1	47	0.009664	1.995789
1000	0.1	51	0.009424	1.574219
1000	0.1	46	0.010156	2.130676
1000	0.1	44	0.009879	2.384521
1000	0.1	48	0.009817	2.023926
1000	0.1	45	0.009888	2.123779
1000	0.1	45	0.009620	1.980713
1000	0.1	44	0.009820	1.888489
1000	0.1	45	0.009748	2.032837
1000	0.1	57	0.009436	1.611084
1000	0.1	44	0.010150	2.281128
1000	0.1	53	0.009524	1.628967
1000	0.1	45	0.013709	1.949829
1000	0.1	40	0.009995	2.539062
1000	0.1	46	0.009713	2.149902
1000	0.1	45	0.009620	2.338440
1000	0.1	49	0.011084	1.977966
1000	0.1	54	0.009640	1.632629
1000	0.1	48	0.009617	1.848389
1000	0.1	48	0.009680	1.781433
1000	0.1	48	0.009421	1.774963
1000	0.1	50	0.009760	1.945557
1000	0.1	43	0.010155	2.872803
1000	0.1	44	0.010050	2.217285
1000	0.1	44	0.009952	2.089539
1000	0.1	57	0.009568	1.617615
1000	0.1	50	0.016431	1.803528
1000	0.1	35	0.010478	2.732422

1100	0.1	64	0.010889	1.572937
1100	0.1	52	0.010929	2.329956
1100	0.1	41	0.012350	3.630432
1100	0.1	48	0.010932	2.234802
1100	0.1	51	0.013702	1.970337
1100	0.1	41	0.011264	3.223206
1100	0.1	56	0.019925	1.952087
1100	0.1	44	0.015746	2.869324
1100	0.1	56	0.010558	1.786926
1100	0.1	51	0.010910	2.283447
1100	0.1	49	0.010825	2.137451
1100	0.1	55	0.010812	2.116455
1100	0.1	54	0.018295	1.947632
1100	0.1	53	0.034682	2.038025
1100	0.1	45	0.022000	2.344482
1100	0.1	51	0.014891	2.238892
1100	0.1	41	0.010948	2.711182
1100	0.1	44	0.011082	2.572937
1100	0.1	48	0.011037	2.345093
1100	0.1	55	0.010504	1.812012
1100	0.1	44	0.011484	2.979858
1100	0.1	54	0.010580	2.077209
1100	0.1	46	0.010775	2.404785
1100	0.1	50	0.018093	2.281494
1100	0.1	51	0.012428	2.215210
1100	0.1	55	0.010208	1.586853
1100	0.1	47	0.010639	2.122375
1100	0.1	52	0.010373	1.874451
1100	0.1	50	0.010663	2.193237
1100	0.1	43	0.011034	2.365723

1200	0.1	52	0.012625	2.354492
1200	0.1	47	0.012105	2.931824
1200	0.1	54	0.011949	2.432434
1200	0.1	59	0.011498	2.036865
1200	0.1	61	0.011486	2.073914
1200	0.1	50	0.011896	2.350403
1200	0.1	53	0.011610	2.230347
1200	0.1	47	0.012353	3.293701
1200	0.1	45	0.012618	3.644836
1200	0.1	45	0.012067	3.267334
1200	0.1	54	0.011962	2.587769
1200	0.1	44	0.021867	3.228882
1200	0.1	45	0.012027	3.277222
1200	0.1	56	0.011725	2.524841
1200	0.1	49	0.011887	2.514832
1200	0.1	54	0.011946	2.553650
1200	0.1	56	0.019498	2.464355
1200	0.1	51	0.012123	2.890381
1200	0.1	44	0.019935	3.481079
1200	0.1	44	0.012171	3.082458
1200	0.1	51	0.031585	2.596252
1200	0.1	56	0.012052	2.494263
1200	0.1	48	0.037699	3.045349
1200	0.1	35	0.013645	5.102661
1200	0.1	51	0.011868	2.497559
1200	0.1	48	0.011908	3.086060
1200	0.1	44	0.012121	2.904724
1200	0.1	46	0.012222	3.299683
1200	0.1	50	0.011822	2.558960
1200	0.1	48	0.012067	2.862061

1300	0.1	56	0.014553	3.398926
1300	0.1	53	0.012486	2.814453
1300	0.1	55	0.012875	2.608826
1300	0.1	57	0.016945	2.672607
1300	0.1	53	0.022143	3.124939
1300	0.1	43	0.014532	4.804626
1300	0.1	56	0.013552	3.309570
1300	0.1	50	0.013025	3.127747
1300	0.1	45	0.013405	4.064392
1300	0.1	50	0.013266	3.291443
1300	0.1	51	0.012758	3.108826
1300	0.1	46	0.014255	4.178528
1300	0.1	44	0.013036	3.493103
1300	0.1	49	0.021570	3.336121
1300	0.1	56	0.013184	3.164429
1300	0.1	47	0.013654	3.517639
1300	0.1	50	0.013177	3.306946
1300	0.1	47	0.013515	3.519897
1300	0.1	57	0.012375	2.591064
1300	0.1	50	0.012655	2.826538
1300	0.1	53	0.012935	3.053406
1300	0.1	54	0.012866	2.979004
1300	0.1	47	0.013599	3.767700
1300	0.1	42	0.022769	3.572205
1300	0.1	55	0.013855	2.856873
1300	0.1	43	0.013945	4.650330
1300	0.1	52	0.013149	2.949280
1300	0.1	50	0.013278	3.319336
1300	0.1	54	0.012577	2.936707
1300	0.1	53	0.013284	3.300049

1400	0.1	59	0.014892	2.939697
1400	0.1	50	0.014120	3.258118
1400	0.1	49	0.014445	3.769348
1400	0.1	43	0.014634	4.536621
1400	0.1	50	0.014037	3.858337
1400	0.1	49	0.015192	4.880554
1400	0.1	54	0.014015	3.235352
1400	0.1	56	0.013709	3.122192
1400	0.1	52	0.014368	3.386902
1400	0.1	45	0.015506	5.468079
1400	0.1	55	0.013990	3.245300
1400	0.1	56	0.014777	4.052856
1400	0.1	57	0.013912	3.107117
1400	0.1	39	0.015255	5.632385
1400	0.1	56	0.014398	3.325867
1400	0.1	41	0.023998	5.249329
1400	0.1	50	0.016497	4.116638
1400	0.1	44	0.014903	4.350769
1400	0.1	58	0.015733	2.840942
1400	0.1	59	0.013842	2.808777
1400	0.1	45	0.014280	3.891724
1400	0.1	58	0.025202	2.824097
1400	0.1	50	0.016749	3.471313
1400	0.1	64	0.014024	2.705017
1400	0.1	62	0.014639	2.742249
1400	0.1	52	0.014143	3.528076
1400	0.1	54	0.013657	3.247070
1400	0.1	56	0.018580	3.244812
1400	0.1	51	0.015722	3.891479
1400	0.1	44	0.014149	3.952820

1500	0.1	50	0.016116	4.080933
1500	0.1	39	0.016593	5.925110
1500	0.1	58	0.015464	3.555115
1500	0.1	46	0.017014	4.366821
1500	0.1	62	0.015911	3.753296
1500	0.1	51	0.015399	3.801331
1500	0.1	49	0.016227	5.160767
1500	0.1	54	0.015642	3.932556
1500	0.1	57	0.015570	3.928650
1500	0.1	59	0.015384	3.720642
1500	0.1	45	0.016169	4.751526
1500	0.1	58	0.015037	3.968933
1500	0.1	66	0.015026	3.767395
1500	0.1	56	0.015004	3.749756
1500	0.1	42	0.016054	4.968689
1500	0.1	54	0.015477	4.035889
1500	0.1	55	0.015681	4.090088
1500	0.1	54	0.015123	3.952515
1500	0.1	58	0.015307	4.282776
1500	0.1	45	0.016235	4.969604
1500	0.1	46	0.029991	5.078430
1500	0.1	57	0.016089	4.329224
1500	0.1	54	0.018695	4.197998
1500	0.1	49	0.016506	4.671936
1500	0.1	58	0.014968	3.365784
1500	0.1	54	0.015527	4.031616
1500	0.1	56	0.015829	4.466064
1500	0.1	36	0.017198	6.847290
1500	0.1	59	0.015078	3.379639
1500	0.1	58	0.015478	3.953186

1600	0.1	59	0.017002	3.725403
1600	0.1	46	0.018424	6.193970
1600	0.1	52	0.017446	5.126953
1600	0.1	51	0.016959	4.891846
1600	0.1	56	0.016936	4.672546
1600	0.1	47	0.017881	5.498413
1600	0.1	58	0.016627	4.323059
1600	0.1	50	0.016956	4.804688
1600	0.1	60	0.016123	3.989075
1600	0.1	58	0.016555	4.219543
1600	0.1	51	0.017263	5.283936
1600	0.1	60	0.016280	4.241516
1600	0.1	59	0.027111	3.757874
1600	0.1	52	0.016763	5.021606
1600	0.1	63	0.016525	3.676758
1600	0.1	57	0.016778	4.293762
1600	0.1	44	0.018870	6.417175
1600	0.1	48	0.016813	5.062073
1600	0.1	58	0.016408	4.379211
1600	0.1	52	0.016915	4.952759
1600	0.1	48	0.017261	5.610229
1600	0.1	57	0.023745	4.455688
1600	0.1	58	0.016777	4.855347
1600	0.1	46	0.017750	5.892212
1600	0.1	40	0.018564	8.156921
1600	0.1	56	0.016652	4.528625
1600	0.1	49	0.016720	5.064392
1600	0.1	59	0.016465	4.284546
1600	0.1	54	0.016972	4.731140
1600	0.1	53	0.016608	4.826721

1700	0.1	50	0.019229	5.091431
1700	0.1	54	0.018130	4.987366
1700	0.1	51	0.018815	6.390442
1700	0.1	55	0.019315	6.556580
1700	0.1	49	0.018788	5.725403
1700	0.1	46	0.018719	6.236633
1700	0.1	51	0.018381	5.991638
1700	0.1	54	0.017526	4.981567
1700	0.1	65	0.018107	4.599976
1700	0.1	62	0.017876	4.739136
1700	0.1	54	0.018181	5.826416
1700	0.1	61	0.017636	4.200623
1700	0.1	60	0.032756	4.482056
1700	0.1	53	0.018589	5.357544
1700	0.1	50	0.018977	6.130737
1700	0.1	57	0.016869	4.008057
1700	0.1	56	0.018583	5.677002
1700	0.1	57	0.028792	5.255920
1700	0.1	55	0.018091	4.870728
1700	0.1	58	0.018313	4.958923
1700	0.1	55	0.046602	5.136169
1700	0.1	56	0.052934	4.803284
1700	0.1	46	0.029049	6.646423
1700	0.1	47	0.018874	6.557800
1700	0.1	56	0.018839	5.689026
1700	0.1	51	0.018517	5.271545
1700	0.1	54	0.032315	6.052734
1700	0.1	57	0.017920	4.974121
1700	0.1	42	0.018603	6.473083
1700	0.1	61	0.017968	4.645752

1800	0.1	56	0.020555	5.750183
1800	0.1	47	0.019976	7.225952
1800	0.1	58	0.019359	5.844849
1800	0.1	50	0.019989	6.583435
1800	0.1	56	0.019360	5.170654
1800	0.1	55	0.020063	6.197510
1800	0.1	60	0.037937	5.013184
1800	0.1	45	0.021277	8.382812
1800	0.1	50	0.020277	6.727478
1800	0.1	59	0.019162	5.339722
1800	0.1	45	0.020363	7.550598
1800	0.1	51	0.019762	6.263245
1800	0.1	52	0.020088	6.759094
1800	0.1	48	0.020157	7.045593
1800	0.1	66	0.019252	5.142151
1800	0.1	40	0.021973	7.916199
1800	0.1	58	0.019007	5.063538
1800	0.1	56	0.018592	5.058777
1800	0.1	49	0.021318	8.029541
1800	0.1	57	0.019069	5.368225
1800	0.1	43	0.021676	7.510559
1800	0.1	64	0.018162	4.372070
1800	0.1	51	0.020301	6.683777
1800	0.1	57	0.019170	5.456665
1800	0.1	54	0.019272	5.887207
1800	0.1	49	0.020369	6.883850
1800	0.1	54	0.019902	5.341919
1800	0.1	55	0.019836	5.676086
1800	0.1	46	0.021169	7.833313
1800	0.1	59	0.034541	6.203613

1900	0.1	47	0.025160	9.539124
1900	0.1	50	0.022024	7.476501
1900	0.1	56	0.037970	6.010925
1900	0.1	44	0.022798	8.383789
1900	0.1	44	0.022609	8.575806
1900	0.1	48	0.022601	8.489014
1900	0.1	57	0.021061	6.660767
1900	0.1	55	0.020890	6.040894
1900	0.1	58	0.020459	6.371155
1900	0.1	56	0.020277	6.198853
1900	0.1	58	0.021282	6.724243
1900	0.1	58	0.029701	6.128540
1900	0.1	53	0.054171	7.045959
1900	0.1	50	0.025771	7.666992
1900	0.1	63	0.020625	5.760681
1900	0.1	59	0.021852	6.194092
1900	0.1	46	0.021603	7.717224
1900	0.1	47	0.021717	8.667847
1900	0.1	51	0.022079	7.003296
1900	0.1	63	0.020474	5.821045
1900	0.1	49	0.022157	8.374512
1900	0.1	54	0.021197	6.368469
1900	0.1	42	0.022950	8.736572
1900	0.1	56	0.021687	7.553955
1900	0.1	50	0.021717	7.367981
1900	0.1	53	0.020955	6.332581
1900	0.1	56	0.021289	6.802734
1900	0.1	53	0.021479	7.482971
1900	0.1	56	0.020396	5.809387
1900	0.1	58	0.021616	7.097961

2000	0.1	51	0.052478	7.461548
2000	0.1	57	0.023358	8.264771
2000	0.1	58	0.021498	6.007751
2000	0.1	52	0.023283	8.290710
2000	0.1	58	0.023359	8.953735
2000	0.1	63	0.021533	6.185303
2000	0.1	53	0.022389	7.666199
2000	0.1	57	0.022221	6.669250
2000	0.1	58	0.022704	7.402527
2000	0.1	61	0.030363	6.669006
2000	0.1	63	0.021490	5.726807
2000	0.1	62	0.022183	6.795959
2000	0.1	53	0.022652	8.106140
2000	0.1	52	0.022228	7.437439
2000	0.1	49	0.023926	8.827759
2000	0.1	44	0.024113	9.154114
2000	0.1	58	0.021634	6.185364
2000	0.1	55	0.022183	7.589111
2000	0.1	60	0.022026	7.134644
2000	0.1	54	0.022369	7.458862
2000	0.1	55	0.022957	7.434143
2000	0.1	50	0.023411	8.777466
2000	0.1	57	0.023477	8.720459
2000	0.1	66	0.021806	6.285767
2000	0.1	45	0.023860	9.303528
2000	0.1	48	0.041779	9.307922
2000	0.1	48	0.023920	8.856201
2000	0.1	60	0.021893	7.110718
2000	0.1	55	0.025414	9.259766
2000	0.1	50	0.038189	7.823792

2100	0.1	44	0.069916	12.843689
2100	0.1	40	0.032781	13.237305
2100	0.1	62	0.023911	7.989807
2100	0.1	56	0.023802	8.324097
2100	0.1	53	0.025013	9.030090
2100	0.1	46	0.027292	11.405029
2100	0.1	48	0.026157	11.175598
2100	0.1	46	0.025744	9.530823
2100	0.1	55	0.024170	8.372559
2100	0.1	46	0.025074	10.837769
2100	0.1	54	0.023929	8.102844
2100	0.1	55	0.023950	8.276245
2100	0.1	51	0.024796	9.555176
2100	0.1	52	0.024800	9.256470
2100	0.1	41	0.027978	11.457581
2100	0.1	54	0.024447	7.835510
2100	0.1	59	0.022986	6.906433
2100	0.1	58	0.023970	8.394531
2100	0.1	62	0.022743	7.148376
2100	0.1	62	0.023504	7.910828
2100	0.1	54	0.023842	8.007629
2100	0.1	51	0.024249	8.227417
2100	0.1	53	0.023968	8.330200
2100	0.1	49	0.025974	11.214966
2100	0.1	62	0.022613	6.559875
2100	0.1	57	0.023042	6.870483
2100	0.1	47	0.038186	10.928101
2100	0.1	44	0.028111	13.280579
2100	0.1	50	0.028661	15.951477
2100	0.1	49	0.025387	10.508423

2200	0.1	57	0.028298	9.366211
2200	0.1	65	0.033181	7.395935
2200	0.1	60	0.024571	7.789551
2200	0.1	57	0.024564	8.458069
2200	0.1	60	0.026396	10.148071
2200	0.1	51	0.026556	10.178467
2200	0.1	67	0.024931	7.595947
2200	0.1	45	0.027844	11.241272
2200	0.1	55	0.025808	9.545349
2200	0.1	61	0.024682	7.274963
2200	0.1	53	0.035970	12.238464
2200	0.1	50	0.026339	10.766357
2200	0.1	57	0.025417	9.039124
2200	0.1	57	0.025792	9.375549
2200	0.1	59	0.024579	7.585693
2200	0.1	57	0.025489	8.543579
2200	0.1	56	0.025959	9.307678
2200	0.1	58	0.024588	7.962280
2200	0.1	61	0.024521	8.162109
2200	0.1	59	0.042673	9.196777
2200	0.1	58	0.024370	7.970276
2200	0.1	52	0.026599	11.091248
2200	0.1	59	0.027226	9.378174
2200	0.1	57	0.026162	9.569824
2200	0.1	43	0.028058	10.384644
2200	0.1	61	0.025276	8.163513
2200	0.1	60	0.024895	7.619202
2200	0.1	57	0.025692	8.907837
2200	0.1	53	0.025415	8.663330
2200	0.1	54	0.026292	10.050537

2300	0.1	58	0.027583	8.738098
2300	0.1	59	0.026687	9.222900
2300	0.1	54	0.026177	9.236450
2300	0.1	53	0.030186	13.811462
2300	0.1	64	0.025663	8.284424
2300	0.1	50	0.027584	10.393188
2300	0.1	51	0.027231	10.119873
2300	0.1	51	0.029273	11.909058
2300	0.1	63	0.025935	8.306396
2300	0.1	45	0.028792	12.010620
2300	0.1	57	0.028669	9.802185
2300	0.1	59	0.048099	8.910278
2300	0.1	57	0.027635	10.297546
2300	0.1	50	0.027492	10.737732
2300	0.1	44	0.031241	14.959229
2300	0.1	53	0.028210	10.226440
2300	0.1	62	0.026023	8.628662
2300	0.1	49	0.028011	11.707947
2300	0.1	51	0.028681	12.298096
2300	0.1	60	0.025827	8.613953
2300	0.1	61	0.026563	9.554138
2300	0.1	49	0.028889	12.050964
2300	0.1	40	0.029960	13.543945
2300	0.1	59	0.026303	8.707275
2300	0.1	53	0.039028	9.870178
2300	0.1	56	0.026575	9.865479
2300	0.1	52	0.027192	10.032471
2300	0.1	56	0.026712	9.850098
2300	0.1	48	0.028292	12.520996
2300	0.1	56	0.027478	9.869934

2400	0.1	65	0.029238	9.193909
2400	0.1	49	0.030679	13.657349
2400	0.1	61	0.027252	8.747986
2400	0.1	63	0.027000	8.951782
2400	0.1	47	0.031180	14.015564
2400	0.1	48	0.030297	13.468506
2400	0.1	47	0.033263	16.307495
2400	0.1	51	0.028684	11.138123
2400	0.1	54	0.029710	11.421448
2400	0.1	67	0.027667	9.041260
2400	0.1	57	0.028340	10.370300
2400	0.1	55	0.031132	12.065369
2400	0.1	61	0.028722	10.387573
2400	0.1	57	0.029449	10.764832
2400	0.1	57	0.029189	10.559692
2400	0.1	54	0.029409	10.666992
2400	0.1	64	0.027162	8.601318
2400	0.1	44	0.032724	15.276306
2400	0.1	57	0.027590	9.473022
2400	0.1	58	0.027698	9.316650
2400	0.1	56	0.028306	10.276367
2400	0.1	63	0.028267	9.934387
2400	0.1	61	0.028092	9.652161
2400	0.1	56	0.028614	11.597656
2400	0.1	50	0.031740	15.170410
2400	0.1	53	0.029765	12.744873
2400	0.1	48	0.029218	12.070679
2400	0.1	63	0.026533	8.280396
2400	0.1	58	0.029661	10.853699
2400	0.1	51	0.029821	11.800476

2500	0.1	69	0.030101	9.260132
2500	0.1	40	0.034368	17.974426
2500	0.1	47	0.031634	13.014954
2500	0.1	61	0.052353	11.017822
2500	0.1	43	0.035125	17.385010
2500	0.1	64	0.029181	9.819092
2500	0.1	61	0.029419	10.672485
2500	0.1	53	0.030540	12.431274
2500	0.1	59	0.029323	10.953247
2500	0.1	62	0.028850	9.717041
2500	0.1	57	0.028869	10.255127
2500	0.1	41	0.051688	17.987732
2500	0.1	57	0.031619	14.221069
2500	0.1	65	0.029901	11.467407
2500	0.1	58	0.030138	12.658508
2500	0.1	48	0.031872	14.336304
2500	0.1	53	0.031314	12.256775
2500	0.1	65	0.028912	9.385742
2500	0.1	58	0.030005	11.606262
2500	0.1	52	0.031308	13.391907
2500	0.1	57	0.030419	11.497253
2500	0.1	58	0.029489	10.684448
2500	0.1	64	0.029860	11.229126
2500	0.1	61	0.030613	10.971252
2500	0.1	69	0.028339	8.961487
2500	0.1	48	0.032833	14.695251
2500	0.1	63	0.029994	11.727600
2500	0.1	59	0.042568	10.796875
2500	0.1	52	0.031375	12.906372
2500	0.1	54	0.030584	11.957092

2600	0.1	60	0.030758	10.382751
2600	0.1	58	0.031112	11.377258
2600	0.1	56	0.040411	12.152954
2600	0.1	61	0.032183	11.669373
2600	0.1	46	0.062712	17.453918
2600	0.1	61	0.032201	12.603760
2600	0.1	62	0.030860	11.794312
2600	0.1	61	0.031968	14.071533
2600	0.1	64	0.029791	10.569336
2600	0.1	60	0.031369	11.202515
2600	0.1	57	0.032664	12.447205
2600	0.1	54	0.032664	13.515991
2600	0.1	54	0.031997	13.164795
2600	0.1	61	0.030854	11.113037
2600	0.1	66	0.032266	12.414917
2600	0.1	65	0.031553	11.925354
2600	0.1	60	0.030312	11.380920
2600	0.1	63	0.031602	10.849060
2600	0.1	55	0.032252	12.856506
2600	0.1	48	0.034281	15.479553
2600	0.1	52	0.032047	13.015808
2600	0.1	59	0.032168	13.135254
2600	0.1	59	0.032312	12.570679
2600	0.1	48	0.033058	13.976379
2600	0.1	53	0.031564	11.877625
2600	0.1	60	0.029702	9.815613
2600	0.1	59	0.032250	13.653259
2600	0.1	49	0.031814	14.445007
2600	0.1	59	0.033254	13.871216
2600	0.1	41	0.037711	21.260559

2700	0.1	46	0.040446	20.157410
2700	0.1	63	0.032837	11.670288
2700	0.1	59	0.032559	12.123901
2700	0.1	46	0.034841	17.088806
2700	0.1	59	0.032709	12.027039
2700	0.1	62	0.032831	12.279053
2700	0.1	51	0.065482	17.352783
2700	0.1	62	0.033869	13.435730
2700	0.1	63	0.033266	13.304138
2700	0.1	59	0.032887	12.012390
2700	0.1	59	0.035026	15.286377
2700	0.1	58	0.033672	13.356812
2700	0.1	58	0.033690	14.826050
2700	0.1	58	0.036673	16.900208
2700	0.1	51	0.037262	17.466492
2700	0.1	64	0.032481	12.208435
2700	0.1	59	0.033025	12.695374
2700	0.1	53	0.035984	16.945740
2700	0.1	46	0.038004	18.795410
2700	0.1	56	0.033330	13.257874
2700	0.1	67	0.031018	10.944763
2700	0.1	67	0.031944	11.631409
2700	0.1	65	0.031847	11.171326
2700	0.1	44	0.037412	17.948120
2700	0.1	56	0.032914	13.054565
2700	0.1	62	0.032698	12.634644
2700	0.1	69	0.031416	10.252747
2700	0.1	56	0.035168	14.243408
2700	0.1	67	0.030605	9.995056
2700	0.1	55	0.033745	14.225647

2800	0.1	49	0.044605	23.660950
2800	0.1	56	0.035712	14.584290
2800	0.1	48	0.037785	16.477112
2800	0.1	53	0.036676	15.878113
2800	0.1	59	0.034417	13.707153
2800	0.1	62	0.034035	12.903076
2800	0.1	58	0.033733	13.080566
2800	0.1	62	0.033590	12.004944
2800	0.1	48	0.037871	18.746887
2800	0.1	62	0.034057	12.936890
2800	0.1	63	0.034591	13.773376
2800	0.1	60	0.035066	13.999146
2800	0.1	65	0.034292	12.842651
2800	0.1	66	0.034911	12.021606
2800	0.1	63	0.033517	12.395386
2800	0.1	68	0.033744	12.786804
2800	0.1	52	0.041136	15.508362
2800	0.1	59	0.035774	13.665405
2800	0.1	59	0.034307	13.117798
2800	0.1	60	0.035765	15.207153
2800	0.1	60	0.034829	13.244934
2800	0.1	62	0.034565	13.663635
2800	0.1	64	0.035866	15.179810
2800	0.1	55	0.035842	15.478088
2800	0.1	59	0.034803	15.249390
2800	0.1	61	0.041797	12.021606
2800	0.1	56	0.034742	13.606873
2800	0.1	55	0.039613	19.052307
2800	0.1	66	0.033299	11.847900
2800	0.1	58	0.035547	13.530029

2900	0.1	47	0.047850	21.530029
2900	0.1	68	0.034840	12.560242
2900	0.1	58	0.036706	15.145508
2900	0.1	58	0.036920	16.067993
2900	0.1	60	0.038162	17.881531
2900	0.1	56	0.037258	15.593506
2900	0.1	49	0.042919	23.858459
2900	0.1	64	0.036220	14.849670
2900	0.1	66	0.038812	17.126221
2900	0.1	52	0.038765	17.552979
2900	0.1	47	0.041253	19.687805
2900	0.1	54	0.037969	16.059021
2900	0.1	61	0.036268	14.163940
2900	0.1	56	0.038444	16.393616
2900	0.1	62	0.036485	14.742920
2900	0.1	64	0.035634	13.854187
2900	0.1	54	0.037156	15.622559
2900	0.1	44	0.041665	20.369568
2900	0.1	64	0.048528	14.066345
2900	0.1	62	0.036646	15.377258
2900	0.1	60	0.036113	15.151001
2900	0.1	68	0.035396	13.314514
2900	0.1	60	0.037498	15.847473
2900	0.1	53	0.038349	16.612854
2900	0.1	44	0.042601	21.945862
2900	0.1	53	0.043256	17.854004
2900	0.1	57	0.038618	15.848389
2900	0.1	56	0.037604	18.346802
2900	0.1	54	0.039451	17.364014
2900	0.1	54	0.036696	15.952148

3000	0.1	59	0.038217	15.989746
3000	0.1	61	0.037881	15.238708
3000	0.1	65	0.036936	13.931030
3000	0.1	67	0.036528	13.561035
3000	0.1	62	0.036500	14.285278
3000	0.1	62	0.038252	15.863281
3000	0.1	59	0.039352	16.032043
3000	0.1	55	0.039430	17.648560
3000	0.1	66	0.037668	14.752319
3000	0.1	63	0.037264	14.181396
3000	0.1	68	0.037976	15.166565
3000	0.1	60	0.038687	15.276672
3000	0.1	67	0.036808	13.825256
3000	0.1	51	0.043746	22.591370
3000	0.1	63	0.037002	14.552368
3000	0.1	61	0.037972	15.784302
3000	0.1	50	0.040101	18.709534
3000	0.1	59	0.039225	16.296509
3000	0.1	52	0.040742	18.321655
3000	0.1	65	0.037278	12.338867
3000	0.1	51	0.041904	20.969238
3000	0.1	58	0.037606	16.208740
3000	0.1	61	0.039096	16.845703
3000	0.1	60	0.038539	15.898315
3000	0.1	57	0.040599	18.942444
3000	0.1	61	0.037792	16.368225
3000	0.1	62	0.037672	15.210754
3000	0.1	63	0.039506	17.011780
3000	0.1	73	0.036042	13.219055
3000	0.1	66	0.038560	16.737610

