40
31
16.0259907658 32.2379889746
98.6332666301 2.9415416811
61.3805009873 19.6630699778
62.0092345109 97.8091163848
66.9939172666 53.3754214564
49.8918685684 62.6701497656
47.5709945311 78.6945619427
75.7287319928 17.8641869681
49.4522398703 17.8930909773
69.4716402647 31.6607698581
68.7450173061 39.5972843747
96.7913390527 50.1892896425
87.0551563376 1.44078495097
91.6648509526 88.572645107
69.0782155382 19.5828643763
37.9246227918 42.2880541084
48.7688580516 47.2883233333
77.731296586 36.8499771578
63.3894802481 41.5285413311
9.25231763529 46.8511741562
26.2171066315 95.6892962991
32.2832295239 51.6434445753
64.5238166808 97.2905692204
16.4059099577 52.7386258385
31.1532667916 65.4142533202
99.4843437206 25.7248498265
2.18563889288 34.0277610906
27.6907105348 57.3505759122
98.37853211 9.85911910493
91.4653601844 76.9635936976
39.8228506475 97.0242927725
71.4173162627 72.2139510398
21.9528878134 32.0871654358
74.8155393971 66.8774731691
91.6929634302 21.5338818863
65.565791126 4.02345755233
6.97462356451 29.4637312933
10.1555733173 4.30903311048
81.3316111968 33.1508635803
74.9703048037 17.0681390668
3.30748283397 89.9186089403
55.0410915166 43.3355353829
52.6933657682 10.6619321888
56.9334250541 31.3550622951
95.175633757 7.34310778477
5.1045693538 10.2693079299
56.0623470881 95.7144135378
17.8091728444 28.9669217831
71.5880876823 87.4988130796
52.5591454069 79.1251208704
27.5441098012 82.8322568229
17.3831454812 7.30772575457
0.0139886119177 51.6408822313
35.5127916394 90.0016809095
89.898027401 7.03411957707
41.8133575822 65.0820023349
23.9670561055 13.8842348269
70.5256523768 19.1793259571
30.31126195 40.8371129589
79.7317339893 92.6797276215
88.1972478456 51.1672306
20.4746434791 70.7104987964
6.83776254203 62.240965788
19.2721142147 35.5341650043
47.1719607501 55.7249482239
91.1424324664 26.9528047787
56.9718303452 98.1503610938
45.7898952715 63.1364738255
62.7265812723 74.9478212485
42.8675388036 27.4677172111
32.8257884779 12.0628928418
6.21356823911 99.0114858282
70.1317666587 24.3068206709
76.5004962353 41.662848641
8.20539829211 69.4670980217
53.5950971866 96.7604222064
36.0726230212 4.86199010861
13.1494177229 43.5549904262
39.3819420469 74.7357801926
93.817178109 97.9378413851
55.7260382284 94.6314087896
92.9296902651 7.69276940059
12.1122729418 2.82348876749
46.4122328467 77.9899303432
66.1362123384 76.2795145295
13.1274598035 34.45785435
99.5123713847 14.0591031061
86.7905946238 62.2551046491
55.6328535011 34.9562215729
84.6884135113 90.6811762869
64.890118895 43.4136809568
50.9733803745 68.6202450344
30.2076131752 68.2777172194
28.0627851369 55.5351050391
33.8248459638 71.9101899563
48.4186233632 42.5913537435
17.3453805367 64.9200296181
72.0449195687 87.9058616742
73.160906838 63.7324060429
42.473202139 93.7883765019
