1000	0.3	10	0.008393
1000	0.3	6	0.006659
1000	0.3	7	0.006144
1000	0.3	6	0.008112
1000	0.3	9	0.009116
1000	0.3	8	0.006335
1000	0.3	8	0.008132
1000	0.3	6	0.006117
1000	0.3	7	0.006794
1000	0.3	8	0.005998
1000	0.3	7	0.007276
1000	0.3	8	0.008252
1000	0.3	7	0.009753
1000	0.3	6	0.010443
1000	0.3	6	0.007085
1000	0.3	7	0.009546
1000	0.3	7	0.006495
1000	0.3	6	0.009652
1000	0.3	7	0.006835
1000	0.3	9	0.007600
1000	0.3	8	0.009187
1000	0.3	6	0.009814
1000	0.3	8	0.006706
1000	0.3	7	0.006835
1000	0.3	7	0.006620
1000	0.3	6	0.007363
1000	0.3	8	0.010312
1000	0.3	6	0.006875
1000	0.3	7	0.007049
1000	0.3	8	0.010108

2000	0.3	5	0.022650
2000	0.3	7	0.022734
2000	0.3	6	0.023380
2000	0.3	7	0.030590
2000	0.3	7	0.025536
2000	0.3	7	0.024347
2000	0.3	7	0.025302
2000	0.3	8	0.025172
2000	0.3	7	0.020725
2000	0.3	6	0.023258
2000	0.3	7	0.023702
2000	0.3	6	0.022768
2000	0.3	7	0.024480
2000	0.3	6	0.021981
2000	0.3	8	0.024935
2000	0.3	9	0.021848
2000	0.3	6	0.027804
2000	0.3	9	0.028413
2000	0.3	7	0.025340
2000	0.3	7	0.023230
2000	0.3	7	0.027744
2000	0.3	7	0.024514
2000	0.3	6	0.023708
2000	0.3	6	0.023519
2000	0.3	6	0.022749
2000	0.3	6	0.024749
2000	0.3	6	0.022994
2000	0.3	9	0.026062
2000	0.3	7	0.021759
2000	0.3	8	0.021319

3000	0.3	8	0.058373
3000	0.3	9	0.056287
3000	0.3	7	0.054470
3000	0.3	7	0.048969
3000	0.3	6	0.051118
3000	0.3	9	0.058669
3000	0.3	9	0.052708
3000	0.3	6	0.056146
3000	0.3	5	0.057509
3000	0.3	8	0.055522
3000	0.3	7	0.050485
3000	0.3	7	0.050635
3000	0.3	7	0.055597
3000	0.3	7	0.049305
3000	0.3	8	0.052197
3000	0.3	8	0.058099
3000	0.3	10	0.054246
3000	0.3	6	0.054056
3000	0.3	6	0.052864
3000	0.3	5	0.053407
3000	0.3	6	0.051630
3000	0.3	7	0.047754
3000	0.3	8	0.046807
3000	0.3	6	0.047808
3000	0.3	8	0.051574
3000	0.3	6	0.052582
3000	0.3	8	0.061095
3000	0.3	10	0.052759
3000	0.3	7	0.051385
3000	0.3	8	0.055479

4000	0.3	7	0.095066
4000	0.3	6	0.114079
4000	0.3	8	0.095066
4000	0.3	9	0.091328
4000	0.3	6	0.097109
4000	0.3	7	0.087879
4000	0.3	7	0.083955
4000	0.3	7	0.094225
4000	0.3	6	0.103226
4000	0.3	6	0.091004
4000	0.3	9	0.094859
4000	0.3	7	0.088726
4000	0.3	7	0.094048
4000	0.3	7	0.092078
4000	0.3	6	0.096638
4000	0.3	7	0.095347
4000	0.3	7	0.092690
4000	0.3	13	0.095368
4000	0.3	6	0.097580
4000	0.3	7	0.089430
4000	0.3	9	0.090678
4000	0.3	9	0.104664
4000	0.3	7	0.094414
4000	0.3	7	0.106296
4000	0.3	7	0.093176
4000	0.3	8	0.089876
4000	0.3	7	0.102760
4000	0.3	6	0.110360
4000	0.3	8	0.081767
4000	0.3	6	0.098515

5000	0.3	5	0.125139
5000	0.3	9	0.151041
5000	0.3	8	0.147956
5000	0.3	7	0.145079
5000	0.3	6	0.155554
5000	0.3	6	0.207802
5000	0.3	9	0.160078
5000	0.3	8	0.150970
5000	0.3	9	0.154285
5000	0.3	7	0.175115
5000	0.3	8	0.144863
5000	0.3	8	0.155610
5000	0.3	8	0.150181
5000	0.3	10	0.142349
5000	0.3	8	0.137365
5000	0.3	6	0.149811
5000	0.3	8	0.158727
5000	0.3	9	0.151258
5000	0.3	7	0.149989
5000	0.3	8	0.144661
5000	0.3	8	0.171459
5000	0.3	6	0.161151
5000	0.3	8	0.151144
5000	0.3	5	0.153171
5000	0.3	8	0.168003
5000	0.3	6	0.145592
5000	0.3	6	0.145080
5000	0.3	7	0.147684
5000	0.3	9	0.145824
5000	0.3	7	0.156930

6000	0.3	7	0.222655
6000	0.3	7	0.251110
6000	0.3	8	0.217683
6000	0.3	6	0.204306
6000	0.3	7	0.227764
6000	0.3	8	0.204600
6000	0.3	7	0.220889
6000	0.3	8	0.221702
6000	0.3	7	0.198145
6000	0.3	8	0.223971
6000	0.3	7	0.201574
6000	0.3	6	0.198686
6000	0.3	7	0.220324
6000	0.3	6	0.236009
6000	0.3	6	0.229242
6000	0.3	8	0.222471
6000	0.3	8	0.221973
6000	0.3	7	0.202820
6000	0.3	7	0.228607
6000	0.3	8	0.240953
6000	0.3	7	0.241121
6000	0.3	7	0.229933
6000	0.3	10	0.235570
6000	0.3	9	0.251617
6000	0.3	8	0.283864
6000	0.3	8	0.289958
6000	0.3	8	0.241575
6000	0.3	9	0.249954
6000	0.3	6	0.223243
6000	0.3	6	0.202570

7000	0.3	8	0.297678
7000	0.3	8	0.275207
7000	0.3	6	0.281511
7000	0.3	8	0.278165
7000	0.3	9	0.270293
7000	0.3	6	0.286124
7000	0.3	8	0.275292
7000	0.3	6	0.290028
7000	0.3	7	0.287088
7000	0.3	8	0.314011
7000	0.3	7	0.315993
7000	0.3	8	0.331580
7000	0.3	9	0.303028
7000	0.3	7	0.302651
7000	0.3	7	0.303716
7000	0.3	6	0.305501
7000	0.3	6	0.355772
7000	0.3	6	0.295093
7000	0.3	9	0.290004
7000	0.3	7	0.310880
7000	0.3	8	0.312953
7000	0.3	7	0.305170
7000	0.3	8	0.270776
7000	0.3	7	0.290472
7000	0.3	7	0.322282
7000	0.3	7	0.300817
7000	0.3	8	0.303179
7000	0.3	9	0.303690
7000	0.3	7	0.285859
7000	0.3	7	0.308445

8000	0.3	8	0.333938
8000	0.3	6	0.427303
8000	0.3	8	0.382226
8000	0.3	9	0.391591
8000	0.3	7	0.403698
8000	0.3	6	0.394899
8000	0.3	6	0.435023
8000	0.3	8	0.436237
8000	0.3	6	0.371166
8000	0.3	8	0.385832
8000	0.3	6	0.388459
8000	0.3	6	0.417656
8000	0.3	8	0.429189
8000	0.3	6	0.376940
8000	0.3	7	0.395079
8000	0.3	8	0.411195
8000	0.3	8	0.405593
8000	0.3	7	0.451233
8000	0.3	7	0.390599
8000	0.3	6	0.360064
8000	0.3	6	0.368202
8000	0.3	8	0.378382
8000	0.3	6	0.409373
8000	0.3	7	0.462858
8000	0.3	7	0.374651
8000	0.3	8	0.398709
8000	0.3	7	0.365265
8000	0.3	8	0.397461
8000	0.3	7	0.408760
8000	0.3	7	0.397818

9000	0.3	6	0.548584
9000	0.3	8	0.527646
9000	0.3	7	0.479934
9000	0.3	6	0.461075
9000	0.3	8	0.503182
9000	0.3	7	0.510674
9000	0.3	8	0.520823
9000	0.3	7	0.503517
9000	0.3	6	0.504978
9000	0.3	7	0.512313
9000	0.3	8	0.545950
9000	0.3	6	0.506554
9000	0.3	8	0.490496
9000	0.3	8	0.496415
9000	0.3	5	0.479989
9000	0.3	8	0.484292
9000	0.3	7	0.507610
9000	0.3	7	0.485128
9000	0.3	8	0.608823
9000	0.3	7	0.506994
9000	0.3	9	0.483201
9000	0.3	8	0.478035
9000	0.3	8	0.493424
9000	0.3	7	0.496482
9000	0.3	5	0.520131
9000	0.3	7	0.538885
9000	0.3	6	0.566994
9000	0.3	7	0.556342
9000	0.3	9	0.506611
9000	0.3	5	0.562941

10000	0.3	8	0.676575
10000	0.3	5	0.635185
10000	0.3	7	0.666430
10000	0.3	9	0.673158
10000	0.3	5	0.647948
10000	0.3	9	0.697368
10000	0.3	7	0.728133
10000	0.3	7	0.715234
10000	0.3	7	0.621605
10000	0.3	6	0.749932
10000	0.3	8	0.668721
10000	0.3	9	0.656297
10000	0.3	6	0.706936
10000	0.3	6	0.726904
10000	0.3	7	0.687563
10000	0.3	9	0.641165
10000	0.3	9	0.666319
10000	0.3	6	0.627027
10000	0.3	8	0.626828
10000	0.3	9	0.664334
10000	0.3	9	0.615964
10000	0.3	6	0.646823
10000	0.3	6	0.659497
10000	0.3	8	0.659190
10000	0.3	7	0.666932
10000	0.3	8	0.687888
10000	0.3	6	0.641182
10000	0.3	8	0.606265
10000	0.3	9	0.645256
10000	0.3	7	0.627296

11000	0.3	5	0.733151
11000	0.3	6	0.777615
11000	0.3	8	0.760923
11000	0.3	6	0.800744
11000	0.3	6	0.727407
11000	0.3	6	0.810666
11000	0.3	8	0.791426
11000	0.3	7	0.787524
11000	0.3	7	0.722268
11000	0.3	7	0.721367
11000	0.3	7	0.703168
11000	0.3	5	0.707306
11000	0.3	6	0.722396
11000	0.3	8	0.652499
11000	0.3	7	0.743047
11000	0.3	9	0.709131
11000	0.3	8	0.675707
11000	0.3	7	0.708361
11000	0.3	5	0.691245
11000	0.3	8	0.769355
11000	0.3	8	0.726230
11000	0.3	8	0.782941
11000	0.3	7	0.889320
11000	0.3	7	0.764249
11000	0.3	7	0.654149
11000	0.3	7	0.675402
11000	0.3	7	0.734192
11000	0.3	7	0.755677
11000	0.3	7	0.744426
11000	0.3	7	0.650448

12000	0.3	6	0.861996
12000	0.3	6	0.904251
12000	0.3	8	0.821730
12000	0.3	7	0.886175
12000	0.3	8	0.901308
12000	0.3	9	0.842519
12000	0.3	7	0.909126
12000	0.3	9	0.804224
12000	0.3	6	0.827901
12000	0.3	6	0.942753
12000	0.3	8	0.887299
12000	0.3	6	0.813426
12000	0.3	8	0.859018
12000	0.3	8	0.766499
12000	0.3	7	0.882529
12000	0.3	8	0.865912
12000	0.3	7	0.808481
12000	0.3	5	0.916814
12000	0.3	7	0.834854
12000	0.3	7	0.880016
12000	0.3	7	0.966927
12000	0.3	7	0.978863
12000	0.3	7	0.832914
12000	0.3	7	0.911601
12000	0.3	7	0.900045
12000	0.3	8	0.802284
12000	0.3	6	0.844075
12000	0.3	7	0.881624
12000	0.3	8	0.764943
12000	0.3	6	0.873063

13000	0.3	9	1.032623
13000	0.3	6	1.100411
13000	0.3	6	0.993342
13000	0.3	6	1.008210
13000	0.3	9	1.010202
13000	0.3	7	1.711114
13000	0.3	9	1.050011
13000	0.3	7	0.971649
13000	0.3	6	1.059262
13000	0.3	5	1.050131
13000	0.3	8	0.952870
13000	0.3	8	0.933987
13000	0.3	6	1.037055
13000	0.3	9	1.159441
13000	0.3	8	0.960612
13000	0.3	9	1.032202
13000	0.3	9	0.976487
13000	0.3	8	0.955664
13000	0.3	9	1.015517
13000	0.3	9	0.968100
13000	0.3	8	1.079448
13000	0.3	8	1.092315
13000	0.3	8	0.996094
13000	0.3	7	0.901026
13000	0.3	7	1.052636
13000	0.3	8	0.965838
13000	0.3	7	0.989038
13000	0.3	8	1.023044
13000	0.3	6	1.041910
13000	0.3	7	1.022123

14000	0.3	9	1.186780
14000	0.3	5	1.343569
14000	0.3	8	1.242562
14000	0.3	7	1.107300
14000	0.3	6	1.187188
14000	0.3	8	1.212909
14000	0.3	8	1.152311
14000	0.3	7	1.161295
14000	0.3	7	1.345857
14000	0.3	8	1.213167
14000	0.3	10	1.134429
14000	0.3	5	1.209416
14000	0.3	9	1.097049
14000	0.3	7	1.200728
14000	0.3	5	1.300116
14000	0.3	6	1.307989
14000	0.3	8	1.241042
14000	0.3	7	1.562713
14000	0.3	8	1.265133
14000	0.3	7	1.333526
14000	0.3	6	1.244992
14000	0.3	8	1.163670
14000	0.3	6	1.133807
14000	0.3	6	1.329681
14000	0.3	6	1.296906
14000	0.3	8	1.199442
14000	0.3	6	1.164847
14000	0.3	8	1.155680
14000	0.3	6	1.152651
14000	0.3	9	1.239049

15000	0.3	8	1.422422
15000	0.3	8	1.472367
15000	0.3	5	1.400945
15000	0.3	8	1.379887
15000	0.3	9	1.380958
15000	0.3	10	1.250834
15000	0.3	7	1.439332
15000	0.3	7	1.401561
15000	0.3	7	1.411122
15000	0.3	5	1.526742
15000	0.3	9	1.457843
15000	0.3	9	1.309314
15000	0.3	8	1.320535
15000	0.3	6	1.323517
15000	0.3	7	1.408749
15000	0.3	6	1.433501
15000	0.3	8	1.442688
15000	0.3	6	1.569201
15000	0.3	6	1.397849
15000	0.3	8	1.393595
15000	0.3	8	1.522967
15000	0.3	7	1.545862
15000	0.3	8	1.349079
15000	0.3	8	1.338828
15000	0.3	7	1.362966
15000	0.3	8	1.349408
15000	0.3	9	1.550755
15000	0.3	7	1.364253
15000	0.3	5	1.455522
15000	0.3	6	1.491699

16000	0.3	9	1.589507
16000	0.3	5	1.699441
16000	0.3	7	1.479529
16000	0.3	8	1.712621
16000	0.3	7	1.657001
16000	0.3	9	1.480381
16000	0.3	8	1.640193
16000	0.3	8	1.482761
16000	0.3	7	1.528829
16000	0.3	7	1.533722
16000	0.3	6	1.631040
16000	0.3	8	1.673356
16000	0.3	7	1.692710
16000	0.3	6	1.995552
16000	0.3	8	1.963395
16000	0.3	6	1.681380
16000	0.3	8	1.579878
16000	0.3	7	1.576466
16000	0.3	7	1.555730
16000	0.3	8	1.573899
16000	0.3	8	1.652707
16000	0.3	8	1.520594
16000	0.3	8	1.493954
16000	0.3	7	1.610520
16000	0.3	8	1.464364
16000	0.3	8	1.436441
16000	0.3	9	1.586782
16000	0.3	7	1.820030
16000	0.3	8	1.516369
16000	0.3	10	1.501547

17000	0.3	7	1.809121
17000	0.3	8	1.735096
17000	0.3	7	1.824975
17000	0.3	9	1.694209
17000	0.3	8	1.812041
17000	0.3	9	1.671888
17000	0.3	7	1.839616
17000	0.3	8	1.831234
17000	0.3	7	1.833280
17000	0.3	9	1.906178
17000	0.3	9	1.773329
17000	0.3	8	1.804204
17000	0.3	8	1.974148
17000	0.3	8	1.703493
17000	0.3	6	1.711406
17000	0.3	5	1.880494
17000	0.3	6	1.700067
17000	0.3	7	1.776694
17000	0.3	9	1.966099
17000	0.3	9	1.684274
17000	0.3	7	1.917634
17000	0.3	7	1.760459
17000	0.3	9	1.755506
17000	0.3	7	1.685463
17000	0.3	7	1.859392
17000	0.3	7	1.811939
17000	0.3	7	1.973208
17000	0.3	10	1.633528
17000	0.3	8	1.910019
17000	0.3	7	1.874383

18000	0.3	8	2.064989
18000	0.3	6	2.278903
18000	0.3	8	1.986646
18000	0.3	7	2.227587
18000	0.3	5	2.160063
18000	0.3	8	2.046033
18000	0.3	6	2.094168
18000	0.3	7	1.982031
18000	0.3	6	2.002801
18000	0.3	8	2.090318
18000	0.3	7	2.003982
18000	0.3	6	2.198432
18000	0.3	8	2.013233
18000	0.3	6	2.177720
18000	0.3	7	2.029522
18000	0.3	7	2.133692
18000	0.3	9	2.037542
18000	0.3	11	2.007781
18000	0.3	6	2.239021
18000	0.3	7	2.286609
18000	0.3	5	2.178892
18000	0.3	7	2.109041
18000	0.3	6	2.272037
18000	0.3	7	1.983492
18000	0.3	8	1.914458
18000	0.3	8	2.209313
18000	0.3	7	2.128861
18000	0.3	6	2.114142
18000	0.3	7	2.195770
18000	0.3	8	2.185284

19000	0.3	9	2.306336
19000	0.3	7	2.277557
19000	0.3	6	2.387060
19000	0.3	7	2.482226
19000	0.3	7	2.346321
19000	0.3	7	2.327486
19000	0.3	7	2.222357
19000	0.3	8	2.058559
19000	0.3	8	2.338312
19000	0.3	9	2.214802
19000	0.3	7	2.376364
19000	0.3	8	2.511744
19000	0.3	8	2.243477
19000	0.3	6	2.211410
19000	0.3	8	2.344273
19000	0.3	7	2.391194
19000	0.3	7	2.416664
19000	0.3	7	2.050148
19000	0.3	9	2.300062
19000	0.3	6	2.325205
19000	0.3	6	2.151552
19000	0.3	8	2.142972
19000	0.3	9	2.335978
19000	0.3	7	2.175566
19000	0.3	6	2.226887
19000	0.3	6	2.482570
19000	0.3	5	2.345060
19000	0.3	8	2.743016
19000	0.3	7	2.236495
19000	0.3	5	2.258851

20000	0.3	7	2.542668
20000	0.3	6	2.904440
20000	0.3	10	2.385527
20000	0.3	8	2.951639
20000	0.3	6	2.392636
20000	0.3	8	2.572417
20000	0.3	9	2.467919
20000	0.3	8	2.841867
20000	0.3	8	2.517218
20000	0.3	9	2.376009
20000	0.3	7	2.588670
20000	0.3	6	2.498634
20000	0.3	8	2.350616
20000	0.3	8	2.636826
20000	0.3	7	2.597525
20000	0.3	7	2.515245
20000	0.3	6	2.497328
20000	0.3	7	2.941520
20000	0.3	6	2.809479
20000	0.3	7	3.004780
20000	0.3	6	2.655535
20000	0.3	6	2.741885
20000	0.3	10	2.473686
20000	0.3	5	2.617555
20000	0.3	8	2.417241
20000	0.3	9	2.460893
20000	0.3	9	2.591401
20000	0.3	7	2.643166
20000	0.3	7	2.519556
20000	0.3	9	2.446283

21000	0.3	6	2.726395
21000	0.3	8	2.931316
21000	0.3	9	2.840322
21000	0.3	7	3.126703
21000	0.3	9	2.857840
21000	0.3	6	2.786081
21000	0.3	7	2.827806
21000	0.3	8	2.850860
21000	0.3	8	2.574158
21000	0.3	7	2.942480
21000	0.3	7	2.969090
21000	0.3	9	2.749854
21000	0.3	6	2.812623
21000	0.3	6	3.309809
21000	0.3	7	2.580877
21000	0.3	7	3.094803
21000	0.3	7	2.818864
21000	0.3	9	2.866144
21000	0.3	9	2.949403
21000	0.3	8	2.913318
21000	0.3	8	2.721358
21000	0.3	6	2.963386
21000	0.3	7	2.854611
21000	0.3	7	2.754450
21000	0.3	9	2.607383
21000	0.3	8	2.990578
21000	0.3	7	3.033044
21000	0.3	8	2.724328
21000	0.3	8	2.618981
21000	0.3	7	2.854635

22000	0.3	7	3.194152
22000	0.3	6	3.298622
22000	0.3	6	3.133856
22000	0.3	9	2.879208
22000	0.3	8	2.997175
22000	0.3	7	3.238235
22000	0.3	7	3.420743
22000	0.3	10	3.009736
22000	0.3	8	2.908811
22000	0.3	7	3.134520
22000	0.3	6	3.357806
22000	0.3	8	3.079657
22000	0.3	8	3.658932
22000	0.3	7	3.474218
22000	0.3	8	3.177927
22000	0.3	7	3.623409
22000	0.3	7	3.190683
22000	0.3	8	3.240219
22000	0.3	7	3.352667
22000	0.3	7	3.215294
22000	0.3	9	3.458755
22000	0.3	8	3.437658
22000	0.3	7	3.235211
22000	0.3	7	3.308336
22000	0.3	5	3.089860
22000	0.3	7	3.448678
22000	0.3	6	3.344418
22000	0.3	7	3.184153
22000	0.3	6	3.263844
22000	0.3	6	2.896775

23000	0.3	7	3.366962
23000	0.3	6	3.321790
23000	0.3	8	3.455708
23000	0.3	7	3.740372
23000	0.3	7	3.441907
23000	0.3	8	3.926647
23000	0.3	6	3.445037
23000	0.3	10	3.704834
23000	0.3	6	4.053317
23000	0.3	6	3.804878
23000	0.3	7	3.592665
23000	0.3	9	3.527588
23000	0.3	7	3.251037
23000	0.3	7	3.612788
23000	0.3	7	3.486798
23000	0.3	9	3.401097
23000	0.3	8	3.701714
23000	0.3	6	3.973667
23000	0.3	7	4.047482
23000	0.3	10	3.605129
23000	0.3	10	3.554833
23000	0.3	8	3.545748
23000	0.3	7	3.888636
23000	0.3	7	3.880646
23000	0.3	6	3.628479
23000	0.3	8	3.167909
23000	0.3	6	3.098168
23000	0.3	7	3.578557
23000	0.3	7	3.286632
23000	0.3	6	3.333715

24000	0.3	9	3.936593
24000	0.3	7	3.570214
24000	0.3	9	4.084409
24000	0.3	7	3.738172
24000	0.3	6	3.365108
24000	0.3	8	3.944319
24000	0.3	6	3.869927
24000	0.3	8	3.780016
24000	0.3	7	3.838074
24000	0.3	6	3.713220
24000	0.3	7	3.722692
24000	0.3	7	3.810467
24000	0.3	7	3.825282
24000	0.3	8	3.769210
24000	0.3	8	3.446215
24000	0.3	9	3.521496
24000	0.3	8	3.809184
24000	0.3	9	3.491840
24000	0.3	8	3.678949
24000	0.3	6	3.489024
24000	0.3	6	3.507501
24000	0.3	10	3.761295
24000	0.3	7	3.860551
24000	0.3	8	3.651752
24000	0.3	9	3.438989
24000	0.3	9	3.821954
24000	0.3	7	3.894984
24000	0.3	9	3.540954
24000	0.3	8	3.911230
24000	0.3	6	3.692604

25000	0.3	6	4.473815
25000	0.3	7	4.255963
25000	0.3	7	4.125002
25000	0.3	8	3.913593
25000	0.3	8	4.505393
25000	0.3	7	3.729022
25000	0.3	7	4.236361
25000	0.3	7	3.870176
25000	0.3	6	4.049684
25000	0.3	8	3.949999
25000	0.3	8	4.100885
25000	0.3	7	4.407015
25000	0.3	8	4.397966
25000	0.3	7	4.073353
25000	0.3	6	3.804769
25000	0.3	7	4.113418
25000	0.3	10	4.193324
25000	0.3	7	4.151246
25000	0.3	7	4.132791
25000	0.3	9	3.886750
25000	0.3	6	4.305386
25000	0.3	5	4.400900
25000	0.3	7	3.867041
25000	0.3	7	4.002934
25000	0.3	9	4.693929
25000	0.3	8	4.005676
25000	0.3	6	4.249563
25000	0.3	7	4.022237
25000	0.3	6	4.052591
25000	0.3	8	4.682122

26000	0.3	7	4.432722
26000	0.3	8	4.186231
26000	0.3	8	4.585300
26000	0.3	6	4.639924
26000	0.3	9	4.251206
26000	0.3	8	4.658562
26000	0.3	7	4.337813
26000	0.3	7	4.437041
26000	0.3	8	4.142838
26000	0.3	8	4.130586
26000	0.3	8	4.704476
26000	0.3	6	4.513979
26000	0.3	7	4.106576
26000	0.3	6	4.335564
26000	0.3	8	4.173667
26000	0.3	8	4.190089
26000	0.3	6	4.215051
26000	0.3	7	4.194178
26000	0.3	8	4.147625
26000	0.3	7	4.358996
26000	0.3	9	4.087633
26000	0.3	8	4.119291
26000	0.3	7	4.528730
26000	0.3	5	4.802813
26000	0.3	7	3.955143
26000	0.3	7	4.515868
26000	0.3	6	4.437710
26000	0.3	6	4.523803
26000	0.3	5	4.623860
26000	0.3	11	4.291847

27000	0.3	8	4.918284
27000	0.3	8	4.347029
27000	0.3	10	5.170250
27000	0.3	6	4.670934
27000	0.3	7	4.849425
27000	0.3	8	4.927840
27000	0.3	11	4.242006
27000	0.3	6	4.329153
27000	0.3	7	4.741342
27000	0.3	6	4.900905
27000	0.3	8	4.530971
27000	0.3	9	4.801364
27000	0.3	7	4.850958
27000	0.3	6	5.068111
27000	0.3	7	5.474448
27000	0.3	8	5.580512
27000	0.3	9	4.979244
27000	0.3	5	5.473798
27000	0.3	9	4.380272
27000	0.3	8	4.771511
27000	0.3	8	4.570190
27000	0.3	8	5.311576
27000	0.3	8	5.070129
27000	0.3	7	4.210003
27000	0.3	8	4.821864
27000	0.3	8	4.468069
27000	0.3	9	4.547670
27000	0.3	9	4.648278
27000	0.3	6	4.873735
27000	0.3	6	5.117224

28000	0.3	8	4.854183
28000	0.3	5	4.937963
28000	0.3	8	5.480886
28000	0.3	9	4.829075
28000	0.3	9	4.720328
28000	0.3	6	5.229391
28000	0.3	9	5.018646
28000	0.3	8	4.981709
28000	0.3	8	4.749570
28000	0.3	6	5.175127
28000	0.3	8	5.646949
28000	0.3	8	5.417329
28000	0.3	7	5.124555
28000	0.3	6	5.081221
28000	0.3	7	5.380532
28000	0.3	8	4.683625
28000	0.3	6	5.265529
28000	0.3	10	5.328862
28000	0.3	7	5.595643
28000	0.3	7	5.163151
28000	0.3	7	4.771301
28000	0.3	7	5.074431
28000	0.3	9	5.551696
28000	0.3	7	5.034784
28000	0.3	7	5.090754
28000	0.3	9	5.087227
28000	0.3	7	5.175510
28000	0.3	7	5.259256
28000	0.3	6	5.361357
28000	0.3	6	5.438673

29000	0.3	11	5.368827
29000	0.3	7	5.483897
29000	0.3	7	5.355229
29000	0.3	7	5.417083
29000	0.3	8	6.163499
29000	0.3	7	5.453118
29000	0.3	6	5.220479
29000	0.3	6	5.717396
29000	0.3	7	6.015303
29000	0.3	7	5.723373
29000	0.3	8	5.475841
29000	0.3	7	5.098116
29000	0.3	6	5.109401
29000	0.3	7	5.756238
29000	0.3	5	5.303803
29000	0.3	6	6.009053
29000	0.3	8	5.044952
29000	0.3	8	5.298078
29000	0.3	6	5.900095
29000	0.3	10	5.407612
29000	0.3	8	5.214238
29000	0.3	8	5.928558
29000	0.3	7	5.628940
29000	0.3	6	5.474101
29000	0.3	6	5.490191
29000	0.3	6	5.136789
29000	0.3	7	5.493398
29000	0.3	7	5.829745
29000	0.3	5	5.931730
29000	0.3	7	5.490305

30000	0.3	9	5.340622
30000	0.3	5	6.402639
30000	0.3	8	6.437356
30000	0.3	9	5.591613
30000	0.3	8	5.616241
30000	0.3	10	6.073442
30000	0.3	7	5.535758
30000	0.3	8	6.235163
30000	0.3	6	5.818928
30000	0.3	5	6.730275
30000	0.3	7	6.269070
30000	0.3	7	5.467389
30000	0.3	7	5.759296
30000	0.3	7	5.451034
30000	0.3	8	5.343248
30000	0.3	5	6.651547
30000	0.3	7	6.470663
30000	0.3	7	5.880297
30000	0.3	7	6.056619
30000	0.3	9	5.720020
30000	0.3	6	6.727687
30000	0.3	5	5.992807
30000	0.3	7	6.010782
30000	0.3	7	6.596720
30000	0.3	7	5.798567
30000	0.3	6	6.699927
30000	0.3	8	5.648610
30000	0.3	7	5.916443
30000	0.3	7	5.801128
30000	0.3	6	5.627453

