40
14
31.8255336424 4.48426426443
83.5502631167 60.4772447563
21.068486549 39.3510355382
3.96614473958 99.5394799677
4.71234100883 89.4674046569
20.7304470607 93.2194418323
60.6869538175 43.7285834978
46.6143186209 64.7824696789
74.598796975 13.2959474477
44.0219633182 29.8898583149
15.5199937857 41.3120041145
22.9598761741 84.0406425814
17.240588016 84.3853014994
18.3054296223 85.3791743838
22.7648909631 74.6068114728
95.3605729828 21.345447539
35.4154710677 61.2115562128
92.2266597893 71.4196754542
38.8850283141 30.5212640809
69.786176157 67.5613700186
96.7466907822 87.3259050015
13.0712632689 43.6226745746
22.9796706328 19.2085866831
56.6675168933 97.3398744099
42.0725327263 0.175533206771
30.8136902458 66.5936597702
84.1382392905 1.96318533443
96.7852932735 58.4888797504
97.9656979013 48.9015706082
0.774270141942 92.040302708
42.17651369 63.9050831058
14.9215357759 38.3601194414
64.1437268102 38.6471505681
45.850437248 79.456179028
83.5298670987 60.9835308165
97.9687249056 59.2258557423
1.02130145499 39.3512132394
49.8562814033 87.693921046
6.71364376531 52.0407675049
22.5361029447 11.5117467799
99.0686980153 67.6174232997
82.3499485958 52.5838740362
96.6895499862 53.4842532917
94.99502675 87.8873472556
73.7395441551 95.8529191006
42.0844407518 7.9022614022
71.9991015418 43.5145748707
82.7042362598 22.6233111025
96.2270809664 10.4378027014
11.7691234497 98.4075880031
98.7237153842 7.48728395496
25.1815004773 95.5124196543
46.6144183237 46.4002734847
8.72518889327 16.1121569431
13.8632674693 0.613102070001
57.9883122572 0.87108607636
13.688211541 94.0209871304
55.6358700436 11.4067705037
37.0522921231 99.5928664665
43.9489433666 58.0610389503
55.8421784044 36.8103394548
99.8337863001 0.316792251101
62.5895359873 80.7318505475
27.9949132105 69.0246029034
49.7769154397 72.6060919922
71.9267435318 15.1457788494
86.3924435582 97.0488454379
87.3786373181 13.0004739652
89.4012231727 42.0023104596
26.5079992839 78.7659652877
96.5928765338 54.4024626663
31.0496749779 87.8539571781
49.3704538141 43.838101352
43.3589030892 30.3094853144
76.8703063548 45.9961317266
7.00219053293 99.582283861
42.6203830068 22.6059486464
68.3572205475 20.7281045874
85.9630922153 90.4356315086
7.29418292706 68.2111339837
34.5348513478 66.1566146024
57.8950598626 26.3079809796
90.8629107002 18.889214364
14.0132482086 75.5145005189
89.5079135683 59.4036973062
57.9510121185 95.454204122
80.8477017061 8.82962457971
86.652008993 74.7096973822
39.6862341034 0.626080633716
4.03400164193 43.8034273854
37.8669261515 50.891920605
4.99716126824 89.9157550683
7.45821141136 36.2384026864
40.5493385626 96.6813184728
65.7037116915 58.7943516843
68.4614039102 45.3883665449
34.5940478782 96.0401586824
55.1384865486 71.8549155775
38.6523700368 80.0959109322
17.346347953 59.2968086672
