1000	0.15	24	0.004674
1000	0.15	23	0.002658
1000	0.15	23	0.004463
1000	0.15	21	0.004236
1000	0.15	22	0.003715
1000	0.15	16	0.004014
1000	0.15	26	0.002483
1000	0.15	21	0.002616
1000	0.15	25	0.00261
1000	0.15	23	0.002426
1000	0.15	21	0.002452
1000	0.15	22	0.002419
1000	0.15	24	0.002535
1000	0.15	22	0.002497
1000	0.15	18	0.002593
1000	0.15	21	0.002418
1000	0.15	24	0.002487
1000	0.15	23	0.002634
1000	0.15	20	0.002463
1000	0.15	22	0.002618
1000	0.15	23	0.002576
1000	0.15	25	0.002468
1000	0.15	22	0.0025
1000	0.15	21	0.002598
1000	0.15	19	0.004537
1000	0.15	23	0.002653
1000	0.15	21	0.00252
1000	0.15	21	0.002559
1000	0.15	24	0.002578
1000	0.15	23	0.002685

2000	0.15	24	0.00611
2000	0.15	24	0.005687
2000	0.15	24	0.005712
2000	0.15	27	0.00557
2000	0.15	27	0.005749
2000	0.15	28	0.005732
2000	0.15	21	0.005949
2000	0.15	26	0.006126
2000	0.15	21	0.005905
2000	0.15	27	0.005702
2000	0.15	23	0.005759
2000	0.15	29	0.005699
2000	0.15	25	0.006036
2000	0.15	27	0.006242
2000	0.15	25	0.008936
2000	0.15	24	0.006876
2000	0.15	25	0.00853
2000	0.15	25	0.005608
2000	0.15	22	0.006117
2000	0.15	27	0.005668
2000	0.15	28	0.005845
2000	0.15	23	0.005731
2000	0.15	24	0.005844
2000	0.15	21	0.006035
2000	0.15	27	0.005817
2000	0.15	26	0.006134
2000	0.15	25	0.005606
2000	0.15	26	0.005959
2000	0.15	21	0.005991
2000	0.15	27	0.006081

3000	0.15	24	0.01228
3000	0.15	29	0.01092
3000	0.15	28	0.011043
3000	0.15	21	0.011082
3000	0.15	24	0.010654
3000	0.15	27	0.010067
3000	0.15	22	0.010734
3000	0.15	25	0.014416
3000	0.15	26	0.009667
3000	0.15	26	0.011907
3000	0.15	23	0.009964
3000	0.15	19	0.011091
3000	0.15	25	0.010208
3000	0.15	25	0.010075
3000	0.15	20	0.009752
3000	0.15	25	0.009372
3000	0.15	24	0.009652
3000	0.15	24	0.009973
3000	0.15	26	0.009267
3000	0.15	27	0.009247
3000	0.15	26	0.009425
3000	0.15	27	0.009029
3000	0.15	28	0.00993
3000	0.15	29	0.008862
3000	0.15	27	0.009331
3000	0.15	25	0.009635
3000	0.15	26	0.009672
3000	0.15	28	0.009532
3000	0.15	28	0.010172
3000	0.15	23	0.009496

4000	0.15	24	0.016206
4000	0.15	26	0.015141
4000	0.15	23	0.016307
4000	0.15	28	0.013643
4000	0.15	28	0.013683
4000	0.15	29	0.013509
4000	0.15	31	0.013506
4000	0.15	22	0.015158
4000	0.15	29	0.014688
4000	0.15	28	0.014615
4000	0.15	21	0.016368
4000	0.15	25	0.014958
4000	0.15	24	0.015458
4000	0.15	26	0.014022
4000	0.15	24	0.014943
4000	0.15	27	0.015254
4000	0.15	26	0.014974
4000	0.15	32	0.013751
4000	0.15	21	0.014838
4000	0.15	28	0.014691
4000	0.15	25	0.014746
4000	0.15	23	0.015537
4000	0.15	26	0.023658
4000	0.15	27	0.014448
4000	0.15	25	0.014125
4000	0.15	26	0.014325
4000	0.15	26	0.023437
4000	0.15	29	0.015494
4000	0.15	27	0.014075
4000	0.15	26	0.013735

5000	0.15	28	0.018618
5000	0.15	27	0.019233
5000	0.15	27	0.018971
5000	0.15	30	0.020409
5000	0.15	26	0.020314
5000	0.15	27	0.020307
5000	0.15	24	0.019243
5000	0.15	26	0.019685
5000	0.15	32	0.018764
5000	0.15	31	0.020394
5000	0.15	28	0.018983
5000	0.15	31	0.018942
5000	0.15	31	0.033312
5000	0.15	25	0.022813
5000	0.15	30	0.019443
5000	0.15	24	0.020487
5000	0.15	26	0.01912
5000	0.15	31	0.020362
5000	0.15	29	0.020753
5000	0.15	22	0.020327
5000	0.15	30	0.01933
5000	0.15	23	0.022535
5000	0.15	26	0.027335
5000	0.15	28	0.01895
5000	0.15	28	0.020022
5000	0.15	30	0.032592
5000	0.15	27	0.018424
5000	0.15	31	0.019179
5000	0.15	27	0.019398
5000	0.15	20	0.02094

6000	0.15	25	0.025328
6000	0.15	31	0.030243
6000	0.15	22	0.028938
6000	0.15	23	0.026931
6000	0.15	23	0.027237
6000	0.15	27	0.024129
6000	0.15	25	0.028346
6000	0.15	29	0.025068
6000	0.15	25	0.025371
6000	0.15	27	0.025933
6000	0.15	26	0.026328
6000	0.15	32	0.027321
6000	0.15	29	0.025726
6000	0.15	28	0.026328
6000	0.15	30	0.024259
6000	0.15	26	0.026647
6000	0.15	23	0.028608
6000	0.15	29	0.024339
6000	0.15	30	0.024458
6000	0.15	29	0.028222
6000	0.15	25	0.041148
6000	0.15	25	0.044138
6000	0.15	31	0.030308
6000	0.15	25	0.030369
6000	0.15	27	0.034778
6000	0.15	31	0.026805
6000	0.15	28	0.027976
6000	0.15	26	0.029305
6000	0.15	24	0.035245
6000	0.15	32	0.038589

7000	0.15	27	0.038568
7000	0.15	31	0.033927
7000	0.15	20	0.058156
7000	0.15	24	0.046902
7000	0.15	26	0.036922
7000	0.15	32	0.032128
7000	0.15	25	0.043133
7000	0.15	28	0.035219
7000	0.15	27	0.035649
7000	0.15	18	0.043572
7000	0.15	27	0.035503
7000	0.15	25	0.053727
7000	0.15	27	0.040875
7000	0.15	26	0.033791
7000	0.15	29	0.033187
7000	0.15	30	0.031308
7000	0.15	28	0.037382
7000	0.15	33	0.029633
7000	0.15	31	0.030626
7000	0.15	30	0.033303
7000	0.15	24	0.034036
7000	0.15	28	0.036202
7000	0.15	23	0.03503
7000	0.15	25	0.033508
7000	0.15	30	0.032831
7000	0.15	29	0.030883
7000	0.15	26	0.032595
7000	0.15	19	0.047017
7000	0.15	24	0.040556
7000	0.15	26	0.032269

8000	0.15	27	0.040783
8000	0.15	23	0.04057
8000	0.15	32	0.039567
8000	0.15	28	0.041929
8000	0.15	30	0.036956
8000	0.15	30	0.03873
8000	0.15	24	0.045003
8000	0.15	28	0.07727
8000	0.15	29	0.039749
8000	0.15	26	0.048163
8000	0.15	30	0.039037
8000	0.15	29	0.037799
8000	0.15	29	0.040203
8000	0.15	23	0.049462
8000	0.15	31	0.03935
8000	0.15	30	0.040293
8000	0.15	29	0.040225
8000	0.15	27	0.043253
8000	0.15	24	0.043239
8000	0.15	29	0.039813
8000	0.15	20	0.052846
8000	0.15	29	0.037301
8000	0.15	29	0.038643
8000	0.15	32	0.038968
8000	0.15	28	0.051046
8000	0.15	23	0.058918
8000	0.15	28	0.039489
8000	0.15	28	0.039924
8000	0.15	24	0.039316
8000	0.15	25	0.049649

9000	0.15	31	0.04559
9000	0.15	29	0.047535
9000	0.15	24	0.047815
9000	0.15	26	0.069709
9000	0.15	22	0.08534
9000	0.15	28	0.104519
9000	0.15	31	0.089252
9000	0.15	36	0.050059
9000	0.15	28	0.047016
9000	0.15	22	0.049893
9000	0.15	31	0.045178
9000	0.15	27	0.05056
9000	0.15	25	0.053653
9000	0.15	30	0.050715
9000	0.15	31	0.051648
9000	0.15	29	0.05039
9000	0.15	22	0.054179
9000	0.15	31	0.043554
9000	0.15	29	0.048578
9000	0.15	20	0.059265
9000	0.15	32	0.046403
9000	0.15	26	0.051389
9000	0.15	28	0.04886
9000	0.15	23	0.053226
9000	0.15	25	0.047723
9000	0.15	29	0.05315
9000	0.15	27	0.051193
9000	0.15	29	0.044891
9000	0.15	24	0.053383
9000	0.15	25	0.049002

10000	0.15	30	0.05543
10000	0.15	32	0.053495
10000	0.15	27	0.055547
10000	0.15	26	0.052448
10000	0.15	25	0.062268
10000	0.15	26	0.061927
10000	0.15	26	0.056552
10000	0.15	23	0.059661
10000	0.15	28	0.057117
10000	0.15	26	0.05682
10000	0.15	24	0.059605
10000	0.15	34	0.053583
10000	0.15	27	0.059438
10000	0.15	26	0.055403
10000	0.15	31	0.057478
10000	0.15	24	0.060651
10000	0.15	26	0.058979
10000	0.15	24	0.059144
10000	0.15	29	0.080137
10000	0.15	30	0.058751
10000	0.15	29	0.060138
10000	0.15	27	0.054995
10000	0.15	27	0.053905
10000	0.15	30	0.06177
10000	0.15	25	0.066317
10000	0.15	22	0.059942
10000	0.15	23	0.060079
10000	0.15	31	0.053947
10000	0.15	27	0.056931
10000	0.15	20	0.063073

11000	0.15	32	0.058225
11000	0.15	30	0.066929
11000	0.15	25	0.088589
11000	0.15	29	0.068039
11000	0.15	30	0.066236
11000	0.15	22	0.075117
11000	0.15	28	0.06453
11000	0.15	29	0.073204
11000	0.15	29	0.058308
11000	0.15	27	0.066945
11000	0.15	27	0.065033
11000	0.15	29	0.066952
11000	0.15	31	0.060776
11000	0.15	30	0.063534
11000	0.15	28	0.065048
11000	0.15	26	0.066852
11000	0.15	25	0.067482
11000	0.15	27	0.069224
11000	0.15	25	0.062555
11000	0.15	32	0.128161
11000	0.15	23	0.142283
11000	0.15	30	0.063337
11000	0.15	28	0.065778
11000	0.15	29	0.065479
11000	0.15	27	0.066462
11000	0.15	35	0.059896
11000	0.15	28	0.063362
11000	0.15	31	0.059559
11000	0.15	33	0.069003
11000	0.15	24	0.073866

12000	0.15	26	0.072641
12000	0.15	32	0.102434
12000	0.15	28	0.070267
12000	0.15	34	0.067094
12000	0.15	31	0.070481
12000	0.15	30	0.069716
12000	0.15	30	0.070053
12000	0.15	22	0.077653
12000	0.15	26	0.090232
12000	0.15	25	0.097776
12000	0.15	33	0.073852
12000	0.15	23	0.078742
12000	0.15	27	0.083881
12000	0.15	30	0.075361
12000	0.15	28	0.074129
12000	0.15	29	0.094808
12000	0.15	32	0.073363
12000	0.15	27	0.078235
12000	0.15	23	0.087044
12000	0.15	25	0.080268
12000	0.15	30	0.072555
12000	0.15	27	0.073592
12000	0.15	31	0.07785
12000	0.15	16	0.122215
12000	0.15	32	0.070742
12000	0.15	28	0.087574
12000	0.15	26	0.104814
12000	0.15	28	0.085293
12000	0.15	29	0.076553
12000	0.15	29	0.083817

13000	0.15	30	0.091521
13000	0.15	26	0.084584
13000	0.15	33	0.080123
13000	0.15	32	0.082049
13000	0.15	28	0.083612
13000	0.15	24	0.101364
13000	0.15	33	0.085352
13000	0.15	28	0.084999
13000	0.15	25	0.095662
13000	0.15	29	0.091398
13000	0.15	30	0.089059
13000	0.15	25	0.114109
13000	0.15	25	0.091522
13000	0.15	26	0.084773
13000	0.15	29	0.0869
13000	0.15	25	0.087319
13000	0.15	28	0.11599
13000	0.15	27	0.127699
13000	0.15	33	0.082556
13000	0.15	32	0.084564
13000	0.15	30	0.084358
13000	0.15	26	0.087102
13000	0.15	29	0.089827
13000	0.15	27	0.094072
13000	0.15	36	0.109741
13000	0.15	26	0.110066
13000	0.15	27	0.092959
13000	0.15	28	0.101707
13000	0.15	29	0.088026
13000	0.15	29	0.086744

14000	0.15	30	0.093701
14000	0.15	32	0.095176
14000	0.15	23	0.115591
14000	0.15	22	0.125214
14000	0.15	26	0.115146
14000	0.15	26	0.116949
14000	0.15	29	0.096227
14000	0.15	30	0.09548
14000	0.15	29	0.089952
14000	0.15	24	0.117511
14000	0.15	29	0.092255
14000	0.15	29	0.10386
14000	0.15	32	0.099004
14000	0.15	22	0.133703
14000	0.15	28	0.099938
14000	0.15	22	0.120594
14000	0.15	30	0.098224
14000	0.15	25	0.095278
14000	0.15	33	0.106379
14000	0.15	33	0.089217
14000	0.15	25	0.108287
14000	0.15	36	0.116855
14000	0.15	28	0.164145
14000	0.15	29	0.0899
14000	0.15	29	0.086458
14000	0.15	29	0.096329
14000	0.15	30	0.089615
14000	0.15	31	0.093283
14000	0.15	27	0.158992
14000	0.15	25	0.162535

15000	0.15	28	0.114854
15000	0.15	20	0.12304
15000	0.15	29	0.119054
15000	0.15	26	0.106837
15000	0.15	32	0.10499
15000	0.15	32	0.108262
15000	0.15	27	0.117783
15000	0.15	31	0.170717
15000	0.15	30	0.107206
15000	0.15	29	0.10693
15000	0.15	28	0.118195
15000	0.15	32	0.106386
15000	0.15	31	0.103757
15000	0.15	30	0.121655
15000	0.15	26	0.143535
15000	0.15	30	0.113335
15000	0.15	33	0.117622
15000	0.15	29	0.105726
15000	0.15	31	0.108124
15000	0.15	27	0.113389
15000	0.15	28	0.12014
15000	0.15	31	0.110161
15000	0.15	31	0.126479
15000	0.15	25	0.134506
15000	0.15	31	0.161188
15000	0.15	27	0.10603
15000	0.15	33	0.12193
15000	0.15	19	0.129028
15000	0.15	34	0.10114
15000	0.15	34	0.111321

16000	0.15	30	0.119062
16000	0.15	24	0.185349
16000	0.15	27	0.135761
16000	0.15	30	0.121289
16000	0.15	31	0.142526
16000	0.15	26	0.132207
16000	0.15	32	0.112181
16000	0.15	26	0.127319
16000	0.15	29	0.114356
16000	0.15	32	0.11472
16000	0.15	25	0.123709
16000	0.15	29	0.112511
16000	0.15	33	0.108677
16000	0.15	27	0.120312
16000	0.15	32	0.105928
16000	0.15	31	0.117283
16000	0.15	24	0.16859
16000	0.15	26	0.158522
16000	0.15	32	0.134515
16000	0.15	29	0.155233
16000	0.15	27	0.121812
16000	0.15	33	0.138383
16000	0.15	32	0.121265
16000	0.15	24	0.122551
16000	0.15	20	0.155544
16000	0.15	31	0.12169
16000	0.15	29	0.116475
16000	0.15	30	0.111348
16000	0.15	30	0.117616
16000	0.15	29	0.121604

17000	0.15	31	0.158454
17000	0.15	30	0.164708
17000	0.15	26	0.146022
17000	0.15	30	0.168031
17000	0.15	29	0.137394
17000	0.15	26	0.206243
17000	0.15	30	0.140788
17000	0.15	27	0.163459
17000	0.15	28	0.137453
17000	0.15	33	0.125568
17000	0.15	29	0.136275
17000	0.15	34	0.119642
17000	0.15	27	0.123198
17000	0.15	26	0.130199
17000	0.15	25	0.141161
17000	0.15	32	0.117244
17000	0.15	29	0.133157
17000	0.15	31	0.136022
17000	0.15	30	0.197047
17000	0.15	29	0.135188
17000	0.15	31	0.126298
17000	0.15	29	0.127717
17000	0.15	23	0.149237
17000	0.15	25	0.147176
17000	0.15	30	0.136125
17000	0.15	30	0.129126
17000	0.15	28	0.171869
17000	0.15	30	0.129693
17000	0.15	24	0.170959
17000	0.15	31	0.122226

18000	0.15	29	0.151575
18000	0.15	26	0.21919
18000	0.15	28	0.172259
18000	0.15	25	0.159302
18000	0.15	31	0.177617
18000	0.15	29	0.19092
18000	0.15	30	0.142608
18000	0.15	27	0.176202
18000	0.15	25	0.161966
18000	0.15	30	0.176731
18000	0.15	28	0.166192
18000	0.15	32	0.18286
18000	0.15	28	0.161138
18000	0.15	25	0.156117
18000	0.15	35	0.136817
18000	0.15	22	0.188501
18000	0.15	32	0.138032
18000	0.15	30	0.131199
18000	0.15	26	0.18128
18000	0.15	32	0.140254
18000	0.15	22	0.18636
18000	0.15	35	0.195229
18000	0.15	27	0.189921
18000	0.15	30	0.156245
18000	0.15	28	0.141838
18000	0.15	29	0.173804
18000	0.15	31	0.16114
18000	0.15	30	0.14616
18000	0.15	27	0.169148
18000	0.15	29	0.193748

19000	0.15	26	0.222036
19000	0.15	26	0.232916
19000	0.15	27	0.175197
19000	0.15	22	0.204748
19000	0.15	26	0.174799
19000	0.15	26	0.183295
19000	0.15	29	0.151777
19000	0.15	32	0.152994
19000	0.15	30	0.15885
19000	0.15	28	0.155686
19000	0.15	30	0.159063
19000	0.15	30	0.158471
19000	0.15	29	0.198306
19000	0.15	27	0.227146
19000	0.15	33	0.162635
19000	0.15	28	0.222768
19000	0.15	23	0.170188
19000	0.15	30	0.250048
19000	0.15	31	0.227159
19000	0.15	34	0.219207
19000	0.15	27	0.241713
19000	0.15	28	0.16869
19000	0.15	25	0.199936
19000	0.15	28	0.183637
19000	0.15	30	0.220468
19000	0.15	28	0.219355
19000	0.15	29	0.15902
19000	0.15	26	0.165228
19000	0.15	30	0.195165
19000	0.15	29	0.158912

20000	0.15	26	0.207166
20000	0.15	28	0.193324
20000	0.15	31	0.189149
20000	0.15	30	0.205784
20000	0.15	23	0.188715
20000	0.15	30	0.221533
20000	0.15	28	0.206653
20000	0.15	30	0.231794
20000	0.15	28	0.236547
20000	0.15	30	0.172298
20000	0.15	31	0.147575
20000	0.15	31	0.200024
20000	0.15	26	0.236102
20000	0.15	27	0.183362
20000	0.15	27	0.199533
20000	0.15	27	0.255977
20000	0.15	34	0.231993
20000	0.15	26	0.220513
20000	0.15	31	0.237683
20000	0.15	32	0.242003
20000	0.15	34	0.169286
20000	0.15	28	0.249505
20000	0.15	28	0.247883
20000	0.15	33	0.161889
20000	0.15	26	0.197014
20000	0.15	25	0.226748
20000	0.15	25	0.266807
20000	0.15	30	0.17601
20000	0.15	28	0.200532
20000	0.15	26	0.193616

21000	0.15	25	0.272624
21000	0.15	23	0.265838
21000	0.15	32	0.201813
21000	0.15	29	0.189241
21000	0.15	26	0.219084
21000	0.15	23	0.28106
21000	0.15	26	0.242971
21000	0.15	26	0.203526
21000	0.15	29	0.204774
21000	0.15	26	0.222997
21000	0.15	30	0.229375
21000	0.15	29	0.260987
21000	0.15	24	0.23186
21000	0.15	24	0.202403
21000	0.15	23	0.320717
21000	0.15	26	0.187446
21000	0.15	30	0.220595
21000	0.15	26	0.184384
21000	0.15	30	0.177366
21000	0.15	29	0.18971
21000	0.15	30	0.201664
21000	0.15	28	0.210833
21000	0.15	30	0.228941
21000	0.15	27	0.222675
21000	0.15	32	0.171079
21000	0.15	28	0.169564
21000	0.15	23	0.204791
21000	0.15	19	0.264159
21000	0.15	25	0.253781
21000	0.15	23	0.227411

22000	0.15	26	0.254271
22000	0.15	33	0.191781
22000	0.15	31	0.232882
22000	0.15	31	0.256692
22000	0.15	30	0.208452
22000	0.15	26	0.217377
22000	0.15	33	0.194723
22000	0.15	20	0.267699
22000	0.15	26	0.236136
22000	0.15	29	0.195997
22000	0.15	27	0.235959
22000	0.15	25	0.214447
22000	0.15	30	0.216737
22000	0.15	28	0.225999
22000	0.15	26	0.2695
22000	0.15	31	0.271126
22000	0.15	26	0.226681
22000	0.15	31	0.216769
22000	0.15	29	0.261755
22000	0.15	31	0.254986
22000	0.15	33	0.214295
22000	0.15	31	0.297959
22000	0.15	30	0.291806
22000	0.15	31	0.215447
22000	0.15	24	0.277398
22000	0.15	29	0.199779
22000	0.15	32	0.204296
22000	0.15	28	0.206271
22000	0.15	29	0.204741
22000	0.15	29	0.212099

23000	0.15	31	0.227562
23000	0.15	29	0.281313
23000	0.15	29	0.27168
23000	0.15	25	0.287511
23000	0.15	31	0.2102
23000	0.15	26	0.236086
23000	0.15	26	0.261127
23000	0.15	29	0.245792
23000	0.15	33	0.20916
23000	0.15	26	0.255027
23000	0.15	30	0.234363
23000	0.15	32	0.225354
23000	0.15	28	0.263225
23000	0.15	30	0.227009
23000	0.15	23	0.31945
23000	0.15	27	0.254206
23000	0.15	29	0.213093
23000	0.15	26	0.250059
23000	0.15	28	0.26588
23000	0.15	29	0.216638
23000	0.15	27	0.223128
23000	0.15	28	0.347008
23000	0.15	20	0.318627
23000	0.15	34	0.205784
23000	0.15	29	0.220221
23000	0.15	30	0.288251
23000	0.15	26	0.269325
23000	0.15	31	0.242098
23000	0.15	28	0.254166
23000	0.15	32	0.273321

24000	0.15	35	0.249825
24000	0.15	25	0.302416
24000	0.15	31	0.295798
24000	0.15	30	0.252676
24000	0.15	25	0.307263
24000	0.15	25	0.277712
24000	0.15	25	0.33521
24000	0.15	31	0.265147
24000	0.15	24	0.359593
24000	0.15	30	0.241282
24000	0.15	28	0.244846
24000	0.15	24	0.271957
24000	0.15	32	0.241921
24000	0.15	27	0.298413
24000	0.15	32	0.265317
24000	0.15	30	0.269879
24000	0.15	35	0.242441
24000	0.15	25	0.296667
24000	0.15	30	0.229355
24000	0.15	32	0.226833
24000	0.15	29	0.260128
24000	0.15	32	0.254508
24000	0.15	32	0.257966
24000	0.15	28	0.284674
24000	0.15	28	0.28503
24000	0.15	29	0.264596
24000	0.15	25	0.276666
24000	0.15	32	0.295001
24000	0.15	26	0.286252
24000	0.15	27	0.364104

25000	0.15	32	0.247688
25000	0.15	19	0.362392
25000	0.15	23	0.343128
25000	0.15	33	0.257331
25000	0.15	23	0.383379
25000	0.15	32	0.284611
25000	0.15	30	0.275162
25000	0.15	29	0.35432
25000	0.15	30	0.315659
25000	0.15	27	0.326134
25000	0.15	28	0.25973
25000	0.15	21	0.401394
25000	0.15	28	0.326004
25000	0.15	31	0.299534
25000	0.15	31	0.272632
25000	0.15	25	0.363978
25000	0.15	27	0.29191
25000	0.15	30	0.246144
25000	0.15	30	0.319626
25000	0.15	28	0.284091
25000	0.15	34	0.32939
25000	0.15	30	0.293334
25000	0.15	29	0.287401
25000	0.15	33	0.261567
25000	0.15	34	0.237952
25000	0.15	22	0.354034
25000	0.15	30	0.260156
25000	0.15	32	0.248725
25000	0.15	24	0.267887
25000	0.15	25	0.332576

26000	0.15	32	0.274817
26000	0.15	28	0.280251
26000	0.15	34	0.350552
26000	0.15	33	0.273349
26000	0.15	24	0.342435
26000	0.15	30	0.276977
26000	0.15	30	0.281509
26000	0.15	27	0.286929
26000	0.15	34	0.250808
26000	0.15	26	0.281904
26000	0.15	28	0.355619
26000	0.15	29	0.344395
26000	0.15	27	0.344252
26000	0.15	34	0.324963
26000	0.15	34	0.277025
26000	0.15	33	0.266338
26000	0.15	30	0.27546
26000	0.15	29	0.284437
26000	0.15	26	0.281686
26000	0.15	25	0.352786
26000	0.15	30	0.264547
26000	0.15	28	0.253835
26000	0.15	28	0.293593
26000	0.15	28	0.28136
26000	0.15	30	0.275881
26000	0.15	33	0.302407
26000	0.15	30	0.287649
26000	0.15	25	0.31002
26000	0.15	28	0.303997
26000	0.15	21	0.386473

27000	0.15	24	0.385001
27000	0.15	31	0.347564
27000	0.15	29	0.27804
27000	0.15	23	0.354414
27000	0.15	32	0.276989
27000	0.15	33	0.361852
27000	0.15	23	0.395791
27000	0.15	29	0.311431
27000	0.15	34	0.293415
27000	0.15	30	0.289185
27000	0.15	28	0.333983
27000	0.15	30	0.373407
27000	0.15	24	0.325507
27000	0.15	27	0.365349
27000	0.15	26	0.351116
27000	0.15	33	0.344901
27000	0.15	28	0.290459
27000	0.15	27	0.371617
27000	0.15	25	0.404822
27000	0.15	31	0.304765
27000	0.15	32	0.314488
27000	0.15	33	0.289755
27000	0.15	31	0.291304
27000	0.15	25	0.376886
27000	0.15	33	0.294664
27000	0.15	28	0.337498
27000	0.15	30	0.348799
27000	0.15	28	0.302847
27000	0.15	33	0.273471
27000	0.15	30	0.302968

28000	0.15	24	0.503986
28000	0.15	28	0.383516
28000	0.15	28	0.375533
28000	0.15	27	0.317301
28000	0.15	29	0.335607
28000	0.15	34	0.379036
28000	0.15	32	0.300707
28000	0.15	34	0.330538
28000	0.15	28	0.410271
28000	0.15	34	0.350668
28000	0.15	30	0.302046
28000	0.15	30	0.302115
28000	0.15	31	0.385746
28000	0.15	32	0.323353
28000	0.15	34	0.298541
28000	0.15	30	0.375585
28000	0.15	26	0.34621
28000	0.15	31	0.352781
28000	0.15	29	0.337892
28000	0.15	31	0.334497
28000	0.15	34	0.299878
28000	0.15	32	0.352777
28000	0.15	32	0.324886
28000	0.15	30	0.394738
28000	0.15	30	0.345008
28000	0.15	32	0.292319
28000	0.15	28	0.337074
28000	0.15	28	0.366805
28000	0.15	35	0.367087
28000	0.15	31	0.353564

29000	0.15	25	0.424881
29000	0.15	36	0.320341
29000	0.15	35	0.35478
29000	0.15	26	0.34802
29000	0.15	29	0.337919
29000	0.15	33	0.389134
29000	0.15	26	0.470697
29000	0.15	33	0.407412
29000	0.15	33	0.407057
29000	0.15	26	0.392024
29000	0.15	24	0.408612
29000	0.15	27	0.413889
29000	0.15	33	0.439787
29000	0.15	29	0.376656
29000	0.15	30	0.345472
29000	0.15	33	0.335456
29000	0.15	30	0.382751
29000	0.15	27	0.456924
29000	0.15	34	0.379646
29000	0.15	30	0.385986
29000	0.15	30	0.322863
29000	0.15	35	0.311712
29000	0.15	28	0.376795
29000	0.15	28	0.361256
29000	0.15	26	0.437896
29000	0.15	30	0.379887
29000	0.15	26	0.341641
29000	0.15	30	0.384404
29000	0.15	26	0.410723
29000	0.15	27	0.407693

30000	0.15	32	0.373157
30000	0.15	29	0.361523
30000	0.15	30	0.325895
30000	0.15	35	0.320958
30000	0.15	30	0.387742
30000	0.15	29	0.40925
30000	0.15	31	0.412684
30000	0.15	27	0.464975
30000	0.15	31	0.334896
30000	0.15	33	0.341524
30000	0.15	31	0.40051
30000	0.15	28	0.450264
30000	0.15	32	0.329141
30000	0.15	25	0.51501
30000	0.15	33	0.32117
30000	0.15	35	0.497011
30000	0.15	25	0.383142
30000	0.15	31	0.375821
30000	0.15	27	0.421579
30000	0.15	31	0.334229
30000	0.15	24	0.474315
30000	0.15	30	0.349165
30000	0.15	30	0.449592
30000	0.15	30	0.34176
30000	0.15	30	0.384424
30000	0.15	27	0.369802
30000	0.15	30	0.367245
30000	0.15	32	0.359078
30000	0.15	33	0.311108
30000	0.15	33	0.394305

