1000	0.1	64	0.010346
1000	0.1	66	0.002884
1000	0.1	63	0.002828
1000	0.1	67	0.002831
1000	0.1	59	0.002845
1000	0.1	57	0.002782
1000	0.1	59	0.002795
1000	0.1	60	0.002795
1000	0.1	67	0.002986
1000	0.1	60	0.002783
1000	0.1	59	0.002804
1000	0.1	62	0.002841
1000	0.1	63	0.003033
1000	0.1	60	0.002858
1000	0.1	59	0.002836
1000	0.1	59	0.002897
1000	0.1	61	0.002813
1000	0.1	60	0.002787
1000	0.1	62	0.002825
1000	0.1	62	0.002836
1000	0.1	63	0.00311
1000	0.1	60	0.002991
1000	0.1	60	0.002819
1000	0.1	61	0.002839
1000	0.1	61	0.002854
1000	0.1	61	0.00596
1000	0.1	63	0.002883
1000	0.1	65	0.002804
1000	0.1	66	0.002829
1000	0.1	63	0.002811

2000	0.1	69	0.005841
2000	0.1	65	0.005861
2000	0.1	68	0.005949
2000	0.1	67	0.005907
2000	0.1	68	0.006073
2000	0.1	65	0.005838
2000	0.1	65	0.005816
2000	0.1	69	0.005921
2000	0.1	62	0.005878
2000	0.1	65	0.005914
2000	0.1	66	0.006045
2000	0.1	65	0.005851
2000	0.1	68	0.005854
2000	0.1	68	0.005845
2000	0.1	65	0.005894
2000	0.1	70	0.005907
2000	0.1	63	0.005874
2000	0.1	65	0.005823
2000	0.1	65	0.005964
2000	0.1	62	0.005856
2000	0.1	66	0.005863
2000	0.1	70	0.005915
2000	0.1	66	0.005875
2000	0.1	68	0.005942
2000	0.1	68	0.005913
2000	0.1	71	0.010268
2000	0.1	60	0.005884
2000	0.1	64	0.005879
2000	0.1	67	0.005941
2000	0.1	65	0.01484

3000	0.1	71	0.009246
3000	0.1	70	0.009202
3000	0.1	70	0.03143
3000	0.1	70	0.009243
3000	0.1	64	0.009244
3000	0.1	70	0.009216
3000	0.1	69	0.009205
3000	0.1	66	0.029093
3000	0.1	66	0.009186
3000	0.1	65	0.009109
3000	0.1	64	0.009242
3000	0.1	67	0.030704
3000	0.1	68	0.009275
3000	0.1	72	0.020721
3000	0.1	67	0.009409
3000	0.1	68	0.009266
3000	0.1	68	0.009176
3000	0.1	69	0.009628
3000	0.1	64	0.009216
3000	0.1	71	0.009192
3000	0.1	72	0.009291
3000	0.1	69	0.009108
3000	0.1	69	0.009194
3000	0.1	68	0.009272
3000	0.1	68	0.0093
3000	0.1	66	0.009353
3000	0.1	70	0.009264
3000	0.1	68	0.009325
3000	0.1	63	0.00918
3000	0.1	67	0.00925

4000	0.1	68	0.01274
4000	0.1	69	0.013882
4000	0.1	68	0.012805
4000	0.1	64	0.012833
4000	0.1	71	0.013012
4000	0.1	71	0.012819
4000	0.1	71	0.012867
4000	0.1	68	0.013012
4000	0.1	67	0.012842
4000	0.1	70	0.01284
4000	0.1	71	0.013086
4000	0.1	66	0.012877
4000	0.1	68	0.015266
4000	0.1	69	0.012924
4000	0.1	67	0.01276
4000	0.1	73	0.012889
4000	0.1	70	0.020934
4000	0.1	70	0.012835
4000	0.1	72	0.012846
4000	0.1	67	0.012829
4000	0.1	68	0.012989
4000	0.1	65	0.012818
4000	0.1	67	0.012928
4000	0.1	71	0.012881
4000	0.1	65	0.012931
4000	0.1	71	0.013357
4000	0.1	68	0.012937
4000	0.1	71	0.012846
4000	0.1	67	0.012723
4000	0.1	67	0.0132

5000	0.1	67	0.017655
5000	0.1	70	0.016721
5000	0.1	69	0.016786
5000	0.1	69	0.016713
5000	0.1	71	0.017107
5000	0.1	71	0.016886
5000	0.1	70	0.016675
5000	0.1	67	0.01678
5000	0.1	68	0.016557
5000	0.1	70	0.047246
5000	0.1	71	0.016995
5000	0.1	69	0.016604
5000	0.1	69	0.016806
5000	0.1	68	0.016708
5000	0.1	74	0.016742
5000	0.1	67	0.016631
5000	0.1	75	0.016764
5000	0.1	68	0.050549
5000	0.1	70	0.017015
5000	0.1	72	0.016688
5000	0.1	69	0.016716
5000	0.1	68	0.016914
5000	0.1	70	0.016643
5000	0.1	69	0.016649
5000	0.1	71	0.017243
5000	0.1	72	0.016687
5000	0.1	69	0.016775
5000	0.1	70	0.016853
5000	0.1	71	0.016759
5000	0.1	70	0.016641

6000	0.1	70	0.021453
6000	0.1	67	0.021003
6000	0.1	72	0.058368
6000	0.1	71	0.020742
6000	0.1	70	0.020891
6000	0.1	72	0.020896
6000	0.1	68	0.020814
6000	0.1	68	0.020769
6000	0.1	69	0.020896
6000	0.1	73	0.020806
6000	0.1	70	0.0211
6000	0.1	70	0.020794
6000	0.1	66	0.020931
6000	0.1	70	0.020755
6000	0.1	71	0.02072
6000	0.1	71	0.02089
6000	0.1	68	0.020841
6000	0.1	72	0.020733
6000	0.1	65	0.020728
6000	0.1	69	0.020759
6000	0.1	68	0.057504
6000	0.1	68	0.021225
6000	0.1	63	0.020783
6000	0.1	73	0.020868
6000	0.1	69	0.020852
6000	0.1	69	0.020904
6000	0.1	74	0.020887
6000	0.1	70	0.020878
6000	0.1	69	0.020759
6000	0.1	68	0.020814

7000	0.1	71	0.036585
7000	0.1	73	0.028552
7000	0.1	69	0.024983
7000	0.1	69	0.024541
7000	0.1	65	0.024561
7000	0.1	69	0.024632
7000	0.1	70	0.024795
7000	0.1	73	0.024821
7000	0.1	69	0.024661
7000	0.1	67	0.027227
7000	0.1	66	0.026382
7000	0.1	68	0.024707
7000	0.1	67	0.024935
7000	0.1	70	0.024888
7000	0.1	69	0.024942
7000	0.1	73	0.024841
7000	0.1	70	0.024572
7000	0.1	71	0.024822
7000	0.1	65	0.024594
7000	0.1	71	0.025084
7000	0.1	72	0.024796
7000	0.1	68	0.025004
7000	0.1	70	0.024715
7000	0.1	73	0.024516
7000	0.1	70	0.024969
7000	0.1	67	0.024641
7000	0.1	73	0.024706
7000	0.1	72	0.02486
7000	0.1	67	0.024867
7000	0.1	69	0.024975

8000	0.1	69	0.0366
8000	0.1	70	0.029236
8000	0.1	69	0.029839
8000	0.1	70	0.029328
8000	0.1	70	0.029418
8000	0.1	68	0.029986
8000	0.1	76	0.029634
8000	0.1	73	0.029131
8000	0.1	71	0.029324
8000	0.1	72	0.029846
8000	0.1	69	0.029647
8000	0.1	69	0.029887
8000	0.1	67	0.029403
8000	0.1	74	0.029212
8000	0.1	72	0.029273
8000	0.1	70	0.029175
8000	0.1	66	0.029348
8000	0.1	67	0.029233
8000	0.1	68	0.029361
8000	0.1	68	0.029348
8000	0.1	69	0.029422
8000	0.1	70	0.029489
8000	0.1	70	0.029806
8000	0.1	68	0.030103
8000	0.1	71	0.029345
8000	0.1	73	0.030183
8000	0.1	72	0.029187
8000	0.1	67	0.029389
8000	0.1	70	0.029281
8000	0.1	73	0.029268

9000	0.1	68	0.034807
9000	0.1	70	0.034385
9000	0.1	73	0.034313
9000	0.1	68	0.034152
9000	0.1	71	0.034587
9000	0.1	72	0.034517
9000	0.1	68	0.034224
9000	0.1	73	0.034001
9000	0.1	71	0.03426
9000	0.1	68	0.034196
9000	0.1	67	0.034311
9000	0.1	71	0.034083
9000	0.1	71	0.034313
9000	0.1	70	0.033913
9000	0.1	69	0.034011
9000	0.1	70	0.034281
9000	0.1	72	0.034044
9000	0.1	72	0.03425
9000	0.1	72	0.034147
9000	0.1	71	0.034148
9000	0.1	72	0.034301
9000	0.1	65	0.034041
9000	0.1	69	0.034474
9000	0.1	69	0.034254
9000	0.1	67	0.034015
9000	0.1	69	0.053213
9000	0.1	70	0.034078
9000	0.1	70	0.034413
9000	0.1	68	0.03433
9000	0.1	70	0.034234

10000	0.1	71	0.061593
10000	0.1	70	0.039526
10000	0.1	73	0.038852
10000	0.1	73	0.039347
10000	0.1	72	0.040401
10000	0.1	70	0.039559
10000	0.1	70	0.039536
10000	0.1	71	0.039551
10000	0.1	72	0.051584
10000	0.1	71	0.040053
10000	0.1	69	0.039324
10000	0.1	69	0.039434
10000	0.1	71	0.039377
10000	0.1	69	0.039716
10000	0.1	71	0.039846
10000	0.1	73	0.039421
10000	0.1	68	0.039832
10000	0.1	68	0.039288
10000	0.1	70	0.040142
10000	0.1	71	0.039431
10000	0.1	66	0.040032
10000	0.1	74	0.039386
10000	0.1	69	0.039629
10000	0.1	71	0.039846
10000	0.1	69	0.039943
10000	0.1	74	0.040192
10000	0.1	74	0.039629
10000	0.1	72	0.041238
10000	0.1	72	0.039972
10000	0.1	73	0.040031

11000	0.1	71	0.04633
11000	0.1	68	0.045004
11000	0.1	75	0.045008
11000	0.1	67	0.045371
11000	0.1	69	0.044889
11000	0.1	69	0.045011
11000	0.1	70	0.045341
11000	0.1	69	0.062507
11000	0.1	70	0.044718
11000	0.1	72	0.045126
11000	0.1	73	0.045177
11000	0.1	69	0.044777
11000	0.1	69	0.045092
11000	0.1	71	0.044969
11000	0.1	71	0.044895
11000	0.1	69	0.04568
11000	0.1	70	0.045444
11000	0.1	69	0.045034
11000	0.1	68	0.0451
11000	0.1	70	0.045144
11000	0.1	70	0.045005
11000	0.1	69	0.045372
11000	0.1	70	0.045122
11000	0.1	71	0.04471
11000	0.1	73	0.045028
11000	0.1	71	0.044975
11000	0.1	70	0.045302
11000	0.1	68	0.045385
11000	0.1	69	0.045165
11000	0.1	71	0.044986

12000	0.1	72	0.096418
12000	0.1	70	0.050786
12000	0.1	72	0.0511
12000	0.1	71	0.050853
12000	0.1	75	0.051194
12000	0.1	69	0.05077
12000	0.1	70	0.051121
12000	0.1	73	0.053542
12000	0.1	69	0.050538
12000	0.1	77	0.050842
12000	0.1	68	0.051135
12000	0.1	71	0.052853
12000	0.1	69	0.051074
12000	0.1	74	0.050781
12000	0.1	68	0.050434
12000	0.1	71	0.051232
12000	0.1	72	0.050929
12000	0.1	71	0.050451
12000	0.1	72	0.050924
12000	0.1	70	0.051159
12000	0.1	69	0.116402
12000	0.1	71	0.050271
12000	0.1	68	0.05063
12000	0.1	74	0.052017
12000	0.1	69	0.051319
12000	0.1	72	0.05068
12000	0.1	72	0.051195
12000	0.1	67	0.051304
12000	0.1	70	0.051366
12000	0.1	67	0.05067

13000	0.1	71	0.056757
13000	0.1	72	0.057212
13000	0.1	75	0.057118
13000	0.1	68	0.057108
13000	0.1	75	0.05661
13000	0.1	74	0.05772
13000	0.1	72	0.057539
13000	0.1	71	0.057528
13000	0.1	72	0.056646
13000	0.1	74	0.056684
13000	0.1	72	0.05698
13000	0.1	71	0.056742
13000	0.1	67	0.056641
13000	0.1	68	0.05755
13000	0.1	73	0.056474
13000	0.1	72	0.056793
13000	0.1	71	0.057492
13000	0.1	71	0.056578
13000	0.1	70	0.056603
13000	0.1	72	0.056851
13000	0.1	71	0.056914
13000	0.1	70	0.056656
13000	0.1	73	0.056751
13000	0.1	73	0.057341
13000	0.1	71	0.069413
13000	0.1	74	0.058475
13000	0.1	71	0.056989
13000	0.1	73	0.056797
13000	0.1	76	0.056499
13000	0.1	72	0.056691

14000	0.1	70	0.064003
14000	0.1	72	0.0633
14000	0.1	73	0.11032
14000	0.1	73	0.062982
14000	0.1	67	0.063058
14000	0.1	72	0.062611
14000	0.1	70	0.063575
14000	0.1	68	0.06291
14000	0.1	72	0.063487
14000	0.1	70	0.063288
14000	0.1	72	0.063755
14000	0.1	69	0.063416
14000	0.1	72	0.08011
14000	0.1	70	0.062879
14000	0.1	71	0.063299
14000	0.1	73	0.063431
14000	0.1	71	0.062876
14000	0.1	71	0.063401
14000	0.1	69	0.062847
14000	0.1	73	0.062703
14000	0.1	72	0.062872
14000	0.1	72	0.062803
14000	0.1	69	0.063356
14000	0.1	71	0.13049
14000	0.1	70	0.062963
14000	0.1	69	0.063045
14000	0.1	69	0.062707
14000	0.1	71	0.063939
14000	0.1	74	0.062729
14000	0.1	72	0.062799

15000	0.1	72	0.070875
15000	0.1	69	0.069098
15000	0.1	75	0.069873
15000	0.1	73	0.069404
15000	0.1	69	0.070135
15000	0.1	69	0.069519
15000	0.1	71	0.082825
15000	0.1	72	0.069989
15000	0.1	73	0.069827
15000	0.1	78	0.069166
15000	0.1	71	0.069707
15000	0.1	72	0.069633
15000	0.1	70	0.069661
15000	0.1	74	0.06961
15000	0.1	72	0.069665
15000	0.1	69	0.070244
15000	0.1	70	0.069137
15000	0.1	70	0.069398
15000	0.1	70	0.069103
15000	0.1	68	0.069246
15000	0.1	69	0.069982
15000	0.1	66	0.070113
15000	0.1	72	0.070493
15000	0.1	77	0.068925
15000	0.1	70	0.069148
15000	0.1	71	0.069459
15000	0.1	71	0.069031
15000	0.1	69	0.069416
15000	0.1	73	0.068987
15000	0.1	71	0.084714

16000	0.1	73	0.094233
16000	0.1	69	0.075907
16000	0.1	72	0.077014
16000	0.1	73	0.075957
16000	0.1	73	0.076273
16000	0.1	73	0.07594
16000	0.1	69	0.078333
16000	0.1	73	0.076601
16000	0.1	73	0.075798
16000	0.1	71	0.077542
16000	0.1	70	0.076287
16000	0.1	69	0.084165
16000	0.1	72	0.076413
16000	0.1	72	0.07747
16000	0.1	73	0.076061
16000	0.1	74	0.076088
16000	0.1	70	0.076501
16000	0.1	69	0.076259
16000	0.1	70	0.075753
16000	0.1	73	0.085342
16000	0.1	68	0.076236
16000	0.1	69	0.075793
16000	0.1	73	0.076524
16000	0.1	68	0.07709
16000	0.1	69	0.076044
16000	0.1	73	0.076161
16000	0.1	72	0.075881
16000	0.1	70	0.144967
16000	0.1	74	0.075798
16000	0.1	75	0.075798

17000	0.1	70	0.083816
17000	0.1	72	0.082456
17000	0.1	72	0.151151
17000	0.1	76	0.083165
17000	0.1	70	0.083204
17000	0.1	71	0.083009
17000	0.1	72	0.082456
17000	0.1	70	0.082787
17000	0.1	73	0.136503
17000	0.1	72	0.083344
17000	0.1	73	0.083699
17000	0.1	71	0.084565
17000	0.1	70	0.082561
17000	0.1	68	0.082528
17000	0.1	74	0.082831
17000	0.1	72	0.082866
17000	0.1	68	0.082552
17000	0.1	72	0.083312
17000	0.1	69	0.083362
17000	0.1	77	0.082406
17000	0.1	71	0.083662
17000	0.1	69	0.083052
17000	0.1	74	0.08292
17000	0.1	71	0.084409
17000	0.1	72	0.083341
17000	0.1	73	0.082927
17000	0.1	74	0.08319
17000	0.1	73	0.082765
17000	0.1	70	0.082958
17000	0.1	73	0.150469

18000	0.1	75	0.09026
18000	0.1	72	0.089362
18000	0.1	68	0.089848
18000	0.1	71	0.090143
18000	0.1	74	0.090441
18000	0.1	70	0.089882
18000	0.1	76	0.090056
18000	0.1	74	0.089604
18000	0.1	73	0.092154
18000	0.1	74	0.090788
18000	0.1	74	0.090226
18000	0.1	70	0.090346
18000	0.1	72	0.090117
18000	0.1	72	0.089461
18000	0.1	74	0.090172
18000	0.1	68	0.091712
18000	0.1	71	0.089445
18000	0.1	68	0.090161
18000	0.1	71	0.090064
18000	0.1	72	0.089821
18000	0.1	69	0.130164
18000	0.1	72	0.089185
18000	0.1	75	0.091341
18000	0.1	71	0.09024
18000	0.1	74	0.089827
18000	0.1	74	0.090276
18000	0.1	72	0.089876
18000	0.1	69	0.089747
18000	0.1	72	0.090526
18000	0.1	71	0.090002

19000	0.1	69	0.13136
19000	0.1	74	0.097753
19000	0.1	73	0.096735
19000	0.1	71	0.099359
19000	0.1	78	0.11409
19000	0.1	72	0.144641
19000	0.1	75	0.096978
19000	0.1	68	0.09774
19000	0.1	67	0.097135
19000	0.1	75	0.097273
19000	0.1	75	0.09726
19000	0.1	75	0.098496
19000	0.1	74	0.098756
19000	0.1	76	0.097616
19000	0.1	73	0.097297
19000	0.1	71	0.097471
19000	0.1	68	0.096462
19000	0.1	72	0.096812
19000	0.1	74	0.099503
19000	0.1	70	0.097625
19000	0.1	71	0.097685
19000	0.1	68	0.09712
19000	0.1	71	0.099676
19000	0.1	70	0.097861
19000	0.1	68	0.097324
19000	0.1	70	0.097387
19000	0.1	69	0.096706
19000	0.1	68	0.097079
19000	0.1	73	0.100192
19000	0.1	71	0.097875

20000	0.1	69	0.106665
20000	0.1	72	0.110982
20000	0.1	77	0.104425
20000	0.1	67	0.105333
20000	0.1	74	0.10627
20000	0.1	71	0.105002
20000	0.1	71	0.173227
20000	0.1	70	0.104863
20000	0.1	75	0.104453
20000	0.1	73	0.105309
20000	0.1	73	0.104891
20000	0.1	74	0.133179
20000	0.1	70	0.104907
20000	0.1	69	0.104927
20000	0.1	68	0.107108
20000	0.1	75	0.104514
20000	0.1	70	0.123308
20000	0.1	73	0.104353
20000	0.1	71	0.103987
20000	0.1	67	0.10495
20000	0.1	74	0.105292
20000	0.1	73	0.105869
20000	0.1	71	0.106314
20000	0.1	75	0.104652
20000	0.1	73	0.104378
20000	0.1	70	0.107449
20000	0.1	72	0.10432
20000	0.1	69	0.105401
20000	0.1	70	0.104739
20000	0.1	71	0.171709

21000	0.1	74	0.113706
21000	0.1	70	0.167008
21000	0.1	71	0.116101
21000	0.1	70	0.115286
21000	0.1	70	0.115531
21000	0.1	72	0.112285
21000	0.1	73	0.127161
21000	0.1	72	0.114264
21000	0.1	72	0.115933
21000	0.1	73	0.114239
21000	0.1	69	0.144232
21000	0.1	69	0.113622
21000	0.1	71	0.114868
21000	0.1	71	0.113911
21000	0.1	70	0.114622
21000	0.1	69	0.116871
21000	0.1	74	0.114131
21000	0.1	70	0.113762
21000	0.1	71	0.114876
21000	0.1	70	0.11368
21000	0.1	74	0.112764
21000	0.1	68	0.181358
21000	0.1	76	0.125215
21000	0.1	73	0.112969
21000	0.1	72	0.114035
21000	0.1	71	0.136549
21000	0.1	66	0.117287
21000	0.1	69	0.115233
21000	0.1	73	0.180899
21000	0.1	68	0.11699

22000	0.1	70	0.122825
22000	0.1	71	0.125523
22000	0.1	72	0.12764
22000	0.1	74	0.125236
22000	0.1	70	0.120863
22000	0.1	71	0.120835
22000	0.1	73	0.123954
22000	0.1	72	0.121096
22000	0.1	70	0.155158
22000	0.1	75	0.121073
22000	0.1	73	0.153415
22000	0.1	67	0.121075
22000	0.1	72	0.127793
22000	0.1	74	0.120874
22000	0.1	71	0.120465
22000	0.1	73	0.127471
22000	0.1	76	0.120224
22000	0.1	65	0.194854
22000	0.1	72	0.187977
22000	0.1	68	0.121922
22000	0.1	72	0.120144
22000	0.1	69	0.120775
22000	0.1	74	0.122906
22000	0.1	69	0.129295
22000	0.1	72	0.139271
22000	0.1	72	0.151828
22000	0.1	72	0.126495
22000	0.1	72	0.133102
22000	0.1	71	0.120402
22000	0.1	69	0.133219

23000	0.1	72	0.128742
23000	0.1	71	0.197036
23000	0.1	74	0.129114
23000	0.1	72	0.129188
23000	0.1	72	0.128986
23000	0.1	70	0.128647
23000	0.1	70	0.174984
23000	0.1	70	0.131031
23000	0.1	74	0.129122
23000	0.1	73	0.128443
23000	0.1	72	0.12855
23000	0.1	73	0.129643
23000	0.1	69	0.128635
23000	0.1	73	0.131494
23000	0.1	75	0.134053
23000	0.1	71	0.12969
23000	0.1	73	0.132677
23000	0.1	72	0.129275
23000	0.1	72	0.129026
23000	0.1	70	0.130341
23000	0.1	72	0.129598
23000	0.1	71	0.12977
23000	0.1	75	0.129147
23000	0.1	71	0.129857
23000	0.1	70	0.171967
23000	0.1	71	0.190675
23000	0.1	75	0.133427
23000	0.1	72	0.128871
23000	0.1	69	0.128552
23000	0.1	74	0.132589

24000	0.1	74	0.137675
24000	0.1	72	0.138412
24000	0.1	72	0.138032
24000	0.1	74	0.137599
24000	0.1	73	0.139407
24000	0.1	72	0.137058
24000	0.1	71	0.136918
24000	0.1	72	0.137752
24000	0.1	74	0.138173
24000	0.1	72	0.188517
24000	0.1	69	0.206181
24000	0.1	71	0.13704
24000	0.1	68	0.13768
24000	0.1	72	0.13833
24000	0.1	69	0.137288
24000	0.1	76	0.206933
24000	0.1	74	0.181612
24000	0.1	77	0.137158
24000	0.1	71	0.138483
24000	0.1	71	0.183359
24000	0.1	74	0.136867
24000	0.1	75	0.136713
24000	0.1	70	0.137279
24000	0.1	74	0.136607
24000	0.1	69	0.138627
24000	0.1	71	0.137588
24000	0.1	72	0.136985
24000	0.1	72	0.13673
24000	0.1	71	0.137969
24000	0.1	69	0.140715

25000	0.1	76	0.145925
25000	0.1	73	0.146126
25000	0.1	70	0.146355
25000	0.1	75	0.145303
25000	0.1	77	0.14589
25000	0.1	71	0.146756
25000	0.1	73	0.145867
25000	0.1	73	0.146363
25000	0.1	73	0.213888
25000	0.1	72	0.149413
25000	0.1	73	0.146647
25000	0.1	71	0.14767
25000	0.1	73	0.145897
25000	0.1	71	0.147829
25000	0.1	78	0.147248
25000	0.1	71	0.147239
25000	0.1	73	0.214666
25000	0.1	72	0.145435
25000	0.1	71	0.146263
25000	0.1	72	0.151059
25000	0.1	72	0.145672
25000	0.1	75	0.148112
25000	0.1	71	0.145844
25000	0.1	71	0.14653
25000	0.1	70	0.214381
25000	0.1	72	0.146643
25000	0.1	71	0.163966
25000	0.1	71	0.146699
25000	0.1	72	0.148568
25000	0.1	71	0.14614

26000	0.1	69	0.172755
26000	0.1	71	0.155006
26000	0.1	73	0.15452
26000	0.1	72	0.155591
26000	0.1	72	0.163196
26000	0.1	72	0.224268
26000	0.1	72	0.154501
26000	0.1	75	0.156103
26000	0.1	76	0.155091
26000	0.1	73	0.155154
26000	0.1	76	0.154406
26000	0.1	71	0.157898
26000	0.1	73	0.156805
26000	0.1	72	0.154842
26000	0.1	73	0.154512
26000	0.1	74	0.155724
26000	0.1	73	0.155034
26000	0.1	71	0.155464
26000	0.1	76	0.224175
26000	0.1	73	0.155497
26000	0.1	72	0.155475
26000	0.1	71	0.15452
26000	0.1	73	0.154697
26000	0.1	69	0.1559
26000	0.1	73	0.154885
26000	0.1	73	0.155334
26000	0.1	75	0.155015
26000	0.1	72	0.154959
26000	0.1	71	0.223933
26000	0.1	73	0.154663

27000	0.1	72	0.233454
27000	0.1	71	0.170564
27000	0.1	73	0.164713
27000	0.1	66	0.167151
27000	0.1	73	0.16641
27000	0.1	72	0.16487
27000	0.1	75	0.164537
27000	0.1	74	0.168441
27000	0.1	69	0.20117
27000	0.1	76	0.164856
27000	0.1	75	0.164442
27000	0.1	73	0.16357
27000	0.1	70	0.194232
27000	0.1	72	0.164903
27000	0.1	73	0.165142
27000	0.1	77	0.17695
27000	0.1	71	0.165888
27000	0.1	70	0.182867
27000	0.1	71	0.16596
27000	0.1	72	0.165781
27000	0.1	72	0.172259
27000	0.1	74	0.166461
27000	0.1	75	0.164469
27000	0.1	68	0.163513
27000	0.1	71	0.165458
27000	0.1	70	0.166104
27000	0.1	72	0.1817
27000	0.1	70	0.164334
27000	0.1	69	0.204413
27000	0.1	71	0.164972

28000	0.1	75	0.174329
28000	0.1	70	0.197112
28000	0.1	72	0.173042
28000	0.1	69	0.174531
28000	0.1	74	0.173343
28000	0.1	73	0.183049
28000	0.1	71	0.19364
28000	0.1	73	0.193584
28000	0.1	70	0.173933
28000	0.1	75	0.174362
28000	0.1	72	0.174469
28000	0.1	70	0.173705
28000	0.1	71	0.181077
28000	0.1	75	0.174785
28000	0.1	72	0.179536
28000	0.1	71	0.179184
28000	0.1	71	0.17389
28000	0.1	75	0.174299
28000	0.1	71	0.174815
28000	0.1	73	0.175098
28000	0.1	68	0.174655
28000	0.1	69	0.181537
28000	0.1	76	0.203622
28000	0.1	71	0.175378
28000	0.1	74	0.174797
28000	0.1	74	0.174038
28000	0.1	71	0.179725
28000	0.1	73	0.229282
28000	0.1	72	0.176312
28000	0.1	68	0.174343

29000	0.1	71	0.199325
29000	0.1	74	0.183381
29000	0.1	75	0.250826
29000	0.1	72	0.182837
29000	0.1	70	0.183508
29000	0.1	72	0.217236
29000	0.1	71	0.183928
29000	0.1	74	0.185576
29000	0.1	73	0.18454
29000	0.1	68	0.184187
29000	0.1	71	0.186869
29000	0.1	72	0.184342
29000	0.1	69	0.185384
29000	0.1	74	0.183956
29000	0.1	78	0.184748
29000	0.1	75	0.215595
29000	0.1	75	0.18526
29000	0.1	76	0.185477
29000	0.1	73	0.187904
29000	0.1	74	0.189998
29000	0.1	74	0.182624
29000	0.1	70	0.183912
29000	0.1	69	0.250873
29000	0.1	75	0.193966
29000	0.1	72	0.255149
29000	0.1	73	0.184448
29000	0.1	71	0.185746
29000	0.1	72	0.189782
29000	0.1	71	0.23974
29000	0.1	69	0.229483

30000	0.1	76	0.198935
30000	0.1	74	0.19329
30000	0.1	72	0.19332
30000	0.1	70	0.194776
30000	0.1	72	0.198983
30000	0.1	73	0.193201
30000	0.1	71	0.19409
30000	0.1	70	0.246852
30000	0.1	72	0.195647
30000	0.1	72	0.261649
30000	0.1	72	0.192906
30000	0.1	76	0.194859
30000	0.1	74	0.192674
30000	0.1	73	0.193522
30000	0.1	72	0.266963
30000	0.1	71	0.193071
30000	0.1	71	0.193098
30000	0.1	73	0.194214
30000	0.1	76	0.194343
30000	0.1	69	0.192977
30000	0.1	75	0.19328
30000	0.1	71	0.193973
30000	0.1	70	0.194831
30000	0.1	73	0.194882
30000	0.1	70	0.19263
30000	0.1	76	0.193489
30000	0.1	71	0.198112
30000	0.1	73	0.194687
30000	0.1	72	0.195557
30000	0.1	76	0.195129

