1000	0.1	47	0.010474
1000	0.1	50	0.008352
1000	0.1	56	0.007486
1000	0.1	44	0.006513
1000	0.1	46	0.005956
1000	0.1	42	0.005516
1000	0.1	53	0.005317
1000	0.1	46	0.005062
1000	0.1	47	0.005171
1000	0.1	42	0.004758
1000	0.1	42	0.004734
1000	0.1	45	0.004524
1000	0.1	46	0.00438
1000	0.1	40	0.004298
1000	0.1	41	0.004298
1000	0.1	39	0.004077
1000	0.1	48	0.002719
1000	0.1	48	0.002805
1000	0.1	47	0.002684
1000	0.1	42	0.004617
1000	0.1	41	0.003592
1000	0.1	46	0.002535
1000	0.1	44	0.002604
1000	0.1	39	0.002522
1000	0.1	37	0.002511
1000	0.1	46	0.002552
1000	0.1	41	0.002471
1000	0.1	44	0.00251
1000	0.1	42	0.002506
1000	0.1	42	0.002516

2000	0.1	44	0.006002
2000	0.1	49	0.00591
2000	0.1	52	0.0058
2000	0.1	55	0.005466
2000	0.1	57	0.005602
2000	0.1	57	0.005647
2000	0.1	40	0.005633
2000	0.1	52	0.005702
2000	0.1	45	0.005786
2000	0.1	53	0.005581
2000	0.1	46	0.005442
2000	0.1	64	0.005592
2000	0.1	48	0.005554
2000	0.1	51	0.005778
2000	0.1	43	0.009789
2000	0.1	53	0.00991
2000	0.1	54	0.009308
2000	0.1	53	0.007454
2000	0.1	41	0.005547
2000	0.1	59	0.005553
2000	0.1	55	0.011175
2000	0.1	53	0.005519
2000	0.1	51	0.005746
2000	0.1	45	0.00575
2000	0.1	55	0.005803
2000	0.1	53	0.005596
2000	0.1	56	0.005764
2000	0.1	57	0.005551
2000	0.1	46	0.00585
2000	0.1	51	0.005502

3000	0.1	54	0.009574
3000	0.1	58	0.009702
3000	0.1	58	0.009277
3000	0.1	50	0.009327
3000	0.1	50	0.008978
3000	0.1	54	0.008705
3000	0.1	52	0.029854
3000	0.1	51	0.023277
3000	0.1	61	0.018558
3000	0.1	52	0.017217
3000	0.1	49	0.015951
3000	0.1	39	0.013028
3000	0.1	51	0.009441
3000	0.1	49	0.009214
3000	0.1	47	0.00889
3000	0.1	52	0.009077
3000	0.1	51	0.009085
3000	0.1	47	0.009213
3000	0.1	57	0.009531
3000	0.1	60	0.008906
3000	0.1	59	0.00926
3000	0.1	56	0.008924
3000	0.1	52	0.009308
3000	0.1	61	0.009714
3000	0.1	53	0.008796
3000	0.1	47	0.009069
3000	0.1	63	0.009386
3000	0.1	56	0.009337
3000	0.1	52	0.009454
3000	0.1	53	0.009315

4000	0.1	46	0.013508
4000	0.1	53	0.013971
4000	0.1	43	0.013913
4000	0.1	62	0.012921
4000	0.1	55	0.012842
4000	0.1	61	0.023113
4000	0.1	60	0.012983
4000	0.1	50	0.012691
4000	0.1	57	0.013062
4000	0.1	53	0.012731
4000	0.1	40	0.013088
4000	0.1	56	0.013353
4000	0.1	53	0.013266
4000	0.1	58	0.012574
4000	0.1	55	0.012931
4000	0.1	53	0.013203
4000	0.1	50	0.013936
4000	0.1	62	0.012518
4000	0.1	50	0.012642
4000	0.1	59	0.013541
4000	0.1	54	0.013002
4000	0.1	46	0.013104
4000	0.1	55	0.013199
4000	0.1	56	0.012738
4000	0.1	53	0.012743
4000	0.1	58	0.013003
4000	0.1	54	0.012734
4000	0.1	57	0.012944
4000	0.1	56	0.012565
4000	0.1	55	0.012707

5000	0.1	56	0.016859
5000	0.1	61	0.032905
5000	0.1	56	0.027416
5000	0.1	51	0.051174
5000	0.1	44	0.035249
5000	0.1	49	0.029373
5000	0.1	51	0.017155
5000	0.1	52	0.017411
5000	0.1	62	0.017259
5000	0.1	62	0.017226
5000	0.1	54	0.017013
5000	0.1	62	0.017346
5000	0.1	63	0.030269
5000	0.1	47	0.018136
5000	0.1	61	0.017272
5000	0.1	48	0.016468
5000	0.1	59	0.017086
5000	0.1	66	0.01675
5000	0.1	60	0.044101
5000	0.1	50	0.016917
5000	0.1	67	0.017036
5000	0.1	47	0.025997
5000	0.1	52	0.01726
5000	0.1	51	0.017171
5000	0.1	57	0.017658
5000	0.1	61	0.017894
5000	0.1	59	0.016255
5000	0.1	63	0.016916
5000	0.1	55	0.016803
5000	0.1	45	0.017729

6000	0.1	52	0.023038
6000	0.1	59	0.052069
6000	0.1	42	0.027395
6000	0.1	48	0.021895
6000	0.1	50	0.023714
6000	0.1	56	0.020986
6000	0.1	46	0.022649
6000	0.1	55	0.022204
6000	0.1	55	0.021413
6000	0.1	55	0.021826
6000	0.1	54	0.021815
6000	0.1	63	0.02251
6000	0.1	57	0.02241
6000	0.1	60	0.022973
6000	0.1	58	0.021923
6000	0.1	55	0.02299
6000	0.1	50	0.022584
6000	0.1	61	0.022197
6000	0.1	70	0.021702
6000	0.1	53	0.02233
6000	0.1	57	0.022249
6000	0.1	52	0.023318
6000	0.1	59	0.021749
6000	0.1	48	0.058981
6000	0.1	59	0.034062
6000	0.1	57	0.021633
6000	0.1	62	0.02181
6000	0.1	46	0.021292
6000	0.1	49	0.053899
6000	0.1	60	0.03598

7000	0.1	54	0.028303
7000	0.1	63	0.066195
7000	0.1	41	0.045404
7000	0.1	52	0.028746
7000	0.1	56	0.027824
7000	0.1	61	0.026021
7000	0.1	55	0.026754
7000	0.1	56	0.026818
7000	0.1	54	0.02832
7000	0.1	37	0.028767
7000	0.1	57	0.027994
7000	0.1	47	0.029406
7000	0.1	58	0.027229
7000	0.1	54	0.025949
7000	0.1	63	0.02689
7000	0.1	61	0.026404
7000	0.1	59	0.025856
7000	0.1	67	0.025615
7000	0.1	61	0.026372
7000	0.1	66	0.027745
7000	0.1	49	0.048578
7000	0.1	66	0.027631
7000	0.1	41	0.028122
7000	0.1	61	0.027521
7000	0.1	60	0.027259
7000	0.1	72	0.026646
7000	0.1	63	0.027315
7000	0.1	45	0.030495
7000	0.1	49	0.029845
7000	0.1	61	0.026568

8000	0.1	51	0.033617
8000	0.1	49	0.032312
8000	0.1	63	0.032202
8000	0.1	58	0.03387
8000	0.1	62	0.033273
8000	0.1	64	0.03488
8000	0.1	51	0.034128
8000	0.1	62	0.032691
8000	0.1	56	0.033357
8000	0.1	45	0.037237
8000	0.1	63	0.033507
8000	0.1	63	0.033018
8000	0.1	61	0.032937
8000	0.1	43	0.038049
8000	0.1	70	0.034392
8000	0.1	61	0.03176
8000	0.1	64	0.033407
8000	0.1	56	0.033092
8000	0.1	51	0.034353
8000	0.1	57	0.032192
8000	0.1	42	0.038445
8000	0.1	55	0.031268
8000	0.1	65	0.032173
8000	0.1	59	0.033124
8000	0.1	61	0.032038
8000	0.1	51	0.034103
8000	0.1	62	0.03387
8000	0.1	57	0.032973
8000	0.1	56	0.0332
8000	0.1	52	0.034927

9000	0.1	63	0.040376
9000	0.1	60	0.039686
9000	0.1	52	0.038136
9000	0.1	63	0.038701
9000	0.1	44	0.043747
9000	0.1	65	0.037013
9000	0.1	65	0.037636
9000	0.1	63	0.039772
9000	0.1	60	0.039486
9000	0.1	48	0.039396
9000	0.1	67	0.037601
9000	0.1	56	0.040819
9000	0.1	51	0.04099
9000	0.1	56	0.040091
9000	0.1	64	0.041498
9000	0.1	56	0.062395
9000	0.1	50	0.041986
9000	0.1	67	0.03714
9000	0.1	62	0.038701
9000	0.1	45	0.044674
9000	0.1	63	0.039165
9000	0.1	53	0.040202
9000	0.1	58	0.039471
9000	0.1	50	0.039785
9000	0.1	54	0.039153
9000	0.1	61	0.041801
9000	0.1	58	0.039912
9000	0.1	61	0.036813
9000	0.1	54	0.04176
9000	0.1	60	0.038769

10000	0.1	63	0.044639
10000	0.1	65	0.062172
10000	0.1	55	0.045007
10000	0.1	63	0.044224
10000	0.1	51	0.049812
10000	0.1	56	0.04718
10000	0.1	58	0.045481
10000	0.1	57	0.047097
10000	0.1	56	0.044665
10000	0.1	55	0.044944
10000	0.1	50	0.046229
10000	0.1	65	0.045207
10000	0.1	59	0.064832
10000	0.1	58	0.045298
10000	0.1	57	0.04591
10000	0.1	50	0.047787
10000	0.1	59	0.047644
10000	0.1	55	0.046806
10000	0.1	58	0.048557
10000	0.1	66	0.044781
10000	0.1	59	0.049214
10000	0.1	56	0.045597
10000	0.1	61	0.045381
10000	0.1	58	0.049085
10000	0.1	46	0.04986
10000	0.1	56	0.04891
10000	0.1	51	0.047855
10000	0.1	65	0.052142
10000	0.1	61	0.04543
10000	0.1	43	0.047821

11000	0.1	65	0.051896
11000	0.1	56	0.052774
11000	0.1	49	0.065137
11000	0.1	61	0.053533
11000	0.1	67	0.053538
11000	0.1	44	0.057198
11000	0.1	67	0.052715
11000	0.1	59	0.055553
11000	0.1	65	0.076572
11000	0.1	59	0.053093
11000	0.1	59	0.053403
11000	0.1	59	0.053097
11000	0.1	61	0.048814
11000	0.1	61	0.050513
11000	0.1	52	0.052523
11000	0.1	61	0.053219
11000	0.1	50	0.051654
11000	0.1	53	0.056683
11000	0.1	57	0.052631
11000	0.1	67	0.050119
11000	0.1	44	0.058618
11000	0.1	59	0.050714
11000	0.1	59	0.052693
11000	0.1	65	0.052076
11000	0.1	64	0.052544
11000	0.1	71	0.051323
11000	0.1	55	0.051527
11000	0.1	67	0.048906
11000	0.1	61	0.055839
11000	0.1	51	0.058093

12000	0.1	61	0.062424
12000	0.1	63	0.059804
12000	0.1	63	0.057203
12000	0.1	68	0.057067
12000	0.1	65	0.058822
12000	0.1	59	0.056038
12000	0.1	65	0.056993
12000	0.1	50	0.059341
12000	0.1	54	0.068153
12000	0.1	50	0.063454
12000	0.1	65	0.059491
12000	0.1	51	0.060603
12000	0.1	55	0.063488
12000	0.1	62	0.059256
12000	0.1	56	0.058662
12000	0.1	59	0.060966
12000	0.1	63	0.05971
12000	0.1	60	0.061542
12000	0.1	55	0.066742
12000	0.1	53	0.061544
12000	0.1	59	0.058759
12000	0.1	63	0.058943
12000	0.1	60	0.059236
12000	0.1	37	0.109242
12000	0.1	59	0.109005
12000	0.1	55	0.06729
12000	0.1	52	0.06742
12000	0.1	53	0.065511
12000	0.1	59	0.060146
12000	0.1	55	0.064753

13000	0.1	61	0.071521
13000	0.1	56	0.066497
13000	0.1	65	0.064173
13000	0.1	67	0.066367
13000	0.1	59	0.065028
13000	0.1	48	0.075398
13000	0.1	58	0.066654
13000	0.1	56	0.077785
13000	0.1	53	0.122142
13000	0.1	57	0.083129
13000	0.1	55	0.066942
13000	0.1	57	0.076579
13000	0.1	49	0.069819
13000	0.1	55	0.065976
13000	0.1	62	0.06669
13000	0.1	51	0.067311
13000	0.1	55	0.070391
13000	0.1	57	0.068852
13000	0.1	65	0.065872
13000	0.1	63	0.06929
13000	0.1	65	0.132873
13000	0.1	58	0.133737
13000	0.1	60	0.068492
13000	0.1	56	0.070569
13000	0.1	68	0.069267
13000	0.1	52	0.076588
13000	0.1	59	0.069257
13000	0.1	62	0.064979
13000	0.1	64	0.066478
13000	0.1	60	0.065245

14000	0.1	64	0.074311
14000	0.1	64	0.072265
14000	0.1	53	0.081697
14000	0.1	52	0.088823
14000	0.1	57	0.091554
14000	0.1	55	0.116124
14000	0.1	59	0.095795
14000	0.1	66	0.089885
14000	0.1	60	0.070369
14000	0.1	50	0.083354
14000	0.1	63	0.071338
14000	0.1	64	0.079766
14000	0.1	62	0.071178
14000	0.1	47	0.088654
14000	0.1	63	0.075961
14000	0.1	47	0.087395
14000	0.1	59	0.085997
14000	0.1	58	0.085787
14000	0.1	66	0.109176
14000	0.1	70	0.072033
14000	0.1	53	0.081225
14000	0.1	69	0.074206
14000	0.1	59	0.079543
14000	0.1	74	0.073031
14000	0.1	67	0.071011
14000	0.1	63	0.089119
14000	0.1	61	0.071819
14000	0.1	66	0.074424
14000	0.1	56	0.077029
14000	0.1	55	0.096491

15000	0.1	59	0.146815
15000	0.1	40	0.141822
15000	0.1	62	0.137604
15000	0.1	55	0.081041
15000	0.1	69	0.081877
15000	0.1	67	0.085053
15000	0.1	56	0.086652
15000	0.1	65	0.080985
15000	0.1	67	0.084642
15000	0.1	61	0.082673
15000	0.1	58	0.09008
15000	0.1	65	0.14956
15000	0.1	69	0.126608
15000	0.1	64	0.117251
15000	0.1	56	0.104775
15000	0.1	59	0.143057
15000	0.1	66	0.089959
15000	0.1	60	0.080783
15000	0.1	66	0.149912
15000	0.1	54	0.151524
15000	0.1	53	0.157581
15000	0.1	70	0.08421
15000	0.1	59	0.093265
15000	0.1	53	0.102196
15000	0.1	62	0.079455
15000	0.1	60	0.088019
15000	0.1	65	0.083344
15000	0.1	42	0.091638
15000	0.1	68	0.082377
15000	0.1	64	0.081997

16000	0.1	62	0.091018
16000	0.1	47	0.163583
16000	0.1	62	0.16077
16000	0.1	57	0.1576
16000	0.1	61	0.089784
16000	0.1	54	0.098689
16000	0.1	62	0.086372
16000	0.1	53	0.094643
16000	0.1	63	0.090656
16000	0.1	65	0.089306
16000	0.1	57	0.093591
16000	0.1	69	0.088372
16000	0.1	69	0.086264
16000	0.1	53	0.091008
16000	0.1	74	0.09987
16000	0.1	61	0.118645
16000	0.1	50	0.179274
16000	0.1	51	0.094031
16000	0.1	66	0.088581
16000	0.1	57	0.09614
16000	0.1	59	0.092495
16000	0.1	70	0.088973
16000	0.1	68	0.092488
16000	0.1	51	0.089432
16000	0.1	44	0.107161
16000	0.1	64	0.124273
16000	0.1	53	0.14902
16000	0.1	61	0.086814
16000	0.1	63	0.091064
16000	0.1	62	0.094094

17000	0.1	58	0.101142
17000	0.1	60	0.10462
17000	0.1	59	0.105923
17000	0.1	58	0.18015
17000	0.1	54	0.117846
17000	0.1	59	0.112781
17000	0.1	58	0.104138
17000	0.1	61	0.098229
17000	0.1	69	0.102922
17000	0.1	65	0.098049
17000	0.1	59	0.101879
17000	0.1	67	0.096279
17000	0.1	64	0.096333
17000	0.1	63	0.098784
17000	0.1	47	0.10314
17000	0.1	72	0.12146
17000	0.1	61	0.138883
17000	0.1	58	0.103413
17000	0.1	65	0.123456
17000	0.1	62	0.152462
17000	0.1	63	0.14914
17000	0.1	64	0.096993
17000	0.1	48	0.130739
17000	0.1	58	0.106204
17000	0.1	60	0.104737
17000	0.1	64	0.101029
17000	0.1	58	0.12326
17000	0.1	61	0.165299
17000	0.1	52	0.123691
17000	0.1	65	0.094556

18000	0.1	61	0.125707
18000	0.1	54	0.178916
18000	0.1	64	0.176391
18000	0.1	54	0.178133
18000	0.1	65	0.134597
18000	0.1	56	0.109458
18000	0.1	67	0.112279
18000	0.1	51	0.12665
18000	0.1	57	0.116871
18000	0.1	65	0.106702
18000	0.1	53	0.14142
18000	0.1	66	0.152202
18000	0.1	58	0.117987
18000	0.1	57	0.140017
18000	0.1	72	0.173168
18000	0.1	45	0.200498
18000	0.1	66	0.173726
18000	0.1	62	0.100905
18000	0.1	52	0.130226
18000	0.1	63	0.106534
18000	0.1	50	0.129466
18000	0.1	70	0.105187
18000	0.1	57	0.19786
18000	0.1	64	0.112535
18000	0.1	60	0.102344
18000	0.1	53	0.147856
18000	0.1	60	0.167617
18000	0.1	62	0.176047
18000	0.1	53	0.126465
18000	0.1	57	0.116032

19000	0.1	51	0.175962
19000	0.1	55	0.189809
19000	0.1	64	0.177358
19000	0.1	48	0.199717
19000	0.1	53	0.17229
19000	0.1	55	0.190577
19000	0.1	63	0.179864
19000	0.1	60	0.133078
19000	0.1	66	0.15782
19000	0.1	61	0.185385
19000	0.1	64	0.155835
19000	0.1	64	0.156896
19000	0.1	60	0.123075
19000	0.1	58	0.134663
19000	0.1	70	0.112572
19000	0.1	65	0.118085
19000	0.1	53	0.123995
19000	0.1	56	0.130227
19000	0.1	60	0.119928
19000	0.1	64	0.118248
19000	0.1	55	0.147683
19000	0.1	68	0.174457
19000	0.1	50	0.187208
19000	0.1	61	0.133932
19000	0.1	60	0.131466
19000	0.1	59	0.115549
19000	0.1	64	0.115651
19000	0.1	54	0.123162
19000	0.1	67	0.118751
19000	0.1	64	0.117779

20000	0.1	58	0.149193
20000	0.1	57	0.161812
20000	0.1	65	0.187328
20000	0.1	57	0.175144
20000	0.1	60	0.13551
20000	0.1	67	0.128624
20000	0.1	57	0.133028
20000	0.1	64	0.166317
20000	0.1	66	0.154894
20000	0.1	63	0.195392
20000	0.1	63	0.183664
20000	0.1	70	0.126883
20000	0.1	53	0.129736
20000	0.1	61	0.138294
20000	0.1	54	0.142319
20000	0.1	54	0.155621
20000	0.1	66	0.124984
20000	0.1	60	0.197788
20000	0.1	66	0.192248
20000	0.1	63	0.173749
20000	0.1	62	0.127544
20000	0.1	57	0.132206
20000	0.1	62	0.139782
20000	0.1	72	0.125686
20000	0.1	53	0.139001
20000	0.1	52	0.161261
20000	0.1	52	0.229979
20000	0.1	65	0.148164
20000	0.1	53	0.141951
20000	0.1	60	0.141647

21000	0.1	47	0.183109
21000	0.1	46	0.226282
21000	0.1	61	0.216582
21000	0.1	57	0.138315
21000	0.1	59	0.157738
21000	0.1	48	0.182949
21000	0.1	54	0.151695
21000	0.1	50	0.177173
21000	0.1	68	0.180357
21000	0.1	58	0.223271
21000	0.1	65	0.207443
21000	0.1	59	0.193212
21000	0.1	55	0.206512
21000	0.1	53	0.210148
21000	0.1	44	0.247544
21000	0.1	55	0.205233
21000	0.1	61	0.205
21000	0.1	62	0.135769
21000	0.1	64	0.137913
21000	0.1	61	0.141077
21000	0.1	58	0.18177
21000	0.1	53	0.19263
21000	0.1	63	0.206735
21000	0.1	57	0.217501
21000	0.1	70	0.197725
21000	0.1	64	0.132154
21000	0.1	49	0.142581
21000	0.1	45	0.175857
21000	0.1	54	0.209068
21000	0.1	51	0.18219

22000	0.1	61	0.157916
22000	0.1	69	0.158019
22000	0.1	67	0.149363
22000	0.1	62	0.19048
22000	0.1	64	0.14953
22000	0.1	53	0.156243
22000	0.1	68	0.146298
22000	0.1	48	0.190094
22000	0.1	57	0.167169
22000	0.1	70	0.186822
22000	0.1	59	0.232244
22000	0.1	56	0.221768
22000	0.1	65	0.222722
22000	0.1	60	0.228043
22000	0.1	60	0.206425
22000	0.1	65	0.21757
22000	0.1	55	0.225571
22000	0.1	66	0.214918
22000	0.1	62	0.196522
22000	0.1	64	0.227483
22000	0.1	65	0.223154
22000	0.1	58	0.224196
22000	0.1	63	0.229939
22000	0.1	63	0.222366
22000	0.1	53	0.204617
22000	0.1	62	0.150853
22000	0.1	65	0.179862
22000	0.1	72	0.149927
22000	0.1	65	0.148671
22000	0.1	56	0.153579

23000	0.1	65	0.152929
23000	0.1	67	0.221709
23000	0.1	59	0.1581
23000	0.1	52	0.213176
23000	0.1	65	0.21526
23000	0.1	56	0.192043
23000	0.1	55	0.226592
23000	0.1	62	0.235047
23000	0.1	70	0.223509
23000	0.1	51	0.226201
23000	0.1	60	0.233814
23000	0.1	67	0.235704
23000	0.1	63	0.240834
23000	0.1	59	0.229181
23000	0.1	54	0.279679
23000	0.1	56	0.248491
23000	0.1	65	0.222772
23000	0.1	54	0.243524
23000	0.1	54	0.183549
23000	0.1	63	0.163751
23000	0.1	65	0.16031
23000	0.1	58	0.229662
23000	0.1	44	0.286918
23000	0.1	70	0.188375
23000	0.1	63	0.225025
23000	0.1	63	0.241989
23000	0.1	58	0.23296
23000	0.1	67	0.208872
23000	0.1	53	0.204438
23000	0.1	66	0.174875

24000	0.1	68	0.182128
24000	0.1	52	0.229725
24000	0.1	67	0.209479
24000	0.1	64	0.23266
24000	0.1	53	0.251051
24000	0.1	49	0.223476
24000	0.1	47	0.289195
24000	0.1	61	0.185991
24000	0.1	53	0.247076
24000	0.1	68	0.169664
24000	0.1	60	0.17657
24000	0.1	51	0.187736
24000	0.1	66	0.20355
24000	0.1	59	0.254349
24000	0.1	62	0.194235
24000	0.1	59	0.241059
24000	0.1	68	0.20436
24000	0.1	53	0.254557
24000	0.1	66	0.23268
24000	0.1	67	0.184904
24000	0.1	62	0.2185
24000	0.1	65	0.240457
24000	0.1	62	0.165101
24000	0.1	61	0.248767
24000	0.1	53	0.184871
24000	0.1	60	0.178036
24000	0.1	56	0.180156
24000	0.1	67	0.163341
24000	0.1	64	0.179566
24000	0.1	58	0.231402

25000	0.1	70	0.181553
25000	0.1	43	0.218109
25000	0.1	50	0.210024
25000	0.1	68	0.202368
25000	0.1	49	0.249738
25000	0.1	68	0.179943
25000	0.1	64	0.232514
25000	0.1	57	0.241986
25000	0.1	68	0.238507
25000	0.1	65	0.218549
25000	0.1	61	0.184275
25000	0.1	42	0.278753
25000	0.1	66	0.203556
25000	0.1	68	0.25803
25000	0.1	55	0.203229
25000	0.1	54	0.228712
25000	0.1	59	0.214535
25000	0.1	67	0.198366
25000	0.1	61	0.249817
25000	0.1	57	0.193558
25000	0.1	58	0.256908
25000	0.1	63	0.252659
25000	0.1	67	0.195488
25000	0.1	68	0.194788
25000	0.1	71	0.177006
25000	0.1	44	0.203859
25000	0.1	69	0.200795
25000	0.1	59	0.247962
25000	0.1	53	0.243158
25000	0.1	60	0.191845

26000	0.1	69	0.199163
26000	0.1	61	0.19993
26000	0.1	66	0.264689
26000	0.1	67	0.197242
26000	0.1	48	0.254277
26000	0.1	64	0.264977
26000	0.1	64	0.242033
26000	0.1	61	0.256131
26000	0.1	70	0.240665
26000	0.1	57	0.223834
26000	0.1	60	0.232029
26000	0.1	57	0.224907
26000	0.1	56	0.222192
26000	0.1	67	0.225995
26000	0.1	68	0.212316
26000	0.1	66	0.190583
26000	0.1	63	0.199507
26000	0.1	60	0.197939
26000	0.1	63	0.208224
26000	0.1	55	0.219002
26000	0.1	57	0.221113
26000	0.1	60	0.193802
26000	0.1	63	0.241106
26000	0.1	59	0.224464
26000	0.1	58	0.198044
26000	0.1	71	0.202314
26000	0.1	61	0.210653
26000	0.1	55	0.223957
26000	0.1	58	0.212848
26000	0.1	45	0.245821

27000	0.1	47	0.25651
27000	0.1	62	0.254032
27000	0.1	56	0.239532
27000	0.1	48	0.270438
27000	0.1	68	0.202835
27000	0.1	68	0.252781
27000	0.1	51	0.26916
27000	0.1	60	0.264849
27000	0.1	72	0.253618
27000	0.1	61	0.208323
27000	0.1	60	0.245263
27000	0.1	62	0.214624
27000	0.1	62	0.285434
27000	0.1	59	0.250992
27000	0.1	57	0.238288
27000	0.1	69	0.202002
27000	0.1	59	0.211329
27000	0.1	57	0.209255
27000	0.1	47	0.272743
27000	0.1	65	0.245594
27000	0.1	74	0.199007
27000	0.1	72	0.233892
27000	0.1	68	0.236913
27000	0.1	58	0.270114
27000	0.1	62	0.216606
27000	0.1	68	0.21653
27000	0.1	67	0.21291
27000	0.1	65	0.214946
27000	0.1	70	0.204578
27000	0.1	62	0.230164

28000	0.1	49	0.355198
28000	0.1	63	0.219646
28000	0.1	53	0.284311
28000	0.1	57	0.233215
28000	0.1	60	0.252731
28000	0.1	67	0.27948
28000	0.1	65	0.320539
28000	0.1	70	0.257653
28000	0.1	55	0.253307
28000	0.1	66	0.22938
28000	0.1	63	0.234166
28000	0.1	62	0.255204
28000	0.1	62	0.226889
28000	0.1	69	0.224976
28000	0.1	70	0.256914
28000	0.1	66	0.225
28000	0.1	57	0.235746
28000	0.1	64	0.309238
28000	0.1	62	0.237657
28000	0.1	63	0.234148
28000	0.1	62	0.255101
28000	0.1	66	0.299282
28000	0.1	60	0.22113
28000	0.1	61	0.228572
28000	0.1	60	0.240846
28000	0.1	66	0.220753
28000	0.1	59	0.238768
28000	0.1	57	0.262358
28000	0.1	70	0.209843
28000	0.1	63	0.244938

29000	0.1	47	0.259933
29000	0.1	70	0.218871
29000	0.1	64	0.233485
29000	0.1	56	0.32076
29000	0.1	61	0.231868
29000	0.1	64	0.296755
29000	0.1	51	0.352604
29000	0.1	67	0.245711
29000	0.1	65	0.24979
29000	0.1	58	0.253189
29000	0.1	52	0.274507
29000	0.1	57	0.289702
29000	0.1	69	0.31589
29000	0.1	58	0.3095
29000	0.1	68	0.295188
29000	0.1	68	0.255207
29000	0.1	61	0.245126
29000	0.1	51	0.359537
29000	0.1	67	0.330347
29000	0.1	60	0.296559
29000	0.1	62	0.291989
29000	0.1	69	0.225644
29000	0.1	61	0.324864
29000	0.1	60	0.250093
29000	0.1	48	0.325023
29000	0.1	56	0.296975
29000	0.1	60	0.305645
29000	0.1	59	0.236939
29000	0.1	54	0.292957
29000	0.1	56	0.272373

30000	0.1	63	0.268938
30000	0.1	60	0.255829
30000	0.1	67	0.233369
30000	0.1	71	0.274609
30000	0.1	65	0.30754
30000	0.1	61	0.244886
30000	0.1	65	0.263771
30000	0.1	59	0.272305
30000	0.1	65	0.240413
30000	0.1	72	0.24348
30000	0.1	65	0.239196
30000	0.1	62	0.274334
30000	0.1	70	0.235574
30000	0.1	54	0.298443
30000	0.1	68	0.246856
30000	0.1	63	0.261276
30000	0.1	52	0.259208
30000	0.1	63	0.276572
30000	0.1	57	0.30177
30000	0.1	69	0.250326
30000	0.1	56	0.318657
30000	0.1	64	0.247285
30000	0.1	63	0.274233
30000	0.1	65	0.275885
30000	0.1	66	0.283954
30000	0.1	60	0.31951
30000	0.1	63	0.244018
30000	0.1	65	0.284876
30000	0.1	71	0.238854
30000	0.1	68	0.24611

