1000	0.2	12	0.005937
1000	0.2	14	0.005599
1000	0.2	18	0.005084
1000	0.2	14	0.002705
1000	0.2	9	0.004686
1000	0.2	11	0.002742
1000	0.2	17	0.004499
1000	0.2	13	0.004319
1000	0.2	17	0.002687
1000	0.2	14	0.00266
1000	0.2	14	0.002572
1000	0.2	15	0.002768
1000	0.2	16	0.002599
1000	0.2	12	0.002958
1000	0.2	10	0.002766
1000	0.2	12	0.002543
1000	0.2	13	0.002559
1000	0.2	15	0.002538
1000	0.2	14	0.00254
1000	0.2	12	0.004119
1000	0.2	14	0.002646
1000	0.2	14	0.002574
1000	0.2	14	0.002604
1000	0.2	11	0.002666
1000	0.2	13	0.002674
1000	0.2	14	0.002517
1000	0.2	14	0.002568
1000	0.2	12	0.002575
1000	0.2	13	0.0026
1000	0.2	15	0.002593

2000	0.2	14	0.00699
2000	0.2	15	0.006159
2000	0.2	15	0.006044
2000	0.2	16	0.006234
2000	0.2	16	0.00594
2000	0.2	14	0.005939
2000	0.2	12	0.006364
2000	0.2	18	0.006263
2000	0.2	15	0.006119
2000	0.2	16	0.006022
2000	0.2	14	0.006254
2000	0.2	18	0.00587
2000	0.2	13	0.006204
2000	0.2	16	0.006112
2000	0.2	16	0.006168
2000	0.2	15	0.005868
2000	0.2	15	0.006002
2000	0.2	16	0.009897
2000	0.2	10	0.006327
2000	0.2	18	0.005865
2000	0.2	17	0.006078
2000	0.2	16	0.005964
2000	0.2	15	0.006336
2000	0.2	13	0.006328
2000	0.2	14	0.006052
2000	0.2	17	0.006162
2000	0.2	18	0.006172
2000	0.2	17	0.00579
2000	0.2	13	0.006334
2000	0.2	14	0.006165

3000	0.2	18	0.010814
3000	0.2	20	0.010564
3000	0.2	17	0.010185
3000	0.2	14	0.011339
3000	0.2	16	0.010811
3000	0.2	18	0.019327
3000	0.2	17	0.017056
3000	0.2	16	0.011751
3000	0.2	17	0.009954
3000	0.2	16	0.01101
3000	0.2	10	0.011777
3000	0.2	11	0.012693
3000	0.2	16	0.010827
3000	0.2	15	0.010844
3000	0.2	16	0.011146
3000	0.2	17	0.011399
3000	0.2	14	0.011158
3000	0.2	13	0.011211
3000	0.2	15	0.010199
3000	0.2	16	0.009867
3000	0.2	14	0.010817
3000	0.2	16	0.018368
3000	0.2	16	0.012007
3000	0.2	16	0.010254
3000	0.2	14	0.010615
3000	0.2	18	0.010689
3000	0.2	17	0.010342
3000	0.2	17	0.010762
3000	0.2	14	0.011685
3000	0.2	15	0.010582

4000	0.2	17	0.016604
4000	0.2	16	0.016978
4000	0.2	14	0.019054
4000	0.2	17	0.014362
4000	0.2	17	0.025682
4000	0.2	20	0.015546
4000	0.2	17	0.0147
4000	0.2	14	0.017181
4000	0.2	14	0.016063
4000	0.2	17	0.016129
4000	0.2	11	0.018337
4000	0.2	20	0.017028
4000	0.2	15	0.016285
4000	0.2	17	0.015446
4000	0.2	15	0.021203
4000	0.2	17	0.016392
4000	0.2	14	0.017345
4000	0.2	16	0.015033
4000	0.2	13	0.016739
4000	0.2	18	0.01617
4000	0.2	15	0.016558
4000	0.2	13	0.018201
4000	0.2	17	0.016032
4000	0.2	13	0.030731
4000	0.2	14	0.023045
4000	0.2	18	0.016431
4000	0.2	16	0.016659
4000	0.2	15	0.015767
4000	0.2	16	0.015663
4000	0.2	19	0.015879

5000	0.2	17	0.033679
5000	0.2	17	0.02108
5000	0.2	17	0.021965
5000	0.2	13	0.023721
5000	0.2	16	0.023853
5000	0.2	17	0.023302
5000	0.2	15	0.022422
5000	0.2	16	0.022375
5000	0.2	18	0.021452
5000	0.2	19	0.020906
5000	0.2	17	0.021718
5000	0.2	20	0.021276
5000	0.2	17	0.021976
5000	0.2	15	0.025046
5000	0.2	17	0.022425
5000	0.2	13	0.022874
5000	0.2	18	0.021473
5000	0.2	17	0.020655
5000	0.2	17	0.022678
5000	0.2	14	0.023986
5000	0.2	18	0.020708
5000	0.2	14	0.034289
5000	0.2	15	0.022233
5000	0.2	16	0.021046
5000	0.2	18	0.023977
5000	0.2	15	0.028631
5000	0.2	17	0.020607
5000	0.2	19	0.022264
5000	0.2	17	0.022278
5000	0.2	14	0.02506

6000	0.2	16	0.030144
6000	0.2	16	0.028315
6000	0.2	12	0.035916
6000	0.2	16	0.032289
6000	0.2	16	0.033225
6000	0.2	17	0.028865
6000	0.2	14	0.034196
6000	0.2	19	0.028784
6000	0.2	18	0.029532
6000	0.2	15	0.033768
6000	0.2	16	0.032429
6000	0.2	18	0.02949
6000	0.2	19	0.030043
6000	0.2	16	0.031474
6000	0.2	17	0.028595
6000	0.2	14	0.033289
6000	0.2	15	0.031527
6000	0.2	17	0.028524
6000	0.2	19	0.028254
6000	0.2	16	0.031647
6000	0.2	15	0.03063
6000	0.2	15	0.035387
6000	0.2	15	0.030252
6000	0.2	15	0.033047
6000	0.2	19	0.034103
6000	0.2	17	0.028177
6000	0.2	15	0.029533
6000	0.2	13	0.031746
6000	0.2	14	0.033319
6000	0.2	18	0.030442

7000	0.2	16	0.039701
7000	0.2	19	0.037046
7000	0.2	12	0.049994
7000	0.2	12	0.040486
7000	0.2	15	0.040044
7000	0.2	18	0.034371
7000	0.2	16	0.036867
7000	0.2	18	0.038359
7000	0.2	15	0.040483
7000	0.2	12	0.04746
7000	0.2	15	0.037759
7000	0.2	15	0.044905
7000	0.2	16	0.039281
7000	0.2	18	0.037573
7000	0.2	15	0.037192
7000	0.2	16	0.036555
7000	0.2	16	0.037053
7000	0.2	18	0.033977
7000	0.2	18	0.08871
7000	0.2	20	0.098637
7000	0.2	17	0.047482
7000	0.2	18	0.037202
7000	0.2	13	0.043841
7000	0.2	15	0.04085
7000	0.2	18	0.039696
7000	0.2	19	0.035183
7000	0.2	16	0.038464
7000	0.2	10	0.048594
7000	0.2	14	0.044206
7000	0.2	16	0.038508

8000	0.2	14	0.050787
8000	0.2	16	0.048072
8000	0.2	16	0.045631
8000	0.2	15	0.049227
8000	0.2	18	0.044054
8000	0.2	17	0.048636
8000	0.2	17	0.054018
8000	0.2	18	0.046153
8000	0.2	14	0.051078
8000	0.2	11	0.064022
8000	0.2	15	0.048186
8000	0.2	18	0.046022
8000	0.2	17	0.04876
8000	0.2	12	0.064937
8000	0.2	21	0.047255
8000	0.2	15	0.045468
8000	0.2	19	0.046608
8000	0.2	16	0.047549
8000	0.2	15	0.052837
8000	0.2	17	0.047489
8000	0.2	12	0.078629
8000	0.2	17	0.044028
8000	0.2	18	0.045594
8000	0.2	18	0.046586
8000	0.2	15	0.047076
8000	0.2	18	0.052209
8000	0.2	18	0.113865
8000	0.2	18	0.050598
8000	0.2	17	0.048316
8000	0.2	14	0.055724

9000	0.2	18	0.056193
9000	0.2	17	0.058159
9000	0.2	13	0.060789
9000	0.2	18	0.056257
9000	0.2	12	0.078105
9000	0.2	18	0.054954
9000	0.2	18	0.053171
9000	0.2	16	0.057945
9000	0.2	19	0.057262
9000	0.2	13	0.063451
9000	0.2	20	0.05481
9000	0.2	16	0.062556
9000	0.2	16	0.067551
9000	0.2	16	0.063412
9000	0.2	19	0.058655
9000	0.2	15	0.061479
9000	0.2	14	0.066354
9000	0.2	19	0.050772
9000	0.2	16	0.057229
9000	0.2	16	0.074311
9000	0.2	19	0.057563
9000	0.2	16	0.064082
9000	0.2	16	0.059498
9000	0.2	14	0.064871
9000	0.2	17	0.060356
9000	0.2	15	0.066137
9000	0.2	17	0.064124
9000	0.2	17	0.054517
9000	0.2	16	0.067219
9000	0.2	16	0.061876

10000	0.2	17	0.06746
10000	0.2	19	0.08728
10000	0.2	16	0.136135
10000	0.2	17	0.063655
10000	0.2	14	0.079921
10000	0.2	17	0.078709
10000	0.2	18	0.091255
10000	0.2	16	0.075195
10000	0.2	17	0.069777
10000	0.2	18	0.070057
10000	0.2	14	0.073712
10000	0.2	18	0.064645
10000	0.2	16	0.075714
10000	0.2	17	0.067278
10000	0.2	16	0.072284
10000	0.2	13	0.078204
10000	0.2	16	0.074661
10000	0.2	17	0.076299
10000	0.2	15	0.078981
10000	0.2	18	0.066313
10000	0.2	18	0.077526
10000	0.2	20	0.085451
10000	0.2	16	0.135882
10000	0.2	14	0.077766
10000	0.2	14	0.089006
10000	0.2	17	0.076962
10000	0.2	15	0.076158
10000	0.2	19	0.066236
10000	0.2	16	0.068871
10000	0.2	12	0.084368

11000	0.2	19	0.071957
11000	0.2	16	0.085324
11000	0.2	13	0.118926
11000	0.2	17	0.086107
11000	0.2	19	0.081818
11000	0.2	14	0.097934
11000	0.2	16	0.081097
11000	0.2	16	0.124064
11000	0.2	20	0.092979
11000	0.2	17	0.101686
11000	0.2	18	0.081081
11000	0.2	18	0.082817
11000	0.2	20	0.076042
11000	0.2	16	0.078442
11000	0.2	16	0.083593
11000	0.2	17	0.083787
11000	0.2	15	0.085366
11000	0.2	14	0.089892
11000	0.2	17	0.079833
11000	0.2	18	0.075146
11000	0.2	13	0.102277
11000	0.2	16	0.101181
11000	0.2	15	0.127623
11000	0.2	19	0.082754
11000	0.2	18	0.083797
11000	0.2	21	0.098606
11000	0.2	14	0.077003
11000	0.2	18	0.072225
11000	0.2	18	0.113894
11000	0.2	13	0.139024

12000	0.2	20	0.090496
12000	0.2	19	0.165422
12000	0.2	19	0.129018
12000	0.2	20	0.145054
12000	0.2	19	0.087637
12000	0.2	19	0.087745
12000	0.2	19	0.087279
12000	0.2	15	0.102275
12000	0.2	15	0.120713
12000	0.2	16	0.141754
12000	0.2	19	0.154615
12000	0.2	14	0.170514
12000	0.2	12	0.174461
12000	0.2	19	0.095794
12000	0.2	15	0.092995
12000	0.2	20	0.099727
12000	0.2	18	0.09331
12000	0.2	17	0.111064
12000	0.2	16	0.140969
12000	0.2	16	0.170062
12000	0.2	19	0.092728
12000	0.2	16	0.093281
12000	0.2	16	0.099962
12000	0.2	10	0.166699
12000	0.2	17	0.129904
12000	0.2	15	0.115896
12000	0.2	15	0.114602
12000	0.2	17	0.110653
12000	0.2	17	0.123983
12000	0.2	19	0.126123

13000	0.2	16	0.115927
13000	0.2	17	0.135947
13000	0.2	18	0.101428
13000	0.2	19	0.106594
13000	0.2	17	0.107887
13000	0.2	13	0.137749
13000	0.2	17	0.11095
13000	0.2	17	0.107575
13000	0.2	13	0.12624
13000	0.2	18	0.118597
13000	0.2	16	0.113628
13000	0.2	17	0.163622
13000	0.2	14	0.18591
13000	0.2	17	0.109021
13000	0.2	18	0.112
13000	0.2	15	0.113496
13000	0.2	15	0.115944
13000	0.2	18	0.115684
13000	0.2	19	0.105905
13000	0.2	17	0.108361
13000	0.2	17	0.108641
13000	0.2	16	0.111067
13000	0.2	17	0.120106
13000	0.2	13	0.12243
13000	0.2	19	0.145726
13000	0.2	17	0.139409
13000	0.2	16	0.115296
13000	0.2	17	0.107643
13000	0.2	19	0.105509
13000	0.2	17	0.10654

14000	0.2	17	0.112957
14000	0.2	19	0.130843
14000	0.2	16	0.140705
14000	0.2	14	0.159274
14000	0.2	18	0.130014
14000	0.2	16	0.178331
14000	0.2	15	0.119841
14000	0.2	19	0.115809
14000	0.2	16	0.114446
14000	0.2	16	0.187411
14000	0.2	21	0.178939
14000	0.2	15	0.137657
14000	0.2	18	0.113007
14000	0.2	14	0.205731
14000	0.2	19	0.124266
14000	0.2	14	0.163452
14000	0.2	18	0.12814
14000	0.2	14	0.129016
14000	0.2	17	0.110195
14000	0.2	19	0.112225
14000	0.2	15	0.139304
14000	0.2	21	0.113518
14000	0.2	17	0.13239
14000	0.2	21	0.113718
14000	0.2	19	0.108918
14000	0.2	17	0.12661
14000	0.2	16	0.182383
14000	0.2	17	0.18332
14000	0.2	15	0.128663
14000	0.2	17	0.152547

15000	0.2	19	0.148795
15000	0.2	12	0.23337
15000	0.2	18	0.194066
15000	0.2	18	0.15116
15000	0.2	20	0.201545
15000	0.2	19	0.140183
15000	0.2	14	0.156836
15000	0.2	20	0.150972
15000	0.2	19	0.20128
15000	0.2	17	0.136209
15000	0.2	17	0.185731
15000	0.2	20	0.136727
15000	0.2	19	0.134376
15000	0.2	18	0.155756
15000	0.2	15	0.213799
15000	0.2	19	0.213792
15000	0.2	19	0.20603
15000	0.2	18	0.1353
15000	0.2	16	0.141315
15000	0.2	15	0.146874
15000	0.2	14	0.160387
15000	0.2	19	0.142112
15000	0.2	17	0.159477
15000	0.2	15	0.147886
15000	0.2	20	0.161661
15000	0.2	17	0.136222
15000	0.2	16	0.141161
15000	0.2	11	0.17826
15000	0.2	20	0.129256
15000	0.2	16	0.140614

16000	0.2	19	0.144984
16000	0.2	15	0.219787
16000	0.2	18	0.226552
16000	0.2	17	0.192012
16000	0.2	17	0.221739
16000	0.2	14	0.235262
16000	0.2	17	0.143814
16000	0.2	15	0.165703
16000	0.2	20	0.17789
16000	0.2	20	0.148283
16000	0.2	16	0.165652
16000	0.2	19	0.179745
16000	0.2	19	0.141836
16000	0.2	15	0.166921
16000	0.2	22	0.195784
16000	0.2	19	0.150851
16000	0.2	14	0.214236
16000	0.2	15	0.203285
16000	0.2	19	0.146781
16000	0.2	16	0.232074
16000	0.2	15	0.228424
16000	0.2	19	0.149899
16000	0.2	16	0.180178
16000	0.2	13	0.21037
16000	0.2	12	0.216926
16000	0.2	19	0.154913
16000	0.2	15	0.195252
16000	0.2	18	0.190051
16000	0.2	19	0.222443
16000	0.2	17	0.158331

17000	0.2	19	0.188609
17000	0.2	20	0.169111
17000	0.2	15	0.192555
17000	0.2	16	0.211313
17000	0.2	16	0.177678
17000	0.2	14	0.202725
17000	0.2	16	0.18532
17000	0.2	17	0.163008
17000	0.2	19	0.183546
17000	0.2	18	0.177168
17000	0.2	19	0.179796
17000	0.2	19	0.152479
17000	0.2	17	0.163417
17000	0.2	18	0.199679
17000	0.2	14	0.256315
17000	0.2	19	0.195922
17000	0.2	17	0.245572
17000	0.2	17	0.179806
17000	0.2	18	0.172202
17000	0.2	18	0.170701
17000	0.2	18	0.196874
17000	0.2	15	0.166101
17000	0.2	15	0.202551
17000	0.2	14	0.230023
17000	0.2	18	0.180691
17000	0.2	16	0.177633
17000	0.2	17	0.190614
17000	0.2	20	0.173189
17000	0.2	14	0.236102
17000	0.2	20	0.169878

18000	0.2	19	0.212574
18000	0.2	15	0.281952
18000	0.2	19	0.189664
18000	0.2	15	0.214354
18000	0.2	18	0.219493
18000	0.2	16	0.263838
18000	0.2	21	0.189049
18000	0.2	13	0.275025
18000	0.2	17	0.21461
18000	0.2	17	0.179968
18000	0.2	17	0.264677
18000	0.2	19	0.197947
18000	0.2	15	0.217204
18000	0.2	18	0.244384
18000	0.2	21	0.177739
18000	0.2	13	0.292334
18000	0.2	17	0.247825
18000	0.2	18	0.235603
18000	0.2	13	0.305481
18000	0.2	15	0.248236
18000	0.2	13	0.244979
18000	0.2	20	0.20075
18000	0.2	14	0.237954
18000	0.2	18	0.219806
18000	0.2	17	0.177718
18000	0.2	15	0.263746
18000	0.2	18	0.174387
18000	0.2	17	0.191624
18000	0.2	15	0.264533
18000	0.2	16	0.205851

19000	0.2	14	0.282301
19000	0.2	15	0.227691
19000	0.2	16	0.202146
19000	0.2	13	0.253632
19000	0.2	17	0.272856
19000	0.2	15	0.249327
19000	0.2	18	0.207192
19000	0.2	18	0.204169
19000	0.2	20	0.212733
19000	0.2	19	0.208508
19000	0.2	18	0.211292
19000	0.2	20	0.208595
19000	0.2	18	0.225822
19000	0.2	15	0.290413
19000	0.2	17	0.19299
19000	0.2	19	0.209426
19000	0.2	17	0.229321
19000	0.2	17	0.24875
19000	0.2	15	0.248431
19000	0.2	19	0.205769
19000	0.2	18	0.305501
19000	0.2	19	0.216213
19000	0.2	13	0.273998
19000	0.2	18	0.24979
19000	0.2	14	0.275748
19000	0.2	18	0.205259
19000	0.2	17	0.20625
19000	0.2	18	0.224393
19000	0.2	18	0.201807
19000	0.2	15	0.28173

20000	0.2	18	0.23367
20000	0.2	16	0.257523
20000	0.2	18	0.204593
20000	0.2	18	0.243061
20000	0.2	16	0.260277
20000	0.2	21	0.232812
20000	0.2	17	0.242428
20000	0.2	19	0.315271
20000	0.2	17	0.229024
20000	0.2	17	0.225784
20000	0.2	20	0.191601
20000	0.2	19	0.223012
20000	0.2	15	0.237963
20000	0.2	14	0.278961
20000	0.2	17	0.339291
20000	0.2	18	0.359197
20000	0.2	20	0.287311
20000	0.2	17	0.239302
20000	0.2	17	0.277495
20000	0.2	19	0.231054
20000	0.2	17	0.227832
20000	0.2	16	0.25043
20000	0.2	18	0.26735
20000	0.2	18	0.212372
20000	0.2	14	0.268515
20000	0.2	15	0.303701
20000	0.2	15	0.273426
20000	0.2	18	0.234881
20000	0.2	16	0.276073
20000	0.2	18	0.254543

21000	0.2	11	0.409569
21000	0.2	14	0.344786
21000	0.2	19	0.272572
21000	0.2	17	0.250482
21000	0.2	14	0.29598
21000	0.2	14	0.431158
21000	0.2	16	0.2995
21000	0.2	15	0.345339
21000	0.2	15	0.344451
21000	0.2	14	0.307395
21000	0.2	19	0.26177
21000	0.2	16	0.255705
21000	0.2	15	0.274871
21000	0.2	13	0.30308
21000	0.2	13	0.422745
21000	0.2	18	0.251073
21000	0.2	16	0.241228
21000	0.2	16	0.28859
21000	0.2	19	0.301753
21000	0.2	17	0.322482
21000	0.2	17	0.289556
21000	0.2	16	0.35237
21000	0.2	18	0.253619
21000	0.2	14	0.311219
21000	0.2	19	0.225796
21000	0.2	17	0.294068
21000	0.2	13	0.288541
21000	0.2	13	0.368611
21000	0.2	14	0.406078
21000	0.2	16	0.334401

22000	0.2	18	0.290639
22000	0.2	20	0.274437
22000	0.2	18	0.26768
22000	0.2	16	0.338094
22000	0.2	18	0.354436
22000	0.2	16	0.29483
22000	0.2	19	0.257965
22000	0.2	13	0.371411
22000	0.2	16	0.378151
22000	0.2	19	0.29614
22000	0.2	19	0.385081
22000	0.2	14	0.295841
22000	0.2	19	0.356728
22000	0.2	16	0.367035
22000	0.2	19	0.260837
22000	0.2	14	0.273681
22000	0.2	18	0.350704
22000	0.2	20	0.264528
22000	0.2	19	0.296352
22000	0.2	17	0.299904
22000	0.2	18	0.310164
22000	0.2	15	0.349869
22000	0.2	16	0.378005
22000	0.2	17	0.292359
22000	0.2	15	0.409365
22000	0.2	17	0.27071
22000	0.2	20	0.283894
22000	0.2	19	0.309755
22000	0.2	17	0.340341
22000	0.2	19	0.279032

23000	0.2	20	0.291001
23000	0.2	17	0.354321
23000	0.2	18	0.281917
23000	0.2	14	0.400032
23000	0.2	19	0.282119
23000	0.2	20	0.319084
23000	0.2	15	0.381744
23000	0.2	14	0.339405
23000	0.2	18	0.279312
23000	0.2	15	0.398492
23000	0.2	16	0.367626
23000	0.2	19	0.30148
23000	0.2	18	0.321079
23000	0.2	17	0.314423
23000	0.2	11	0.441582
23000	0.2	18	0.42783
23000	0.2	20	0.282543
23000	0.2	16	0.343227
23000	0.2	12	0.360891
23000	0.2	18	0.33692
23000	0.2	16	0.332513
23000	0.2	17	0.386122
23000	0.2	14	0.435893
23000	0.2	18	0.325762
23000	0.2	16	0.294956
23000	0.2	17	0.303639
23000	0.2	17	0.36208
23000	0.2	18	0.294291
23000	0.2	15	0.42521
23000	0.2	17	0.329057

24000	0.2	19	0.29626
24000	0.2	15	0.414245
24000	0.2	19	0.302888
24000	0.2	19	0.337483
24000	0.2	15	0.471754
24000	0.2	12	0.383947
24000	0.2	12	0.464239
24000	0.2	18	0.359315
24000	0.2	16	0.398368
24000	0.2	20	0.35263
24000	0.2	17	0.36758
24000	0.2	14	0.432215
24000	0.2	18	0.33035
24000	0.2	16	0.401508
24000	0.2	18	0.425605
24000	0.2	16	0.344378
24000	0.2	20	0.284348
24000	0.2	12	0.396515
24000	0.2	16	0.331195
24000	0.2	18	0.300589
24000	0.2	18	0.337855
24000	0.2	18	0.378306
24000	0.2	17	0.330066
24000	0.2	17	0.364248
24000	0.2	13	0.372166
24000	0.2	15	0.411074
24000	0.2	15	0.348091
24000	0.2	21	0.279616
24000	0.2	17	0.325457
24000	0.2	16	0.410708

25000	0.2	20	0.3451
25000	0.2	11	0.518253
25000	0.2	14	0.466708
25000	0.2	18	0.408971
25000	0.2	16	0.506186
25000	0.2	20	0.329285
25000	0.2	18	0.331517
25000	0.2	17	0.41114
25000	0.2	19	0.421303
25000	0.2	19	0.336712
25000	0.2	17	0.328155
25000	0.2	12	0.522424
25000	0.2	15	0.466742
25000	0.2	18	0.403261
25000	0.2	14	0.353716
25000	0.2	15	0.448735
25000	0.2	16	0.43758
25000	0.2	17	0.389063
25000	0.2	20	0.349475
25000	0.2	16	0.442714
25000	0.2	18	0.414151
25000	0.2	21	0.343616
25000	0.2	18	0.41789
25000	0.2	16	0.354862
25000	0.2	20	0.368235
25000	0.2	13	0.470543
25000	0.2	18	0.347152
25000	0.2	19	0.341285
25000	0.2	15	0.369584
25000	0.2	16	0.442802

26000	0.2	20	0.400425
26000	0.2	19	0.37853
26000	0.2	18	0.384069
26000	0.2	18	0.364829
26000	0.2	13	0.520061
26000	0.2	19	0.376425
26000	0.2	20	0.432431
26000	0.2	16	0.386872
26000	0.2	20	0.390518
26000	0.2	18	0.377896
26000	0.2	17	0.437876
26000	0.2	18	0.483353
26000	0.2	16	0.404695
26000	0.2	18	0.427279
26000	0.2	16	0.370083
26000	0.2	19	0.359121
26000	0.2	17	0.381224
26000	0.2	19	0.423895
26000	0.2	15	0.43672
26000	0.2	16	0.469292
26000	0.2	16	0.362658
26000	0.2	17	0.415263
26000	0.2	16	0.419973
26000	0.2	16	0.443312
26000	0.2	16	0.406371
26000	0.2	19	0.353881
26000	0.2	16	0.433422
26000	0.2	14	0.440046
26000	0.2	14	0.45069
26000	0.2	10	0.513821

27000	0.2	14	0.55745
27000	0.2	19	0.393129
27000	0.2	17	0.377958
27000	0.2	14	0.524884
27000	0.2	20	0.444633
27000	0.2	19	0.442908
27000	0.2	14	0.60093
27000	0.2	18	0.445916
27000	0.2	20	0.406399
27000	0.2	18	0.427926
27000	0.2	16	0.467984
27000	0.2	16	0.418793
27000	0.2	18	0.494036
27000	0.2	16	0.503642
27000	0.2	13	0.481877
27000	0.2	19	0.36928
27000	0.2	18	0.386773
27000	0.2	16	0.428738
27000	0.2	14	0.570218
27000	0.2	16	0.407285
27000	0.2	20	0.358559
27000	0.2	22	0.369773
27000	0.2	18	0.372541
27000	0.2	16	0.529868
27000	0.2	16	0.451554
27000	0.2	20	0.426255
27000	0.2	18	0.373034
27000	0.2	16	0.411272
27000	0.2	17	0.360784
27000	0.2	16	0.418088

28000	0.2	15	0.682862
28000	0.2	17	0.421429
28000	0.2	13	0.56996
28000	0.2	15	0.487879
28000	0.2	20	0.477191
28000	0.2	19	0.453448
28000	0.2	17	0.409045
28000	0.2	21	0.40635
28000	0.2	15	0.541199
28000	0.2	19	0.412155
28000	0.2	17	0.417021
28000	0.2	17	0.454057
28000	0.2	17	0.484256
28000	0.2	22	0.4108
28000	0.2	19	0.44524
28000	0.2	22	0.462812
28000	0.2	17	0.465115
28000	0.2	16	0.475051
28000	0.2	20	0.412719
28000	0.2	18	0.480994
28000	0.2	17	0.411623
28000	0.2	19	0.484144
28000	0.2	20	0.430933
28000	0.2	20	0.446402
28000	0.2	17	0.471255
28000	0.2	19	0.395001
28000	0.2	16	0.452434
28000	0.2	14	0.557943
28000	0.2	19	0.435735
28000	0.2	19	0.502168

29000	0.2	12	0.574658
29000	0.2	20	0.405294
29000	0.2	20	0.491415
29000	0.2	18	0.472723
29000	0.2	18	0.49267
29000	0.2	18	0.451706
29000	0.2	15	0.664751
29000	0.2	21	0.470645
29000	0.2	20	0.487264
29000	0.2	16	0.506126
29000	0.2	14	0.538493
29000	0.2	17	0.522135
29000	0.2	21	0.474215
29000	0.2	15	0.648964
29000	0.2	19	0.459416
29000	0.2	17	0.449718
29000	0.2	17	0.606941
29000	0.2	15	0.653315
29000	0.2	18	0.512651
29000	0.2	18	0.464175
29000	0.2	18	0.432595
29000	0.2	19	0.457187
29000	0.2	16	0.479117
29000	0.2	15	0.507135
29000	0.2	15	0.611393
29000	0.2	16	0.526578
29000	0.2	17	0.533401
29000	0.2	15	0.484296
29000	0.2	17	0.569702
29000	0.2	16	0.508973

30000	0.2	18	0.51265
30000	0.2	17	0.518277
30000	0.2	20	0.456702
30000	0.2	19	0.432165
30000	0.2	19	0.467463
30000	0.2	17	0.46927
30000	0.2	17	0.556002
30000	0.2	17	0.604713
30000	0.2	17	0.486642
30000	0.2	18	0.506383
30000	0.2	20	0.455645
30000	0.2	18	0.573728
30000	0.2	20	0.441143
30000	0.2	14	0.697475
30000	0.2	20	0.43234
30000	0.2	17	0.549333
30000	0.2	17	0.514659
30000	0.2	16	0.51788
30000	0.2	14	0.581556
30000	0.2	19	0.505341
30000	0.2	14	0.641078
30000	0.2	18	0.482904
30000	0.2	17	0.555456
30000	0.2	18	0.519607
30000	0.2	19	0.563093
30000	0.2	18	0.512838
30000	0.2	19	0.468884
30000	0.2	19	0.492733
30000	0.2	21	0.421357
30000	0.2	19	0.496966

