1000	0.2	14	0.002280	0.622681
1000	0.2	15	0.002261	0.644897
1000	0.2	14	0.003313	0.618286
1000	0.2	13	0.008285	0.615662
1000	0.2	14	0.002325	0.642822
1000	0.2	13	0.002573	0.641144
1000	0.2	16	0.002161	0.643280
1000	0.2	15	0.002384	0.629913
1000	0.2	17	0.002145	0.635712
1000	0.2	15	0.002196	0.625580
1000	0.2	15	0.002124	0.633545
1000	0.2	13	0.002175	0.646790
1000	0.2	15	0.002138	0.626221
1000	0.2	17	0.002201	0.640228
1000	0.2	13	0.002232	0.623047
1000	0.2	14	0.002171	0.653320
1000	0.2	14	0.002214	0.616272
1000	0.2	15	0.002171	0.621948
1000	0.2	16	0.002187	0.636963
1000	0.2	14	0.002301	0.641357
1000	0.2	13	0.002157	0.634857
1000	0.2	18	0.002141	0.623047
1000	0.2	14	0.002190	0.619476
1000	0.2	17	0.002179	0.620117
1000	0.2	14	0.002183	0.635834
1000	0.2	15	0.002300	0.618225
1000	0.2	17	0.002158	0.631287
1000	0.2	17	0.002175	0.631287
1000	0.2	16	0.002170	0.630951
1000	0.2	14	0.002215	0.631439

2000	0.2	17	0.007936	1.936798
2000	0.2	16	0.004895	1.936707
2000	0.2	16	0.005139	1.926392
2000	0.2	16	0.005391	1.959076
2000	0.2	15	0.004881	1.944275
2000	0.2	18	0.004968	1.935364
2000	0.2	16	0.004908	1.937225
2000	0.2	14	0.004944	1.922241
2000	0.2	17	0.004872	1.962219
2000	0.2	15	0.005039	1.935089
2000	0.2	16	0.004891	1.927948
2000	0.2	15	0.005422	1.986542
2000	0.2	15	0.005107	1.953613
2000	0.2	14	0.004903	1.952515
2000	0.2	15	0.004869	1.918671
2000	0.2	15	0.004972	1.984894
2000	0.2	15	0.004896	1.951172
2000	0.2	17	0.004930	1.963074
2000	0.2	13	0.004902	1.933350
2000	0.2	15	0.004914	1.965454
2000	0.2	17	0.004953	1.922241
2000	0.2	14	0.006442	1.967896
2000	0.2	17	0.004909	1.941742
2000	0.2	15	0.004843	1.927887
2000	0.2	16	0.004936	1.936157
2000	0.2	14	0.004856	1.930054
2000	0.2	14	0.004893	1.921936
2000	0.2	16	0.004985	1.952087
2000	0.2	14	0.004822	1.933716
2000	0.2	15	0.005243	1.956512

3000	0.2	16	0.008130	3.957153
3000	0.2	15	0.008144	4.005066
3000	0.2	15	0.008360	4.037354
3000	0.2	16	0.008125	3.999969
3000	0.2	17	0.008229	4.044312
3000	0.2	15	0.008524	4.049194
3000	0.2	15	0.008139	4.005432
3000	0.2	14	0.008137	4.003906
3000	0.2	15	0.008564	4.032684
3000	0.2	16	0.008146	4.012177
3000	0.2	13	0.008151	3.996765
3000	0.2	16	0.008124	3.993286
3000	0.2	16	0.012027	4.012970
3000	0.2	15	0.008440	3.992828
3000	0.2	15	0.008142	3.996918
3000	0.2	17	0.008140	4.009491
3000	0.2	14	0.008288	4.030609
3000	0.2	17	0.008158	4.032166
3000	0.2	16	0.008215	4.007446
3000	0.2	14	0.008181	4.041748
3000	0.2	17	0.008131	4.017487
3000	0.2	17	0.013227	3.979431
3000	0.2	15	0.008343	4.001648
3000	0.2	16	0.008154	4.009857
3000	0.2	14	0.011903	3.989929
3000	0.2	15	0.008192	4.058777
3000	0.2	14	0.008092	4.011414
3000	0.2	16	0.008093	4.007568
3000	0.2	15	0.008165	3.988556
3000	0.2	15	0.008103	3.973053

4000	0.2	16	0.019535	6.802765
4000	0.2	14	0.012254	6.842346
4000	0.2	16	0.012109	6.818878
4000	0.2	15	0.023756	6.801361
4000	0.2	16	0.012159	6.885040
4000	0.2	15	0.012132	6.820190
4000	0.2	16	0.019456	6.831329
4000	0.2	16	0.012180	6.856750
4000	0.2	16	0.012114	6.860779
4000	0.2	17	0.012146	6.838928
4000	0.2	17	0.012087	6.839325
4000	0.2	16	0.023459	6.839264
4000	0.2	18	0.012208	6.847992
4000	0.2	15	0.028501	6.816864
4000	0.2	14	0.020573	6.843079
4000	0.2	16	0.012316	6.839630
4000	0.2	13	0.012371	6.863586
4000	0.2	16	0.011644	6.801727
4000	0.2	15	0.012067	6.797699
4000	0.2	15	0.020544	6.810394
4000	0.2	17	0.011630	6.736053
4000	0.2	16	0.012087	6.853241
4000	0.2	18	0.012116	6.916840
4000	0.2	15	0.014118	6.802094
4000	0.2	16	0.012092	6.837402
4000	0.2	16	0.012076	6.833252
4000	0.2	16	0.012812	6.853119
4000	0.2	17	0.012106	6.846649
4000	0.2	15	0.017796	6.881592
4000	0.2	17	0.011784	6.812225

5000	0.2	18	0.017849	10.468292
5000	0.2	15	0.017099	10.486176
5000	0.2	17	0.016464	10.559479
5000	0.2	16	0.016774	10.445679
5000	0.2	16	0.016691	10.415222
5000	0.2	14	0.016850	10.435333
5000	0.2	18	0.016757	10.404205
5000	0.2	19	0.017271	10.431854
5000	0.2	17	0.017047	10.476715
5000	0.2	15	0.017410	10.394745
5000	0.2	15	0.016860	10.521301
5000	0.2	17	0.017061	10.456635
5000	0.2	16	0.016824	10.440521
5000	0.2	15	0.016857	10.474579
5000	0.2	18	0.016647	10.356049
5000	0.2	17	0.016995	10.403809
5000	0.2	16	0.016899	10.499878
5000	0.2	15	0.016644	10.520996
5000	0.2	17	0.017003	10.529968
5000	0.2	17	0.017002	10.419434
5000	0.2	15	0.016745	10.487793
5000	0.2	16	0.016757	10.439392
5000	0.2	17	0.024836	10.458771
5000	0.2	16	0.017153	10.525269
5000	0.2	15	0.016946	10.450989
5000	0.2	17	0.016859	10.529877
5000	0.2	15	0.016796	10.438873
5000	0.2	17	0.016433	10.493317
5000	0.2	17	0.016812	10.516205
5000	0.2	17	0.026962	10.523376

6000	0.2	16	0.022341	14.886902
6000	0.2	15	0.022062	14.758606
6000	0.2	16	0.022124	14.955322
6000	0.2	17	0.026618	14.831818
6000	0.2	16	0.022348	14.887482
6000	0.2	16	0.022342	14.993225
6000	0.2	15	0.022138	14.992371
6000	0.2	14	0.022149	14.817810
6000	0.2	15	0.022089	14.841370
6000	0.2	16	0.021972	14.952911
6000	0.2	16	0.021648	14.767792
6000	0.2	16	0.022180	14.957214
6000	0.2	15	0.022067	14.790222
6000	0.2	15	0.022237	14.811981
6000	0.2	17	0.022454	14.852173
6000	0.2	16	0.022377	14.915131
6000	0.2	17	0.022016	14.846283
6000	0.2	15	0.022067	14.940979
6000	0.2	17	0.022157	14.887177
6000	0.2	16	0.022031	14.857635
6000	0.2	17	0.022353	14.877258
6000	0.2	15	0.022053	14.955780
6000	0.2	17	0.022058	14.806274
6000	0.2	18	0.022178	14.855682
6000	0.2	15	0.022086	14.882324
6000	0.2	15	0.022356	14.977509
6000	0.2	16	0.022439	14.820312
6000	0.2	15	0.022943	14.864227
6000	0.2	17	0.022120	14.822815
6000	0.2	18	0.022242	14.820496

7000	0.2	18	0.049307	20.146576
7000	0.2	16	0.071548	19.965942
7000	0.2	17	0.027870	20.048370
7000	0.2	17	0.027704	19.913269
7000	0.2	17	0.027775	20.040741
7000	0.2	16	0.027899	20.129486
7000	0.2	17	0.027883	20.006622
7000	0.2	17	0.028166	20.015472
7000	0.2	16	0.028181	20.062073
7000	0.2	15	0.027884	19.993134
7000	0.2	16	0.028830	20.050690
7000	0.2	16	0.028376	20.129639
7000	0.2	15	0.027983	19.986176
7000	0.2	17	0.027564	20.022461
7000	0.2	16	0.028110	19.898956
7000	0.2	16	0.028268	20.061584
7000	0.2	15	0.028004	20.093079
7000	0.2	16	0.027530	19.972687
7000	0.2	16	0.027802	19.989410
7000	0.2	15	0.028221	20.044495
7000	0.2	16	0.027938	20.085083
7000	0.2	16	0.027625	20.047913
7000	0.2	15	0.027974	20.041046
7000	0.2	16	0.027825	20.004822
7000	0.2	17	0.028669	19.974335
7000	0.2	17	0.028111	20.064178
7000	0.2	16	0.028122	20.058990
7000	0.2	16	0.027805	20.038574
7000	0.2	17	0.028214	19.917450
7000	0.2	17	0.028226	20.038818

8000	0.2	16	0.034466	25.978485
8000	0.2	18	0.034652	26.055969
8000	0.2	16	0.034286	25.859375
8000	0.2	17	0.046911	25.966705
8000	0.2	15	0.034518	26.162170
8000	0.2	17	0.034347	25.875336
8000	0.2	16	0.034561	25.979767
8000	0.2	15	0.034412	26.000854
8000	0.2	16	0.034396	25.980194
8000	0.2	16	0.034555	26.001526
8000	0.2	16	0.034648	26.042175
8000	0.2	16	0.034586	26.009857
8000	0.2	17	0.034713	25.961761
8000	0.2	17	0.034412	25.968811
8000	0.2	15	0.034827	25.991394
8000	0.2	17	0.034488	26.078217
8000	0.2	16	0.034535	26.050171
8000	0.2	16	0.035680	26.045319
8000	0.2	15	0.034484	26.029663
8000	0.2	15	0.034459	26.031616
8000	0.2	14	0.034432	25.917053
8000	0.2	16	0.062133	25.912872
8000	0.2	18	0.034392	25.990417
8000	0.2	16	0.034809	26.092987
8000	0.2	17	0.034097	25.965393
8000	0.2	17	0.034920	26.000214
8000	0.2	17	0.034289	25.923553
8000	0.2	16	0.034665	25.907288
8000	0.2	16	0.035873	26.045807
8000	0.2	16	0.034552	26.092926

9000	0.2	17	0.041898	32.627533
9000	0.2	16	0.042659	32.581940
9000	0.2	16	0.041146	32.796173
9000	0.2	16	0.041456	32.958405
9000	0.2	16	0.044007	32.870270
9000	0.2	16	0.041459	32.649170
9000	0.2	17	0.041512	32.776886
9000	0.2	16	0.041917	32.886108
9000	0.2	15	0.041726	32.781281
9000	0.2	16	0.041894	32.778900
9000	0.2	16	0.041604	32.703827
9000	0.2	17	0.041520	32.753204
9000	0.2	15	0.041661	32.636566
9000	0.2	17	0.041653	32.693451
9000	0.2	19	0.041874	32.823181
9000	0.2	14	0.046005	32.736206
9000	0.2	18	0.041195	32.815613
9000	0.2	17	0.042952	32.818451
9000	0.2	15	0.041426	32.770081
9000	0.2	16	0.041876	32.951569
9000	0.2	15	0.041632	32.648956
9000	0.2	17	0.041603	32.668518
9000	0.2	16	0.041474	32.834076
9000	0.2	15	0.041523	32.744415
9000	0.2	16	0.041292	32.658447
9000	0.2	16	0.041802	32.849579
9000	0.2	14	0.041763	32.699524
9000	0.2	17	0.041398	32.675354
9000	0.2	16	0.041640	32.776093
9000	0.2	16	0.043748	32.725800

10000	0.2	16	0.049413	40.240143
10000	0.2	16	0.049309	40.421600
10000	0.2	16	0.049222	40.263245
10000	0.2	16	0.049021	40.267456
10000	0.2	16	0.050353	40.378479
10000	0.2	17	0.049285	40.315887
10000	0.2	14	0.049385	40.392853
10000	0.2	16	0.049341	40.214539
10000	0.2	18	0.049445	40.232086
10000	0.2	17	0.049061	40.169495
10000	0.2	16	0.049525	40.458496
10000	0.2	16	0.048891	40.275177
10000	0.2	16	0.049828	40.363525
10000	0.2	16	0.049751	40.360199
10000	0.2	17	0.049942	40.201965
10000	0.2	18	0.049518	40.474609
10000	0.2	17	0.049418	40.255524
10000	0.2	16	0.049613	40.335022
10000	0.2	16	0.049465	40.398102
10000	0.2	16	0.049197	40.309601
10000	0.2	18	0.049540	40.361603
10000	0.2	15	0.049287	40.320496
10000	0.2	15	0.049533	40.222656
10000	0.2	16	0.049323	40.311066
10000	0.2	18	0.049548	40.298096
10000	0.2	17	0.050700	40.723724
10000	0.2	16	0.061440	40.245605
10000	0.2	15	0.049080	40.370972
10000	0.2	17	0.049005	40.178375
10000	0.2	16	0.049456	40.344360

11000	0.2	15	0.057607	48.771271
11000	0.2	18	0.058654	48.626831
11000	0.2	17	0.058240	48.838074
11000	0.2	16	0.057430	48.687195
11000	0.2	17	0.058143	48.656342
11000	0.2	14	0.057511	48.597046
11000	0.2	18	0.057886	48.629517
11000	0.2	17	0.057826	48.579773
11000	0.2	19	0.057699	48.637787
11000	0.2	17	0.057334	48.446655
11000	0.2	17	0.057807	48.756012
11000	0.2	18	0.125428	48.599518
11000	0.2	18	0.057734	48.625366
11000	0.2	18	0.058089	48.723572
11000	0.2	16	0.057395	48.262634
11000	0.2	17	0.057503	48.757599
11000	0.2	17	0.110976	48.724152
11000	0.2	17	0.057799	48.508881
11000	0.2	15	0.057671	48.784973
11000	0.2	16	0.057729	48.529205
11000	0.2	16	0.058133	48.817780
11000	0.2	16	0.057309	48.547607
11000	0.2	18	0.058459	48.731171
11000	0.2	16	0.079642	48.504150
11000	0.2	16	0.057768	48.714020
11000	0.2	15	0.057349	48.634064
11000	0.2	16	0.057724	48.525421
11000	0.2	17	0.057859	48.841583
11000	0.2	16	0.057975	48.726074
11000	0.2	17	0.074022	48.778839

12000	0.2	17	0.083955	57.815216
12000	0.2	17	0.066522	58.014374
12000	0.2	16	0.066720	57.821411
12000	0.2	16	0.066455	57.842377
12000	0.2	17	0.066500	57.631897
12000	0.2	16	0.133742	57.719879
12000	0.2	16	0.066695	57.792206
12000	0.2	17	0.066774	57.361938
12000	0.2	17	0.068222	57.509766
12000	0.2	16	0.066020	57.679565
12000	0.2	15	0.067856	57.633026
12000	0.2	16	0.067741	57.868408
12000	0.2	14	0.066372	57.568054
12000	0.2	18	0.089403	57.781403
12000	0.2	16	0.066693	57.902863
12000	0.2	17	0.066619	57.917480
12000	0.2	15	0.112134	57.718292
12000	0.2	19	0.066425	57.897522
12000	0.2	15	0.105343	57.717712
12000	0.2	16	0.132032	57.744293
12000	0.2	15	0.089214	58.088287
12000	0.2	16	0.066705	57.930450
12000	0.2	18	0.088782	57.624664
12000	0.2	15	0.134619	57.782410
12000	0.2	16	0.131529	57.863739
12000	0.2	17	0.066497	57.890625
12000	0.2	16	0.088851	57.861969
12000	0.2	15	0.068054	57.760284
12000	0.2	17	0.094024	57.514160
12000	0.2	15	0.134805	57.646118

13000	0.2	15	0.110016	67.540924
13000	0.2	17	0.077209	67.741150
13000	0.2	15	0.076447	67.484497
13000	0.2	16	0.098563	67.728577
13000	0.2	16	0.077784	67.662628
13000	0.2	17	0.109714	67.307007
13000	0.2	17	0.075674	67.579773
13000	0.2	16	0.122234	67.632355
13000	0.2	18	0.144021	67.603851
13000	0.2	16	0.141309	67.860443
13000	0.2	16	0.115959	67.876038
13000	0.2	15	0.108323	67.506958
13000	0.2	17	0.142951	67.441498
13000	0.2	17	0.144391	67.625580
13000	0.2	15	0.076308	67.850708
13000	0.2	17	0.076695	67.761047
13000	0.2	16	0.107716	67.518311
13000	0.2	15	0.109616	67.741058
13000	0.2	17	0.143194	67.592773
13000	0.2	17	0.098406	67.306335
13000	0.2	15	0.076783	67.936829
13000	0.2	16	0.087963	67.431427
13000	0.2	17	0.103985	67.864441
13000	0.2	16	0.104254	67.880432
13000	0.2	16	0.144290	67.473724
13000	0.2	15	0.077291	68.010040
13000	0.2	16	0.107632	67.443756
13000	0.2	16	0.110344	67.632294
13000	0.2	17	0.141542	67.577362
13000	0.2	16	0.075740	67.400269

14000	0.2	18	0.108609	78.343292
14000	0.2	16	0.137560	78.217255
14000	0.2	15	0.086392	78.517914
14000	0.2	17	0.154641	78.176483
14000	0.2	16	0.087021	78.130096
14000	0.2	15	0.119978	78.135315
14000	0.2	16	0.154085	78.220612
14000	0.2	17	0.087254	78.420105
14000	0.2	18	0.152251	78.360840
14000	0.2	17	0.138736	78.315826
14000	0.2	17	0.151816	78.216003
14000	0.2	16	0.086872	77.964722
14000	0.2	16	0.119872	78.313782
14000	0.2	16	0.125661	78.032562
14000	0.2	16	0.087900	78.301727
14000	0.2	15	0.149364	78.285583
14000	0.2	17	0.089428	78.296448
14000	0.2	16	0.118074	78.312988
14000	0.2	16	0.103624	78.358093
14000	0.2	16	0.154092	78.161346
14000	0.2	16	0.086340	78.328156
14000	0.2	17	0.125684	78.307709
14000	0.2	19	0.153547	78.314209
14000	0.2	19	0.156360	78.528717
14000	0.2	17	0.114060	78.501770
14000	0.2	16	0.153170	78.632904
14000	0.2	17	0.109387	78.364685
14000	0.2	15	0.130090	78.184418
14000	0.2	17	0.153156	78.538300
14000	0.2	17	0.114153	78.616699

15000	0.2	18	0.161726	89.790924
15000	0.2	17	0.165570	89.760651
15000	0.2	16	0.098290	89.855530
15000	0.2	15	0.096934	89.916870
15000	0.2	16	0.149707	89.704041
15000	0.2	17	0.096811	89.479431
15000	0.2	18	0.165841	89.935822
15000	0.2	16	0.154008	89.851868
15000	0.2	17	0.154919	89.781891
15000	0.2	17	0.124838	89.804565
15000	0.2	17	0.165441	89.485168
15000	0.2	17	0.165225	89.878571
15000	0.2	16	0.161268	89.221710
15000	0.2	17	0.130184	89.593262
15000	0.2	17	0.096819	89.891327
15000	0.2	17	0.130083	89.637360
15000	0.2	15	0.135718	90.304016
15000	0.2	16	0.096946	89.475800
15000	0.2	16	0.164145	89.835327
15000	0.2	15	0.136854	89.853302
15000	0.2	16	0.096887	89.607941
15000	0.2	17	0.164648	90.008240
15000	0.2	15	0.136587	89.576477
15000	0.2	16	0.098076	90.133728
15000	0.2	18	0.099255	89.664093
15000	0.2	14	0.097005	89.399841
15000	0.2	16	0.154957	89.464691
15000	0.2	17	0.154742	89.956787
15000	0.2	16	0.096761	89.719666
15000	0.2	17	0.147473	90.009644

16000	0.2	18	0.108523	102.049713
16000	0.2	17	0.168536	101.838470
16000	0.2	16	0.141903	102.049622
16000	0.2	18	0.175573	101.960938
16000	0.2	15	0.109073	101.828033
16000	0.2	16	0.148928	101.839722
16000	0.2	15	0.109790	102.354919
16000	0.2	15	0.109433	101.568298
16000	0.2	15	0.141959	101.919586
16000	0.2	17	0.175790	101.684296
16000	0.2	19	0.108594	102.434235
16000	0.2	14	0.153035	101.799164
16000	0.2	15	0.176327	101.843628
16000	0.2	17	0.172765	101.853821
16000	0.2	16	0.141476	102.063934
16000	0.2	15	0.176954	102.376343
16000	0.2	16	0.172089	102.151978
16000	0.2	17	0.146678	102.225220
16000	0.2	16	0.142261	102.143921
16000	0.2	17	0.148250	102.108765
16000	0.2	16	0.108042	101.921478
16000	0.2	14	0.108314	101.724152
16000	0.2	17	0.108105	102.273743
16000	0.2	16	0.109425	101.920654
16000	0.2	16	0.175819	101.879547
16000	0.2	16	0.173685	101.722290
16000	0.2	15	0.110038	102.227203
16000	0.2	16	0.175655	102.408630
16000	0.2	14	0.177216	102.183777
16000	0.2	16	0.138126	101.918060

17000	0.2	15	0.119968	115.037537
17000	0.2	15	0.189385	114.911255
17000	0.2	18	0.164606	115.112732
17000	0.2	17	0.120184	115.243652
17000	0.2	16	0.185881	115.112396
17000	0.2	19	0.153603	115.232056
17000	0.2	16	0.152324	115.339447
17000	0.2	14	0.187887	114.953339
17000	0.2	17	0.119940	115.063690
17000	0.2	16	0.159801	114.662781
17000	0.2	15	0.120370	115.126770
17000	0.2	18	0.147533	114.822601
17000	0.2	18	0.160343	115.060638
17000	0.2	15	0.120655	115.109833
17000	0.2	18	0.120090	115.157471
17000	0.2	17	0.119994	114.618134
17000	0.2	17	0.121600	114.980743
17000	0.2	17	0.120098	115.152985
17000	0.2	15	0.159644	114.982239
17000	0.2	16	0.121297	114.991699
17000	0.2	19	0.147875	115.007202
17000	0.2	17	0.187717	115.210388
17000	0.2	15	0.153667	115.089874
17000	0.2	18	0.149137	115.286987
17000	0.2	16	0.122359	115.032013
17000	0.2	17	0.125745	114.976532
17000	0.2	16	0.187351	114.933075
17000	0.2	17	0.121592	115.114838
17000	0.2	16	0.179155	114.987579
17000	0.2	18	0.120211	115.296143

18000	0.2	16	0.132908	128.790680
18000	0.2	18	0.132872	129.141968
18000	0.2	17	0.202604	128.848480
18000	0.2	14	0.172010	128.747131
18000	0.2	14	0.202072	128.832245
18000	0.2	14	0.200737	128.657013
18000	0.2	18	0.132561	128.464905
18000	0.2	16	0.192919	128.740265
18000	0.2	16	0.134598	128.823212
18000	0.2	15	0.178449	129.100616
18000	0.2	16	0.189215	128.813324
18000	0.2	16	0.196156	128.621521
18000	0.2	16	0.132348	128.895233
18000	0.2	16	0.199308	128.856720
18000	0.2	17	0.132691	128.956268
18000	0.2	17	0.200411	128.443512
18000	0.2	17	0.200130	128.568726
18000	0.2	17	0.166796	129.261932
18000	0.2	16	0.166340	129.053986
18000	0.2	16	0.173056	128.547089
18000	0.2	17	0.133536	128.623108
18000	0.2	17	0.200642	128.624603
18000	0.2	16	0.200775	128.870911
18000	0.2	17	0.172125	128.813538
18000	0.2	17	0.133055	128.339996
18000	0.2	16	0.200491	128.985352
18000	0.2	14	0.200835	128.886383
18000	0.2	14	0.132816	128.709137
18000	0.2	16	0.172286	128.597870
18000	0.2	15	0.172768	129.015747

19000	0.2	16	0.146151	143.404572
19000	0.2	17	0.191725	143.487457
19000	0.2	15	0.213729	143.199127
19000	0.2	15	0.145459	143.068542
19000	0.2	15	0.146704	143.628876
19000	0.2	17	0.146322	143.235504
19000	0.2	17	0.163359	143.131989
19000	0.2	13	0.146187	143.542511
19000	0.2	16	0.145878	143.427673
19000	0.2	15	0.147149	143.744324
19000	0.2	18	0.184443	142.555481
19000	0.2	18	0.193165	143.333527
19000	0.2	16	0.214355	143.311920
19000	0.2	15	0.147832	143.617523
19000	0.2	18	0.185630	143.490601
19000	0.2	18	0.146186	143.283081
19000	0.2	17	0.148068	143.422882
19000	0.2	16	0.146831	143.042389
19000	0.2	16	0.146887	143.393829
19000	0.2	17	0.147151	143.294739
19000	0.2	16	0.213096	143.673248
19000	0.2	16	0.148041	144.046844
19000	0.2	15	0.145753	143.745697
19000	0.2	18	0.147215	143.171753
19000	0.2	17	0.179399	143.460724
19000	0.2	15	0.146630	143.419312
19000	0.2	16	0.185633	143.229767
19000	0.2	14	0.161879	143.158813
19000	0.2	16	0.146325	143.570465
19000	0.2	18	0.185987	144.363281

20000	0.2	16	0.160265	159.378357
20000	0.2	19	0.160662	158.799622
20000	0.2	16	0.226226	158.148071
20000	0.2	17	0.193137	158.913422
20000	0.2	17	0.162181	158.764160
20000	0.2	18	0.193295	158.644409
20000	0.2	18	0.229498	159.126404
20000	0.2	15	0.228836	158.707275
20000	0.2	18	0.200111	159.348480
20000	0.2	17	0.159614	158.780243
20000	0.2	17	0.159841	158.889343
20000	0.2	17	0.160088	158.972351
20000	0.2	16	0.227022	158.849823
20000	0.2	17	0.160088	158.752747
20000	0.2	15	0.199772	158.892914
20000	0.2	16	0.206136	158.896301
20000	0.2	18	0.194042	158.926727
20000	0.2	16	0.226039	158.692596
20000	0.2	15	0.193939	158.850220
20000	0.2	18	0.182762	158.624390
20000	0.2	15	0.200072	159.284241
20000	0.2	16	0.161476	158.664490
20000	0.2	15	0.160067	159.008179
20000	0.2	17	0.213096	159.079437
20000	0.2	17	0.199121	158.658997
20000	0.2	19	0.227626	158.828705
20000	0.2	16	0.162050	158.478424
20000	0.2	16	0.160142	159.265747
20000	0.2	16	0.159967	158.726654
20000	0.2	15	0.160878	159.314606

21000	0.2	14	0.174499	175.411377
21000	0.2	16	0.175043	175.187622
21000	0.2	13	0.196307	175.617188
21000	0.2	16	0.180210	174.896576
21000	0.2	16	0.174721	175.523956
21000	0.2	15	0.176003	174.625092
21000	0.2	16	0.174273	174.408356
21000	0.2	15	0.174933	174.925385
21000	0.2	16	0.221318	175.422180
21000	0.2	18	0.175944	175.026276
21000	0.2	15	0.242271	174.666260
21000	0.2	17	0.175935	175.296082
21000	0.2	17	0.174455	174.678406
21000	0.2	15	0.176102	175.134857
21000	0.2	17	0.174807	175.103943
21000	0.2	16	0.242873	175.516968
21000	0.2	17	0.208005	175.211334
21000	0.2	17	0.176792	175.050079
21000	0.2	17	0.176194	175.331146
21000	0.2	16	0.185133	174.970093
21000	0.2	18	0.174319	175.062836
21000	0.2	14	0.174113	174.954468
21000	0.2	15	0.176074	174.581390
21000	0.2	16	0.241971	174.734192
21000	0.2	17	0.174510	174.711029
21000	0.2	17	0.174627	175.279449
21000	0.2	14	0.220966	174.835083
21000	0.2	16	0.241422	174.741302
21000	0.2	17	0.174574	174.913330
21000	0.2	17	0.182961	175.521484

22000	0.2	17	0.189552	191.556213
22000	0.2	18	0.259958	191.423187
22000	0.2	16	0.229129	191.925720
22000	0.2	15	0.196421	191.945557
22000	0.2	17	0.189131	192.259033
22000	0.2	15	0.239065	192.126587
22000	0.2	15	0.222546	191.730927
22000	0.2	18	0.250279	191.579071
22000	0.2	17	0.188864	191.402557
22000	0.2	18	0.189692	191.898590
22000	0.2	17	0.189013	192.389862
22000	0.2	17	0.191092	192.603912
22000	0.2	16	0.189107	191.822021
22000	0.2	17	0.189615	192.174744
22000	0.2	14	0.189467	192.205200
22000	0.2	16	0.229022	192.165283
22000	0.2	17	0.189227	191.447418
22000	0.2	17	0.189642	192.171539
22000	0.2	15	0.258366	191.648285
22000	0.2	16	0.190007	192.033752
22000	0.2	16	0.258560	192.464386
22000	0.2	15	0.235953	191.763702
22000	0.2	16	0.190208	191.216400
22000	0.2	18	0.258036	192.292664
22000	0.2	17	0.236037	192.044983
22000	0.2	14	0.189125	191.834503
22000	0.2	16	0.258070	191.969788
22000	0.2	17	0.259235	192.355530
22000	0.2	15	0.189495	191.987518
22000	0.2	16	0.190526	192.332184

23000	0.2	17	0.207102	210.074554
23000	0.2	16	0.205743	209.354553
23000	0.2	17	0.205220	209.761108
23000	0.2	15	0.206445	209.722046
23000	0.2	18	0.204470	209.694580
23000	0.2	14	0.205429	210.056702
23000	0.2	14	0.205392	209.583099
23000	0.2	17	0.274495	209.759460
23000	0.2	16	0.206270	208.915619
23000	0.2	18	0.204488	209.478058
23000	0.2	16	0.207394	209.495850
23000	0.2	15	0.204851	210.074280
23000	0.2	17	0.237573	209.782074
23000	0.2	17	0.271540	210.026276
23000	0.2	17	0.204736	209.749298
23000	0.2	17	0.205240	209.788116
23000	0.2	17	0.204555	209.401184
23000	0.2	17	0.204743	208.914154
23000	0.2	16	0.273000	209.636414
23000	0.2	16	0.263960	209.974640
23000	0.2	16	0.263600	209.795807
23000	0.2	17	0.256010	209.898315
23000	0.2	17	0.250493	208.996124
23000	0.2	16	0.273484	209.935211
23000	0.2	15	0.272084	209.613342
23000	0.2	15	0.204863	209.271515
23000	0.2	17	0.252040	209.157806
23000	0.2	17	0.204759	209.752991
23000	0.2	17	0.251312	209.880249
23000	0.2	15	0.274104	210.583069

24000	0.2	14	0.288860	228.569153
24000	0.2	16	0.255935	228.025696
24000	0.2	18	0.221073	227.920898
24000	0.2	15	0.289271	228.581451
24000	0.2	16	0.283421	227.405945
24000	0.2	16	0.288722	228.126251
24000	0.2	17	0.220415	227.790344
24000	0.2	17	0.221657	228.207855
24000	0.2	15	0.222752	227.868805
24000	0.2	14	0.222864	228.624573
24000	0.2	16	0.222351	228.177032
24000	0.2	15	0.221922	228.974762
24000	0.2	15	0.221494	227.841156
24000	0.2	15	0.258318	228.399323
24000	0.2	16	0.261061	228.610199
24000	0.2	14	0.221526	228.557892
24000	0.2	17	0.221288	227.655426
24000	0.2	19	0.220833	227.663666
24000	0.2	17	0.220634	227.484039
24000	0.2	16	0.220973	228.326569
24000	0.2	15	0.289790	228.181580
24000	0.2	16	0.267735	228.328674
24000	0.2	15	0.221431	228.001892
24000	0.2	17	0.288989	227.997711
24000	0.2	17	0.288090	227.828430
24000	0.2	18	0.293636	228.653473
24000	0.2	18	0.271469	228.555084
24000	0.2	17	0.220786	227.729401
24000	0.2	16	0.221361	227.749939
24000	0.2	17	0.221477	228.192474

25000	0.2	16	0.239449	247.152039
25000	0.2	15	0.238396	247.902527
25000	0.2	18	0.266949	248.165253
25000	0.2	17	0.238829	247.399384
25000	0.2	16	0.306341	247.181061
25000	0.2	17	0.284919	247.445984
25000	0.2	17	0.238032	247.832733
25000	0.2	16	0.238364	247.304810
25000	0.2	18	0.306974	247.793304
25000	0.2	16	0.237408	246.868317
25000	0.2	18	0.247542	248.093750
25000	0.2	17	0.238490	247.668427
25000	0.2	15	0.305372	247.190308
25000	0.2	19	0.277757	247.013245
25000	0.2	16	0.240151	248.374939
25000	0.2	16	0.238613	247.597260
25000	0.2	17	0.285958	247.929657
25000	0.2	16	0.278375	247.789001
25000	0.2	17	0.289210	247.873901
25000	0.2	17	0.277753	247.453857
25000	0.2	17	0.238609	247.473999
25000	0.2	18	0.239218	248.058472
25000	0.2	17	0.278047	247.586731
25000	0.2	17	0.305443	247.713074
25000	0.2	17	0.239326	247.681549
25000	0.2	16	0.278189	248.141449
25000	0.2	16	0.305735	247.924530
25000	0.2	16	0.306142	247.379395
25000	0.2	18	0.237579	247.472198
25000	0.2	17	0.239809	247.399567

26000	0.2	17	0.323793	267.712738
26000	0.2	18	0.308848	268.144043
26000	0.2	16	0.328293	267.238525
26000	0.2	16	0.302518	267.775513
26000	0.2	17	0.255884	267.772797
26000	0.2	16	0.256123	268.243652
26000	0.2	17	0.256697	267.403656
26000	0.2	18	0.256155	267.847839
26000	0.2	16	0.256053	267.382996
26000	0.2	16	0.256330	267.841949
26000	0.2	18	0.321428	267.720551
26000	0.2	16	0.255594	268.115021
26000	0.2	16	0.257998	267.134888
26000	0.2	16	0.256797	268.264771
26000	0.2	17	0.255930	267.789093
26000	0.2	17	0.304278	267.653870
26000	0.2	16	0.323873	267.709106
26000	0.2	16	0.255077	267.144104
26000	0.2	17	0.258457	267.136566
26000	0.2	17	0.323360	266.852966
26000	0.2	16	0.255177	267.449890
26000	0.2	14	0.302451	268.045105
26000	0.2	18	0.284366	268.586578
26000	0.2	17	0.256116	267.855804
26000	0.2	15	0.300680	267.620789
26000	0.2	17	0.324653	268.310394
26000	0.2	16	0.255821	267.519592
26000	0.2	17	0.256624	268.304840
26000	0.2	16	0.305259	268.873260
26000	0.2	16	0.278021	267.530182

27000	0.2	17	0.297320	288.213013
27000	0.2	17	0.274621	288.574646
27000	0.2	13	0.340108	288.585938
27000	0.2	16	0.274187	288.900269
27000	0.2	15	0.274058	288.519897
27000	0.2	16	0.274773	289.156494
27000	0.2	17	0.273977	288.701721
27000	0.2	16	0.319640	288.141785
27000	0.2	16	0.347036	288.377441
27000	0.2	16	0.274565	288.432281
27000	0.2	16	0.275216	289.189514
27000	0.2	17	0.273777	289.182281
27000	0.2	17	0.283640	289.122223
27000	0.2	18	0.302460	289.374176
27000	0.2	19	0.282030	287.921326
27000	0.2	14	0.339518	288.550659
27000	0.2	16	0.273363	288.404633
27000	0.2	17	0.275994	288.832825
27000	0.2	18	0.342190	288.772614
27000	0.2	15	0.309774	288.732391
27000	0.2	16	0.341356	288.095917
27000	0.2	17	0.278503	288.910950
27000	0.2	15	0.273771	288.670166
27000	0.2	16	0.273908	288.050964
27000	0.2	16	0.273772	288.912048
27000	0.2	16	0.275644	288.762360
27000	0.2	17	0.276172	288.710999
27000	0.2	16	0.274396	289.130432
27000	0.2	17	0.274467	287.783569
27000	0.2	17	0.274320	287.738434

28000	0.2	16	0.294295	310.805511
28000	0.2	18	0.361211	310.309418
28000	0.2	15	0.332979	309.711060
28000	0.2	18	0.326127	309.775238
28000	0.2	15	0.358795	309.326263
28000	0.2	17	0.361737	309.806274
28000	0.2	18	0.294458	310.458496
28000	0.2	15	0.358653	310.315491
28000	0.2	17	0.295296	309.924286
28000	0.2	17	0.349763	309.819824
28000	0.2	17	0.293803	310.690247
28000	0.2	16	0.365027	310.598816
28000	0.2	18	0.293869	310.436279
28000	0.2	16	0.361151	310.803070
28000	0.2	16	0.293726	310.804840
28000	0.2	17	0.360910	310.319244
28000	0.2	17	0.293283	310.535919
28000	0.2	16	0.292571	309.837402
28000	0.2	15	0.292594	310.643585
28000	0.2	15	0.293848	310.428131
28000	0.2	15	0.293136	310.271820
28000	0.2	17	0.293861	310.076752
28000	0.2	18	0.292733	309.615021
28000	0.2	16	0.292423	309.357361
28000	0.2	16	0.365601	309.903961
28000	0.2	16	0.293035	309.907806
28000	0.2	18	0.292356	310.456177
28000	0.2	18	0.292486	310.433746
28000	0.2	18	0.293374	311.010590
28000	0.2	18	0.291799	309.430084

29000	0.2	17	0.312756	333.189789
29000	0.2	15	0.313198	332.279724
29000	0.2	17	0.379151	331.844757
29000	0.2	16	0.312289	333.159821
29000	0.2	18	0.313766	332.509125
29000	0.2	17	0.312550	333.093323
29000	0.2	17	0.340408	332.811768
29000	0.2	17	0.312151	332.170898
29000	0.2	16	0.312104	332.937042
29000	0.2	16	0.312254	333.117218
29000	0.2	17	0.311303	331.645416
29000	0.2	17	0.315521	332.737610
29000	0.2	15	0.313836	333.547424
29000	0.2	15	0.312234	332.145416
29000	0.2	17	0.312421	332.971771
29000	0.2	17	0.311962	332.948273
29000	0.2	15	0.312237	332.351074
29000	0.2	15	0.368962	332.745544
29000	0.2	16	0.379140	333.237091
29000	0.2	16	0.312650	332.922516
29000	0.2	17	0.314539	333.255920
29000	0.2	15	0.312754	332.685364
29000	0.2	17	0.313739	332.671722
29000	0.2	15	0.312006	332.716705
29000	0.2	16	0.379783	332.781830
29000	0.2	17	0.378887	332.640747
29000	0.2	17	0.366421	332.962524
29000	0.2	18	0.318401	332.353394
29000	0.2	16	0.312210	331.827148
29000	0.2	16	0.311837	332.526306

30000	0.2	17	0.393031	355.602203
30000	0.2	19	0.399366	355.607269
30000	0.2	17	0.399639	355.371582
30000	0.2	15	0.349201	355.728088
30000	0.2	16	0.399246	355.551575
30000	0.2	16	0.333863	355.313080
30000	0.2	14	0.402043	355.580292
30000	0.2	17	0.402714	356.264038
30000	0.2	14	0.336183	356.393860
30000	0.2	15	0.401983	356.431610
30000	0.2	16	0.332805	356.212402
30000	0.2	17	0.332596	356.085480
30000	0.2	16	0.332722	355.816864
30000	0.2	18	0.333522	356.269684
30000	0.2	17	0.404436	355.172150
30000	0.2	18	0.335401	356.723785
30000	0.2	16	0.334795	355.775787
30000	0.2	17	0.332882	356.284790
30000	0.2	17	0.332738	356.304993
30000	0.2	16	0.331986	356.186340
30000	0.2	18	0.332052	356.056030
30000	0.2	14	0.332274	355.830261
30000	0.2	16	0.384420	355.482117
30000	0.2	17	0.332374	356.111420
30000	0.2	16	0.335996	355.919739
30000	0.2	16	0.367349	355.245209
30000	0.2	17	0.333421	356.565369
30000	0.2	16	0.335107	356.891907
30000	0.2	15	0.367718	356.473877
30000	0.2	16	0.332117	356.373749

