1000	0.1	50	0.009825	0.453796
1000	0.1	53	0.006277	0.449738
1000	0.1	44	0.008487	0.449310
1000	0.1	48	0.007004	0.428894
1000	0.1	47	0.005931	0.462463
1000	0.1	49	0.005262	0.447449
1000	0.1	49	0.007637	0.440582
1000	0.1	51	0.005816	0.443268
1000	0.1	47	0.004350	0.439362
1000	0.1	45	0.003908	0.432068
1000	0.1	49	0.003878	0.447418
1000	0.1	47	0.003181	0.449646
1000	0.1	50	0.002456	0.444336
1000	0.1	46	0.002474	0.448639
1000	0.1	50	0.002403	0.460144
1000	0.1	49	0.002441	0.437958
1000	0.1	50	0.002309	0.421722
1000	0.1	48	0.002339	0.455719
1000	0.1	48	0.002304	0.451294
1000	0.1	49	0.002482	0.449402
1000	0.1	46	0.002290	0.437378
1000	0.1	46	0.002324	0.449524
1000	0.1	51	0.002465	0.438171
1000	0.1	50	0.002411	0.438934
1000	0.1	50	0.008923	0.436127
1000	0.1	50	0.002443	0.451050
1000	0.1	50	0.002440	0.448547
1000	0.1	51	0.002295	0.438965
1000	0.1	44	0.002506	0.460571
1000	0.1	49	0.002353	0.450134

2000	0.1	53	0.005284	1.012726
2000	0.1	52	0.005031	1.013672
2000	0.1	51	0.005021	1.028961
2000	0.1	50	0.005225	1.030548
2000	0.1	50	0.004934	1.016388
2000	0.1	55	0.005011	1.007874
2000	0.1	49	0.005263	1.031158
2000	0.1	52	0.009340	1.013458
2000	0.1	54	0.008206	1.023834
2000	0.1	51	0.009036	1.011993
2000	0.1	51	0.006112	1.019806
2000	0.1	51	0.005190	1.024506
2000	0.1	53	0.005183	1.017761
2000	0.1	52	0.005303	1.042114
2000	0.1	52	0.005032	1.047119
2000	0.1	53	0.005160	1.015442
2000	0.1	53	0.005172	1.021851
2000	0.1	52	0.004975	1.005829
2000	0.1	54	0.005234	1.016602
2000	0.1	51	0.005046	1.022308
2000	0.1	53	0.005276	1.025208
2000	0.1	49	0.005228	1.028381
2000	0.1	50	0.004923	0.993835
2000	0.1	50	0.004915	0.993652
2000	0.1	51	0.005165	1.002258
2000	0.1	55	0.005419	1.037720
2000	0.1	47	0.005196	1.014893
2000	0.1	54	0.008385	1.007111
2000	0.1	50	0.004948	1.015320
2000	0.1	53	0.005017	1.031067

3000	0.1	55	0.008084	1.747711
3000	0.1	52	0.008137	1.756195
3000	0.1	55	0.008162	1.781372
3000	0.1	51	0.007926	1.736328
3000	0.1	54	0.016497	1.722687
3000	0.1	49	0.013118	1.726044
3000	0.1	53	0.007893	1.742798
3000	0.1	49	0.007926	1.755798
3000	0.1	52	0.007884	1.755157
3000	0.1	48	0.008097	1.722900
3000	0.1	54	0.007950	1.708923
3000	0.1	52	0.007843	1.718506
3000	0.1	54	0.014119	1.733124
3000	0.1	52	0.007862	1.730774
3000	0.1	57	0.007851	1.731537
3000	0.1	49	0.007894	1.725494
3000	0.1	52	0.008187	1.751251
3000	0.1	50	0.008221	1.727081
3000	0.1	53	0.008563	1.732178
3000	0.1	53	0.008305	1.770020
3000	0.1	53	0.007998	1.764557
3000	0.1	51	0.008030	1.719788
3000	0.1	56	0.008099	1.715485
3000	0.1	52	0.008341	1.729858
3000	0.1	53	0.008279	1.740417
3000	0.1	53	0.007956	1.738861
3000	0.1	55	0.007880	1.700043
3000	0.1	56	0.007850	1.735687
3000	0.1	53	0.013827	1.729034
3000	0.1	54	0.007954	1.724884

4000	0.1	53	0.011173	2.591034
4000	0.1	50	0.012071	2.642426
4000	0.1	51	0.011101	2.591156
4000	0.1	52	0.011903	2.583710
4000	0.1	53	0.011239	2.639282
4000	0.1	54	0.011038	2.606201
4000	0.1	51	0.026145	2.615723
4000	0.1	51	0.011161	2.604248
4000	0.1	53	0.011301	2.616058
4000	0.1	55	0.011156	2.610504
4000	0.1	54	0.011229	2.617340
4000	0.1	55	0.011310	2.610229
4000	0.1	56	0.011180	2.622498
4000	0.1	50	0.011490	2.618073
4000	0.1	53	0.011895	2.591736
4000	0.1	54	0.011017	2.644836
4000	0.1	52	0.011018	2.623138
4000	0.1	54	0.021525	2.620148
4000	0.1	53	0.011796	2.595306
4000	0.1	55	0.011226	2.605682
4000	0.1	49	0.011033	2.615509
4000	0.1	53	0.011141	2.586334
4000	0.1	54	0.011200	2.660431
4000	0.1	50	0.011304	2.623505
4000	0.1	53	0.011006	2.606506
4000	0.1	55	0.011148	2.644043
4000	0.1	52	0.011000	2.591339
4000	0.1	51	0.019487	2.626770
4000	0.1	53	0.011261	2.642639
4000	0.1	53	0.011030	2.625763

5000	0.1	52	0.029493	3.673431
5000	0.1	53	0.014533	3.715881
5000	0.1	56	0.015371	3.681305
5000	0.1	55	0.014419	3.670624
5000	0.1	57	0.014546	3.658142
5000	0.1	55	0.026256	3.678131
5000	0.1	48	0.014675	3.639160
5000	0.1	53	0.014347	3.659943
5000	0.1	53	0.014646	3.697266
5000	0.1	56	0.014427	3.650757
5000	0.1	51	0.014678	3.653961
5000	0.1	52	0.014535	3.703186
5000	0.1	53	0.014540	3.674774
5000	0.1	50	0.015013	3.663849
5000	0.1	53	0.014974	3.694092
5000	0.1	55	0.014748	3.704163
5000	0.1	55	0.014527	3.669830
5000	0.1	50	0.014360	3.634918
5000	0.1	52	0.014519	3.678528
5000	0.1	52	0.014118	3.655243
5000	0.1	52	0.014903	3.736145
5000	0.1	51	0.014511	3.700256
5000	0.1	50	0.028420	3.648834
5000	0.1	53	0.014771	3.659729
5000	0.1	52	0.014588	3.703186
5000	0.1	55	0.014827	3.657715
5000	0.1	55	0.014477	3.614868
5000	0.1	51	0.014857	3.648895
5000	0.1	54	0.015554	3.672821
5000	0.1	52	0.014743	3.680878

6000	0.1	57	0.018341	4.939087
6000	0.1	54	0.021953	4.907776
6000	0.1	54	0.023548	5.003723
6000	0.1	56	0.018085	4.858887
6000	0.1	52	0.018350	4.917206
6000	0.1	51	0.018697	4.989044
6000	0.1	51	0.018265	4.970276
6000	0.1	57	0.019915	4.926392
6000	0.1	51	0.018301	4.891724
6000	0.1	53	0.017833	4.962219
6000	0.1	51	0.029949	4.893677
6000	0.1	56	0.018189	4.963989
6000	0.1	54	0.018181	4.921844
6000	0.1	52	0.018891	4.924622
6000	0.1	54	0.018401	4.898285
6000	0.1	57	0.018189	4.963379
6000	0.1	55	0.018218	4.924713
6000	0.1	53	0.018310	4.928741
6000	0.1	56	0.031927	4.933960
6000	0.1	52	0.018247	4.954498
6000	0.1	53	0.018370	4.955170
6000	0.1	58	0.018286	4.916840
6000	0.1	56	0.018258	4.846802
6000	0.1	54	0.018570	4.916199
6000	0.1	54	0.018191	4.885101
6000	0.1	53	0.020214	4.942535
6000	0.1	55	0.018714	4.925171
6000	0.1	50	0.018699	4.938599
6000	0.1	55	0.019261	4.928925
6000	0.1	52	0.020988	4.900330

7000	0.1	52	0.026082	6.368195
7000	0.1	53	0.022411	6.359070
7000	0.1	52	0.022550	6.344604
7000	0.1	56	0.022939	6.319244
7000	0.1	57	0.023632	6.344452
7000	0.1	54	0.023340	6.427521
7000	0.1	52	0.023245	6.333008
7000	0.1	54	0.024101	6.302063
7000	0.1	51	0.023977	6.408112
7000	0.1	56	0.024600	6.340698
7000	0.1	54	0.023548	6.368896
7000	0.1	54	0.023723	6.374268
7000	0.1	56	0.025483	6.321777
7000	0.1	54	0.029898	6.377106
7000	0.1	54	0.023286	6.321808
7000	0.1	54	0.023607	6.362518
7000	0.1	54	0.022026	6.336700
7000	0.1	54	0.022215	6.304901
7000	0.1	52	0.022002	6.350800
7000	0.1	58	0.021836	6.360168
7000	0.1	56	0.022857	6.340759
7000	0.1	53	0.022217	6.320984
7000	0.1	57	0.022723	6.407227
7000	0.1	57	0.022190	6.342621
7000	0.1	51	0.029912	6.295502
7000	0.1	55	0.026927	6.355865
7000	0.1	54	0.023985	6.341187
7000	0.1	54	0.022343	6.394287
7000	0.1	58	0.023022	6.316528
7000	0.1	52	0.022353	6.327118

8000	0.1	54	0.027519	8.035614
8000	0.1	54	0.027664	8.066040
8000	0.1	54	0.026860	7.901672
8000	0.1	52	0.026683	7.974396
8000	0.1	55	0.026807	8.071838
8000	0.1	52	0.027630	7.943146
8000	0.1	53	0.026713	7.997009
8000	0.1	52	0.026825	7.996490
8000	0.1	55	0.026712	7.946472
8000	0.1	54	0.026823	7.980743
8000	0.1	53	0.027349	7.942200
8000	0.1	56	0.026299	7.958466
8000	0.1	53	0.026318	7.932343
8000	0.1	57	0.026150	8.003937
8000	0.1	55	0.027409	7.925049
8000	0.1	53	0.027390	7.972778
8000	0.1	54	0.028177	8.052307
8000	0.1	56	0.026723	7.993469
8000	0.1	52	0.027218	7.960114
8000	0.1	58	0.027829	7.932373
8000	0.1	53	0.026620	7.928467
8000	0.1	54	0.026484	7.997101
8000	0.1	56	0.039528	8.013702
8000	0.1	54	0.026553	8.047363
8000	0.1	56	0.026588	8.003448
8000	0.1	54	0.026736	7.988739
8000	0.1	54	0.027924	7.989990
8000	0.1	54	0.026845	7.960938
8000	0.1	54	0.027377	8.004272
8000	0.1	55	0.027184	7.975922

9000	0.1	54	0.031002	9.774689
9000	0.1	56	0.032331	9.729218
9000	0.1	55	0.031217	9.819977
9000	0.1	54	0.031028	9.796997
9000	0.1	56	0.031425	9.822388
9000	0.1	55	0.031712	9.776978
9000	0.1	53	0.030876	9.790009
9000	0.1	56	0.030890	9.852905
9000	0.1	54	0.031840	9.777802
9000	0.1	56	0.031297	9.766724
9000	0.1	54	0.031354	9.777405
9000	0.1	56	0.031409	9.745667
9000	0.1	56	0.031182	9.781952
9000	0.1	59	0.031534	9.739441
9000	0.1	54	0.031303	9.887390
9000	0.1	55	0.031445	9.792480
9000	0.1	52	0.032188	9.827667
9000	0.1	53	0.031238	9.810425
9000	0.1	56	0.031799	9.778503
9000	0.1	57	0.031119	9.784241
9000	0.1	56	0.031977	9.724426
9000	0.1	53	0.031049	9.798157
9000	0.1	58	0.031462	9.832855
9000	0.1	50	0.031002	9.824982
9000	0.1	54	0.031768	9.737823
9000	0.1	53	0.030829	9.804779
9000	0.1	54	0.031868	9.833832
9000	0.1	56	0.031195	9.778870
9000	0.1	52	0.031962	9.799744
9000	0.1	56	0.032225	9.789520

10000	0.1	58	0.036571	11.821808
10000	0.1	53	0.037243	11.865509
10000	0.1	55	0.037595	11.757599
10000	0.1	54	0.037097	11.829498
10000	0.1	56	0.036547	11.817444
10000	0.1	58	0.036365	11.806793
10000	0.1	54	0.036247	11.782715
10000	0.1	54	0.035576	11.767181
10000	0.1	55	0.036811	11.863190
10000	0.1	50	0.035805	11.680725
10000	0.1	55	0.036018	11.838104
10000	0.1	55	0.035899	11.759491
10000	0.1	54	0.036264	11.876465
10000	0.1	53	0.036833	11.857880
10000	0.1	57	0.035870	11.747223
10000	0.1	53	0.038085	11.895294
10000	0.1	54	0.036422	11.799194
10000	0.1	53	0.036978	11.784241
10000	0.1	54	0.036846	11.796356
10000	0.1	55	0.035976	11.815216
10000	0.1	53	0.036374	11.867523
10000	0.1	55	0.035746	11.854584
10000	0.1	55	0.036865	11.806915
10000	0.1	55	0.036870	11.773773
10000	0.1	53	0.039109	11.867004
10000	0.1	55	0.036318	11.895721
10000	0.1	53	0.035640	11.796936
10000	0.1	53	0.037722	11.841400
10000	0.1	50	0.035868	11.806458
10000	0.1	58	0.036310	11.747284

11000	0.1	52	0.040721	13.993103
11000	0.1	53	0.041998	13.968781
11000	0.1	55	0.043049	14.030304
11000	0.1	53	0.042140	14.142944
11000	0.1	55	0.041431	14.031036
11000	0.1	55	0.042016	14.052032
11000	0.1	52	0.041510	14.084930
11000	0.1	56	0.043424	13.989349
11000	0.1	54	0.041637	14.107391
11000	0.1	56	0.041502	13.943542
11000	0.1	55	0.041649	14.016876
11000	0.1	54	0.042354	14.016174
11000	0.1	58	0.042461	13.987946
11000	0.1	53	0.043207	14.076630
11000	0.1	57	0.041443	13.964020
11000	0.1	55	0.040766	14.038422
11000	0.1	55	0.041372	14.084442
11000	0.1	56	0.041251	13.944733
11000	0.1	56	0.041197	14.123627
11000	0.1	54	0.042239	14.004517
11000	0.1	55	0.042249	13.992676
11000	0.1	53	0.041567	14.017548
11000	0.1	51	0.041429	14.046997
11000	0.1	53	0.041418	14.051086
11000	0.1	51	0.042169	14.033386
11000	0.1	54	0.040916	14.036865
11000	0.1	55	0.042466	13.932068
11000	0.1	51	0.041841	14.110443
11000	0.1	53	0.041265	14.051941
11000	0.1	54	0.041281	14.012054

12000	0.1	56	0.065378	16.462463
12000	0.1	55	0.048781	16.528992
12000	0.1	55	0.047111	16.445404
12000	0.1	53	0.046667	16.374176
12000	0.1	56	0.046900	16.532684
12000	0.1	53	0.047825	16.544861
12000	0.1	53	0.046834	16.418121
12000	0.1	55	0.047004	16.383789
12000	0.1	57	0.048052	16.369873
12000	0.1	52	0.047342	16.419464
12000	0.1	55	0.046434	16.319427
12000	0.1	56	0.047306	16.475800
12000	0.1	54	0.046915	16.398560
12000	0.1	54	0.046749	16.483582
12000	0.1	55	0.047733	16.387756
12000	0.1	54	0.047478	16.405701
12000	0.1	52	0.046491	16.410583
12000	0.1	53	0.048969	16.435242
12000	0.1	57	0.049395	16.437561
12000	0.1	55	0.061140	16.439148
12000	0.1	54	0.049593	16.439209
12000	0.1	54	0.049622	16.492432
12000	0.1	53	0.049274	16.343597
12000	0.1	56	0.049510	16.406158
12000	0.1	53	0.049177	16.443329
12000	0.1	56	0.049269	16.436707
12000	0.1	56	0.049887	16.475922
12000	0.1	56	0.055545	16.516571
12000	0.1	58	0.049611	16.437317
12000	0.1	51	0.052594	16.431335

13000	0.1	56	0.055077	18.925537
13000	0.1	52	0.065228	18.949768
13000	0.1	54	0.053067	19.030334
13000	0.1	55	0.052712	19.034760
13000	0.1	56	0.053213	19.066254
13000	0.1	56	0.069839	18.956329
13000	0.1	56	0.052676	19.046051
13000	0.1	57	0.053894	18.974243
13000	0.1	55	0.055527	19.066162
13000	0.1	54	0.055832	19.080902
13000	0.1	56	0.056790	19.107269
13000	0.1	53	0.082056	19.055511
13000	0.1	51	0.084111	18.916962
13000	0.1	53	0.052958	18.977966
13000	0.1	53	0.060963	19.034302
13000	0.1	56	0.052910	19.015686
13000	0.1	54	0.053058	18.973877
13000	0.1	56	0.053512	19.077972
13000	0.1	55	0.053783	19.005463
13000	0.1	56	0.052851	18.924011
13000	0.1	55	0.052680	19.128693
13000	0.1	57	0.052778	18.938843
13000	0.1	54	0.052910	19.029114
13000	0.1	57	0.052902	19.162994
13000	0.1	53	0.053855	19.023895
13000	0.1	55	0.075294	19.072449
13000	0.1	54	0.052947	19.058655
13000	0.1	57	0.052840	18.955200
13000	0.1	56	0.053689	19.092499
13000	0.1	53	0.053615	19.024078

14000	0.1	52	0.058279	21.852417
14000	0.1	53	0.080163	21.816711
14000	0.1	54	0.074823	21.913635
14000	0.1	56	0.059975	21.786591
14000	0.1	53	0.058673	21.833160
14000	0.1	52	0.058379	21.807098
14000	0.1	54	0.058465	21.854919
14000	0.1	56	0.116974	21.854645
14000	0.1	57	0.059288	21.861084
14000	0.1	55	0.067205	21.861938
14000	0.1	55	0.061324	21.859650
14000	0.1	56	0.061344	21.701324
14000	0.1	53	0.061400	21.832703
14000	0.1	54	0.075245	21.751923
14000	0.1	54	0.059383	21.813263
14000	0.1	53	0.058945	21.810760
14000	0.1	57	0.057651	21.839813
14000	0.1	53	0.059088	21.785248
14000	0.1	58	0.059800	21.832947
14000	0.1	55	0.058633	21.865509
14000	0.1	54	0.071042	21.910004
14000	0.1	58	0.060392	21.755798
14000	0.1	56	0.058925	21.869812
14000	0.1	51	0.059197	21.877777
14000	0.1	56	0.060831	21.855133
14000	0.1	53	0.061032	21.778076
14000	0.1	56	0.059179	21.823914
14000	0.1	58	0.057963	21.809357
14000	0.1	54	0.057934	21.853119
14000	0.1	50	0.058009	21.859680

15000	0.1	52	0.063809	24.915314
15000	0.1	56	0.065131	24.769501
15000	0.1	56	0.064922	24.820557
15000	0.1	51	0.065675	24.829041
15000	0.1	54	0.064246	24.779266
15000	0.1	55	0.075894	24.770294
15000	0.1	54	0.065482	24.811798
15000	0.1	55	0.066376	24.753418
15000	0.1	57	0.065315	24.832794
15000	0.1	56	0.081582	24.806976
15000	0.1	56	0.089631	24.686859
15000	0.1	52	0.088023	24.928070
15000	0.1	51	0.065657	24.764404
15000	0.1	55	0.064861	24.663177
15000	0.1	54	0.081961	24.881561
15000	0.1	50	0.067560	24.809937
15000	0.1	56	0.092377	24.985107
15000	0.1	51	0.066486	24.663116
15000	0.1	53	0.065453	24.874420
15000	0.1	57	0.098179	24.910034
15000	0.1	53	0.065643	24.822021
15000	0.1	52	0.064097	24.821075
15000	0.1	56	0.065981	24.756409
15000	0.1	59	0.064486	24.902618
15000	0.1	52	0.064672	24.770874
15000	0.1	56	0.065233	24.843536
15000	0.1	54	0.065551	24.729034
15000	0.1	55	0.075922	24.789185
15000	0.1	54	0.066458	24.805237
15000	0.1	54	0.064136	24.927460

16000	0.1	55	0.098855	28.110229
16000	0.1	50	0.072118	28.032379
16000	0.1	59	0.092789	28.045776
16000	0.1	56	0.070681	28.000916
16000	0.1	54	0.070773	27.991028
16000	0.1	55	0.073506	27.998047
16000	0.1	55	0.079918	28.098206
16000	0.1	57	0.071659	27.952667
16000	0.1	54	0.122177	27.986511
16000	0.1	57	0.070087	27.975983
16000	0.1	56	0.137186	28.014221
16000	0.1	59	0.075314	27.940460
16000	0.1	57	0.070444	28.018250
16000	0.1	55	0.071809	27.982635
16000	0.1	56	0.070513	28.119781
16000	0.1	52	0.070875	28.093262
16000	0.1	55	0.093862	27.925568
16000	0.1	53	0.071772	28.024658
16000	0.1	57	0.071395	27.989594
16000	0.1	54	0.070817	28.073395
16000	0.1	50	0.071611	28.044556
16000	0.1	55	0.070794	27.911102
16000	0.1	54	0.071647	28.125122
16000	0.1	56	0.077085	27.978302
16000	0.1	53	0.072120	27.989380
16000	0.1	60	0.070493	27.963043
16000	0.1	54	0.070536	28.196472
16000	0.1	58	0.070439	28.128937
16000	0.1	55	0.071828	28.091156
16000	0.1	57	0.075016	28.154297

17000	0.1	56	0.081067	31.432983
17000	0.1	54	0.081707	31.394653
17000	0.1	55	0.082260	31.354706
17000	0.1	53	0.082841	31.378967
17000	0.1	56	0.082766	31.428009
17000	0.1	54	0.082169	31.521362
17000	0.1	57	0.084401	31.486877
17000	0.1	56	0.079101	31.306915
17000	0.1	54	0.095047	31.365326
17000	0.1	55	0.078822	31.293457
17000	0.1	54	0.078143	31.550629
17000	0.1	57	0.077522	31.247742
17000	0.1	50	0.077671	31.478302
17000	0.1	55	0.078657	31.335114
17000	0.1	51	0.077299	31.365021
17000	0.1	56	0.077490	31.246765
17000	0.1	57	0.077285	31.345276
17000	0.1	53	0.078828	31.471008
17000	0.1	53	0.077060	31.417877
17000	0.1	51	0.076703	31.297089
17000	0.1	58	0.076425	31.439178
17000	0.1	55	0.104708	31.451385
17000	0.1	54	0.145651	31.318817
17000	0.1	57	0.077958	31.526154
17000	0.1	56	0.099343	31.452942
17000	0.1	57	0.118258	31.296906
17000	0.1	60	0.081865	31.345490
17000	0.1	55	0.080213	31.441254
17000	0.1	61	0.078270	31.506012
17000	0.1	55	0.099209	31.538330

18000	0.1	57	0.084469	34.960938
18000	0.1	61	0.083519	35.015320
18000	0.1	55	0.083840	34.975616
18000	0.1	55	0.085394	34.971558
18000	0.1	52	0.085242	35.154694
18000	0.1	55	0.084867	35.077759
18000	0.1	54	0.104919	34.889587
18000	0.1	55	0.083469	34.961487
18000	0.1	53	0.088306	34.962128
18000	0.1	56	0.089001	35.005646
18000	0.1	56	0.089644	35.044708
18000	0.1	56	0.089408	34.976105
18000	0.1	60	0.089316	34.947052
18000	0.1	56	0.088447	34.930359
18000	0.1	52	0.106064	34.941681
18000	0.1	55	0.083697	34.910614
18000	0.1	55	0.085333	35.005798
18000	0.1	56	0.084519	35.009796
18000	0.1	54	0.086593	34.978485
18000	0.1	52	0.083389	34.998505
18000	0.1	54	0.085325	34.887238
18000	0.1	55	0.085530	34.939270
18000	0.1	57	0.093166	35.094086
18000	0.1	57	0.110777	34.977997
18000	0.1	54	0.083856	34.993561
18000	0.1	57	0.085952	35.086182
18000	0.1	55	0.084239	34.931641
18000	0.1	56	0.106385	34.968414
18000	0.1	59	0.085536	34.857635
18000	0.1	53	0.105064	35.038879

19000	0.1	54	0.090458	38.751648
19000	0.1	56	0.090215	38.738495
19000	0.1	54	0.130363	38.686005
19000	0.1	57	0.091069	38.667999
19000	0.1	55	0.118946	38.852173
19000	0.1	55	0.091262	38.796448
19000	0.1	57	0.091666	38.720337
19000	0.1	53	0.118077	38.745544
19000	0.1	53	0.124411	38.840179
19000	0.1	54	0.089930	38.739319
19000	0.1	55	0.090689	38.562134
19000	0.1	55	0.091065	38.699371
19000	0.1	55	0.125998	38.734985
19000	0.1	56	0.091939	38.828857
19000	0.1	56	0.092245	38.736542
19000	0.1	54	0.108072	38.673859
19000	0.1	56	0.093493	38.866028
19000	0.1	53	0.091359	38.708099
19000	0.1	57	0.091261	38.754517
19000	0.1	56	0.092697	38.716370
19000	0.1	54	0.091870	38.862183
19000	0.1	54	0.091770	38.834961
19000	0.1	54	0.091201	38.882721
19000	0.1	58	0.113704	38.773773
19000	0.1	55	0.091260	38.815308
19000	0.1	60	0.159166	38.766785
19000	0.1	56	0.090791	38.749817
19000	0.1	55	0.160174	38.789429
19000	0.1	59	0.092747	38.962830
19000	0.1	57	0.090816	38.992798

20000	0.1	51	0.131985	42.903137
20000	0.1	59	0.156450	42.684357
20000	0.1	56	0.167010	42.777100
20000	0.1	56	0.097818	42.841309
20000	0.1	59	0.131564	42.757538
20000	0.1	57	0.097987	42.692749
20000	0.1	55	0.161017	42.938446
20000	0.1	55	0.100297	42.782196
20000	0.1	54	0.126225	42.895264
20000	0.1	57	0.132062	42.863892
20000	0.1	55	0.167256	42.795288
20000	0.1	59	0.099757	42.801910
20000	0.1	60	0.115700	42.843933
20000	0.1	60	0.131953	42.786407
20000	0.1	57	0.099827	42.656250
20000	0.1	59	0.103657	42.793701
20000	0.1	55	0.100940	42.792694
20000	0.1	55	0.098209	42.678528
20000	0.1	51	0.138098	42.646149
20000	0.1	57	0.099844	42.620941
20000	0.1	59	0.166621	42.892639
20000	0.1	56	0.100923	42.765259
20000	0.1	53	0.166785	42.862762
20000	0.1	53	0.098211	42.756958
20000	0.1	57	0.099721	42.780701
20000	0.1	53	0.099092	42.826965
20000	0.1	55	0.098201	42.744598
20000	0.1	52	0.098329	42.907166
20000	0.1	53	0.100172	42.793915
20000	0.1	55	0.131487	42.836731

21000	0.1	59	0.105533	46.941803
21000	0.1	57	0.105608	46.965637
21000	0.1	54	0.106708	47.058228
21000	0.1	57	0.131930	46.925049
21000	0.1	54	0.106500	46.975433
21000	0.1	56	0.121413	46.976013
21000	0.1	57	0.162717	46.864380
21000	0.1	56	0.105719	47.045105
21000	0.1	56	0.133234	47.040680
21000	0.1	56	0.105888	47.019928
21000	0.1	57	0.112059	46.861938
21000	0.1	55	0.175229	47.091919
21000	0.1	54	0.133777	46.850708
21000	0.1	56	0.139694	46.928253
21000	0.1	54	0.174829	46.867157
21000	0.1	57	0.133035	47.010498
21000	0.1	53	0.104970	46.919067
21000	0.1	56	0.105167	47.015778
21000	0.1	54	0.106253	47.177979
21000	0.1	56	0.107102	46.984711
21000	0.1	55	0.105280	46.912903
21000	0.1	54	0.105453	47.028625
21000	0.1	53	0.106992	46.927124
21000	0.1	58	0.138743	47.026642
21000	0.1	54	0.174062	47.025665
21000	0.1	55	0.128243	46.982635
21000	0.1	55	0.105911	46.944061
21000	0.1	57	0.105353	47.007721
21000	0.1	56	0.105211	46.889771
21000	0.1	55	0.136027	47.131165

22000	0.1	61	0.180712	51.190704
22000	0.1	57	0.141394	51.303467
22000	0.1	60	0.147455	51.445465
22000	0.1	55	0.116021	51.388977
22000	0.1	55	0.147205	51.551331
22000	0.1	60	0.146955	51.303467
22000	0.1	57	0.124974	51.197754
22000	0.1	57	0.152853	51.352478
22000	0.1	51	0.154783	51.211060
22000	0.1	57	0.113647	51.191376
22000	0.1	55	0.113671	51.400665
22000	0.1	57	0.180838	51.420135
22000	0.1	54	0.181180	51.253387
22000	0.1	59	0.113847	51.443359
22000	0.1	54	0.147586	51.485321
22000	0.1	55	0.147501	51.337250
22000	0.1	52	0.113326	51.225311
22000	0.1	57	0.113615	51.535461
22000	0.1	55	0.150956	51.328613
22000	0.1	58	0.113611	51.409851
22000	0.1	55	0.114467	51.526794
22000	0.1	53	0.113406	51.383087
22000	0.1	56	0.152738	51.184845
22000	0.1	53	0.153010	51.519745
22000	0.1	57	0.183036	51.432098
22000	0.1	52	0.180475	51.255524
22000	0.1	52	0.143337	51.514984
22000	0.1	55	0.114240	51.376221
22000	0.1	55	0.180292	51.460388
22000	0.1	59	0.167987	51.466858

23000	0.1	55	0.167384	55.926331
23000	0.1	55	0.121521	56.029236
23000	0.1	52	0.121792	55.857727
23000	0.1	58	0.187461	55.857635
23000	0.1	57	0.188186	56.023438
23000	0.1	56	0.182936	56.111267
23000	0.1	53	0.121325	55.899933
23000	0.1	52	0.122401	55.883423
23000	0.1	54	0.121671	56.007935
23000	0.1	54	0.122275	55.952057
23000	0.1	56	0.163132	55.868378
23000	0.1	55	0.155124	56.114349
23000	0.1	59	0.122065	55.983368
23000	0.1	57	0.186597	55.948761
23000	0.1	53	0.121024	55.670044
23000	0.1	58	0.161963	56.075562
23000	0.1	55	0.143631	55.984467
23000	0.1	58	0.123107	55.902008
23000	0.1	56	0.155353	56.054230
23000	0.1	55	0.140051	56.017273
23000	0.1	56	0.121622	55.914246
23000	0.1	58	0.143484	55.889038
23000	0.1	54	0.149858	55.977417
23000	0.1	57	0.120999	56.026062
23000	0.1	57	0.121083	55.813751
23000	0.1	55	0.122112	55.842560
23000	0.1	57	0.121109	55.784210
23000	0.1	55	0.122160	56.027710
23000	0.1	55	0.121534	55.930817
23000	0.1	58	0.122348	56.181763

24000	0.1	56	0.169242	60.737213
24000	0.1	56	0.189544	60.797821
24000	0.1	52	0.197249	60.649719
24000	0.1	58	0.169681	60.661011
24000	0.1	55	0.174817	60.516388
24000	0.1	58	0.129711	60.690002
24000	0.1	55	0.169060	60.627991
24000	0.1	56	0.129605	60.652191
24000	0.1	58	0.169010	60.648193
24000	0.1	56	0.187463	60.945312
24000	0.1	55	0.128889	60.720581
24000	0.1	56	0.196925	60.814667
24000	0.1	58	0.157855	60.704803
24000	0.1	55	0.130365	60.768738
24000	0.1	58	0.129520	60.859100
24000	0.1	56	0.130243	60.761536
24000	0.1	59	0.129377	60.523132
24000	0.1	53	0.130057	60.690216
24000	0.1	56	0.166347	60.577393
24000	0.1	59	0.161273	60.613617
24000	0.1	58	0.130143	60.713867
24000	0.1	56	0.130705	60.871826
24000	0.1	55	0.196574	60.695984
24000	0.1	57	0.196637	60.635651
24000	0.1	55	0.197661	60.642761
24000	0.1	56	0.198161	60.858398
24000	0.1	54	0.130187	60.712677
24000	0.1	55	0.129584	60.516174
24000	0.1	55	0.130794	60.608215
24000	0.1	57	0.129836	60.663177

25000	0.1	55	0.177901	65.504486
25000	0.1	55	0.178468	65.845001
25000	0.1	56	0.177802	65.936035
25000	0.1	62	0.138541	65.671448
25000	0.1	55	0.138328	65.679108
25000	0.1	53	0.206411	65.777313
25000	0.1	55	0.190659	65.663025
25000	0.1	55	0.138187	65.723694
25000	0.1	55	0.139447	65.772949
25000	0.1	57	0.137979	65.396362
25000	0.1	56	0.171295	65.768890
25000	0.1	54	0.138869	65.815063
25000	0.1	51	0.177998	65.627838
25000	0.1	58	0.137444	65.505463
25000	0.1	57	0.137968	65.938782
25000	0.1	58	0.137975	65.684479
25000	0.1	57	0.177832	65.832825
25000	0.1	56	0.138067	65.818359
25000	0.1	58	0.139951	65.697021
25000	0.1	58	0.139065	65.687225
25000	0.1	58	0.179819	65.601410
25000	0.1	55	0.205000	65.572327
25000	0.1	54	0.204702	65.783173
25000	0.1	52	0.137870	65.595642
25000	0.1	55	0.198875	65.809265
25000	0.1	56	0.182619	65.884308
25000	0.1	51	0.206581	65.759186
25000	0.1	59	0.139373	65.660980
25000	0.1	56	0.137940	65.815216
25000	0.1	59	0.138215	65.675079

26000	0.1	54	0.187031	70.787201
26000	0.1	56	0.186913	71.033936
26000	0.1	55	0.181399	70.900696
26000	0.1	54	0.146698	70.839752
26000	0.1	57	0.147676	70.891022
26000	0.1	56	0.187287	71.043823
26000	0.1	57	0.148502	70.772278
26000	0.1	58	0.148179	70.942627
26000	0.1	58	0.169010	71.015717
26000	0.1	55	0.217695	71.070282
26000	0.1	54	0.148601	70.975250
26000	0.1	55	0.146249	71.014221
26000	0.1	53	0.147584	70.816895
26000	0.1	60	0.174717	70.852356
26000	0.1	56	0.179378	70.835541
26000	0.1	57	0.186986	70.853119
26000	0.1	54	0.214309	71.063263
26000	0.1	53	0.148719	70.941498
26000	0.1	58	0.146282	70.798401
26000	0.1	54	0.217840	70.598114
26000	0.1	54	0.213694	70.856232
26000	0.1	53	0.146755	71.052216
26000	0.1	53	0.148157	71.054474
26000	0.1	56	0.214297	71.017242
26000	0.1	53	0.220189	71.078766
26000	0.1	58	0.147483	70.902863
26000	0.1	58	0.147087	70.977448
26000	0.1	54	0.148554	70.967194
26000	0.1	59	0.147034	71.143463
26000	0.1	56	0.214194	71.047363

27000	0.1	55	0.222309	76.179138
27000	0.1	55	0.221259	76.468872
27000	0.1	53	0.156058	76.419403
27000	0.1	56	0.156555	76.304993
27000	0.1	55	0.194584	76.286774
27000	0.1	60	0.156910	76.434052
27000	0.1	57	0.201424	76.199188
27000	0.1	56	0.155812	76.229980
27000	0.1	55	0.156102	76.192993
27000	0.1	56	0.194932	76.347870
27000	0.1	55	0.156349	76.363831
27000	0.1	60	0.156567	76.373413
27000	0.1	57	0.155873	76.525146
27000	0.1	55	0.155868	76.266266
27000	0.1	57	0.155629	76.191833
27000	0.1	53	0.155685	76.209778
27000	0.1	58	0.156517	76.387543
27000	0.1	56	0.155744	76.272247
27000	0.1	55	0.158573	76.221771
27000	0.1	58	0.155400	76.275330
27000	0.1	59	0.158074	76.435944
27000	0.1	55	0.175927	76.363831
27000	0.1	56	0.156102	76.329529
27000	0.1	54	0.227065	76.102570
27000	0.1	61	0.156531	76.320496
27000	0.1	55	0.223598	76.206604
27000	0.1	55	0.155624	76.487640
27000	0.1	53	0.156138	76.303467
27000	0.1	56	0.156391	76.115601
27000	0.1	56	0.155752	76.281952

28000	0.1	55	0.212468	82.094940
28000	0.1	55	0.165561	81.867004
28000	0.1	57	0.235464	81.830536
28000	0.1	59	0.204171	81.763123
28000	0.1	54	0.165317	81.789948
28000	0.1	56	0.165036	81.825104
28000	0.1	59	0.170287	81.895782
28000	0.1	52	0.165413	81.643250
28000	0.1	56	0.165677	81.843933
28000	0.1	56	0.164983	81.701843
28000	0.1	56	0.205391	82.119476
28000	0.1	55	0.170877	81.980927
28000	0.1	56	0.165593	81.949707
28000	0.1	54	0.166781	81.889740
28000	0.1	56	0.165325	81.922913
28000	0.1	55	0.165098	81.968658
28000	0.1	57	0.166804	81.957672
28000	0.1	58	0.165170	81.722198
28000	0.1	57	0.203979	81.989624
28000	0.1	54	0.199243	81.932617
28000	0.1	55	0.165377	81.818359
28000	0.1	54	0.211675	81.836426
28000	0.1	56	0.164776	81.775940
28000	0.1	57	0.165465	81.734558
28000	0.1	55	0.165499	81.855957
28000	0.1	57	0.167734	81.901917
28000	0.1	60	0.165613	82.029999
28000	0.1	53	0.233708	81.951111
28000	0.1	57	0.165844	82.006683
28000	0.1	56	0.165303	81.701080

29000	0.1	57	0.214924	87.814941
29000	0.1	55	0.174541	87.714203
29000	0.1	54	0.215809	87.657227
29000	0.1	54	0.174570	87.812714
29000	0.1	56	0.175670	87.684570
29000	0.1	58	0.208333	87.729126
29000	0.1	59	0.214989	87.586578
29000	0.1	51	0.174927	87.517883
29000	0.1	57	0.176809	87.678528
29000	0.1	56	0.174766	87.568756
29000	0.1	56	0.179479	87.399658
29000	0.1	56	0.174872	87.675415
29000	0.1	55	0.243675	87.810883
29000	0.1	55	0.176008	87.611053
29000	0.1	54	0.174285	87.676880
29000	0.1	52	0.214864	87.535156
29000	0.1	51	0.208125	87.621887
29000	0.1	53	0.210835	87.626312
29000	0.1	58	0.214498	87.670471
29000	0.1	58	0.218717	87.715057
29000	0.1	52	0.241768	87.693298
29000	0.1	54	0.176325	87.660431
29000	0.1	57	0.174117	87.530426
29000	0.1	57	0.175696	87.616272
29000	0.1	55	0.212588	87.776581
29000	0.1	60	0.216717	87.654083
29000	0.1	54	0.175106	87.545166
29000	0.1	53	0.175234	87.662781
29000	0.1	58	0.219464	87.258942
29000	0.1	57	0.175926	87.436401

30000	0.1	56	0.259358	93.657074
30000	0.1	53	0.248463	93.645782
30000	0.1	55	0.184574	93.603424
30000	0.1	55	0.187433	93.473816
30000	0.1	55	0.184769	93.658173
30000	0.1	53	0.184519	93.494049
30000	0.1	57	0.184872	93.681274
30000	0.1	57	0.186041	93.765625
30000	0.1	55	0.253185	93.872284
30000	0.1	55	0.184426	93.843445
30000	0.1	56	0.252790	93.558868
30000	0.1	58	0.253105	93.664307
30000	0.1	55	0.224251	93.724121
30000	0.1	53	0.251129	93.578400
30000	0.1	54	0.184659	93.475220
30000	0.1	55	0.184490	93.701569
30000	0.1	56	0.250766	93.683746
30000	0.1	58	0.185615	93.944305
30000	0.1	56	0.184726	93.687866
30000	0.1	56	0.184597	93.591980
30000	0.1	59	0.184976	93.469452
30000	0.1	58	0.185661	93.664764
30000	0.1	59	0.184067	93.625153
30000	0.1	53	0.183803	93.714844
30000	0.1	56	0.184613	93.759125
30000	0.1	56	0.230368	93.537079
30000	0.1	60	0.185875	93.601593
30000	0.1	55	0.184597	93.934601
30000	0.1	59	0.185670	93.697632
30000	0.1	55	0.185187	93.640259

