1000	0.15	26	0.002309	0.502411
1000	0.15	24	0.002197	0.539032
1000	0.15	26	0.002320	0.511414
1000	0.15	26	0.002337	0.521698
1000	0.15	26	0.002212	0.530670
1000	0.15	25	0.002167	0.509277
1000	0.15	24	0.002195	0.520111
1000	0.15	24	0.002198	0.506134
1000	0.15	25	0.002162	0.515472
1000	0.15	25	0.002287	0.491699
1000	0.15	23	0.002160	0.512787
1000	0.15	24	0.002151	0.515900
1000	0.15	24	0.002242	0.524231
1000	0.15	26	0.002194	0.504913
1000	0.15	22	0.002292	0.505981
1000	0.15	24	0.002312	0.518250
1000	0.15	25	0.002304	0.499512
1000	0.15	27	0.002187	0.505035
1000	0.15	24	0.002151	0.513702
1000	0.15	25	0.002357	0.523071
1000	0.15	24	0.002197	0.517914
1000	0.15	23	0.002159	0.507233
1000	0.15	24	0.002163	0.502991
1000	0.15	23	0.002223	0.504761
1000	0.15	24	0.002168	0.510956
1000	0.15	23	0.002153	0.488068
1000	0.15	23	0.002206	0.510834
1000	0.15	24	0.002302	0.513245
1000	0.15	25	0.002270	0.508636
1000	0.15	24	0.002866	0.520508

2000	0.15	26	0.005052	1.366272
2000	0.15	24	0.004769	1.368988
2000	0.15	27	0.004760	1.360840
2000	0.15	27	0.004774	1.377533
2000	0.15	23	0.004813	1.385162
2000	0.15	28	0.004764	1.379852
2000	0.15	25	0.004712	1.359802
2000	0.15	26	0.004959	1.356171
2000	0.15	28	0.004698	1.367249
2000	0.15	24	0.004748	1.363037
2000	0.15	24	0.004930	1.355194
2000	0.15	25	0.004793	1.380890
2000	0.15	23	0.004959	1.358337
2000	0.15	26	0.004809	1.377808
2000	0.15	26	0.004781	1.357544
2000	0.15	25	0.004747	1.369690
2000	0.15	24	0.004728	1.367676
2000	0.15	24	0.004819	1.345337
2000	0.15	27	0.004908	1.367493
2000	0.15	24	0.004674	1.387177
2000	0.15	26	0.004820	1.364044
2000	0.15	27	0.005023	1.367432
2000	0.15	24	0.005225	1.364441
2000	0.15	25	0.004752	1.368805
2000	0.15	25	0.004784	1.388092
2000	0.15	27	0.004701	1.354218
2000	0.15	25	0.004712	1.343872
2000	0.15	28	0.004753	1.371521
2000	0.15	27	0.007960	1.377441
2000	0.15	23	0.005032	1.395905

3000	0.15	27	0.015367	2.612305
3000	0.15	26	0.007829	2.628784
3000	0.15	29	0.007547	2.631622
3000	0.15	26	0.007649	2.598450
3000	0.15	29	0.007724	2.646301
3000	0.15	26	0.007742	2.644836
3000	0.15	27	0.007910	2.625854
3000	0.15	25	0.007765	2.614227
3000	0.15	25	0.007701	2.629364
3000	0.15	25	0.007705	2.623047
3000	0.15	27	0.007716	2.619629
3000	0.15	25	0.007613	2.610962
3000	0.15	24	0.007660	2.600922
3000	0.15	27	0.008058	2.626953
3000	0.15	25	0.013771	2.628418
3000	0.15	28	0.007836	2.627899
3000	0.15	25	0.007661	2.618286
3000	0.15	26	0.007743	2.640320
3000	0.15	27	0.007797	2.652954
3000	0.15	27	0.016941	2.638519
3000	0.15	27	0.013732	2.636444
3000	0.15	25	0.007645	2.600586
3000	0.15	26	0.007896	2.606750
3000	0.15	25	0.007787	2.606750
3000	0.15	27	0.007693	2.627014
3000	0.15	23	0.007730	2.608185
3000	0.15	23	0.012624	2.607117
3000	0.15	25	0.026615	2.632507
3000	0.15	26	0.013747	2.606049
3000	0.15	25	0.007855	2.606567

4000	0.15	25	0.011044	4.264893
4000	0.15	26	0.011165	4.343719
4000	0.15	27	0.011217	4.334198
4000	0.15	25	0.011051	4.283997
4000	0.15	25	0.010711	4.290222
4000	0.15	26	0.011259	4.270569
4000	0.15	26	0.011076	4.302643
4000	0.15	25	0.018983	4.305267
4000	0.15	28	0.011131	4.307251
4000	0.15	26	0.011046	4.292511
4000	0.15	26	0.011351	4.278809
4000	0.15	25	0.011256	4.278992
4000	0.15	26	0.011032	4.287445
4000	0.15	27	0.011111	4.278503
4000	0.15	26	0.011079	4.282623
4000	0.15	24	0.020509	4.318481
4000	0.15	26	0.011420	4.304657
4000	0.15	27	0.011073	4.289490
4000	0.15	25	0.011107	4.303284
4000	0.15	27	0.011034	4.293304
4000	0.15	26	0.010967	4.280548
4000	0.15	26	0.010998	4.311371
4000	0.15	23	0.010791	4.357391
4000	0.15	25	0.010766	4.277435
4000	0.15	24	0.011068	4.288940
4000	0.15	28	0.011008	4.273804
4000	0.15	27	0.011405	4.318604
4000	0.15	25	0.011077	4.303864
4000	0.15	26	0.011038	4.290619
4000	0.15	26	0.010992	4.250000

5000	0.15	27	0.014563	6.423950
5000	0.15	26	0.014551	6.452301
5000	0.15	27	0.014832	6.447479
5000	0.15	27	0.015998	6.406097
5000	0.15	27	0.014951	6.388519
5000	0.15	26	0.014908	6.377045
5000	0.15	28	0.021894	6.392792
5000	0.15	26	0.014512	6.356506
5000	0.15	27	0.015283	6.448517
5000	0.15	24	0.015117	6.364868
5000	0.15	26	0.014585	6.432800
5000	0.15	26	0.014588	6.408478
5000	0.15	26	0.014656	6.374329
5000	0.15	26	0.015033	6.410339
5000	0.15	27	0.014539	6.351318
5000	0.15	28	0.014859	6.382874
5000	0.15	27	0.015231	6.433746
5000	0.15	22	0.014878	6.411377
5000	0.15	26	0.015007	6.449463
5000	0.15	27	0.014699	6.336853
5000	0.15	26	0.014757	6.430847
5000	0.15	25	0.014974	6.420563
5000	0.15	25	0.015115	6.396179
5000	0.15	25	0.014920	6.422363
5000	0.15	26	0.014577	6.430817
5000	0.15	26	0.025245	6.404602
5000	0.15	28	0.014723	6.410065
5000	0.15	28	0.044416	6.454529
5000	0.15	26	0.023972	6.419800
5000	0.15	29	0.014891	6.458496

6000	0.15	27	0.019197	8.983124
6000	0.15	28	0.019482	8.915344
6000	0.15	26	0.019379	9.038666
6000	0.15	25	0.019321	8.942322
6000	0.15	26	0.032722	8.967987
6000	0.15	26	0.019451	9.067780
6000	0.15	28	0.019325	9.068542
6000	0.15	25	0.019544	8.951782
6000	0.15	26	0.018799	8.963104
6000	0.15	25	0.019177	8.974457
6000	0.15	25	0.019226	8.948151
6000	0.15	27	0.019256	9.007141
6000	0.15	25	0.023596	8.906555
6000	0.15	25	0.018728	8.920227
6000	0.15	27	0.027078	8.968964
6000	0.15	26	0.019196	8.982269
6000	0.15	26	0.019559	8.940002
6000	0.15	27	0.019425	8.999817
6000	0.15	24	0.019174	8.934814
6000	0.15	25	0.019369	8.973022
6000	0.15	25	0.024560	8.978485
6000	0.15	25	0.019146	8.996613
6000	0.15	27	0.019018	8.896179
6000	0.15	26	0.019156	8.956055
6000	0.15	26	0.019266	8.962036
6000	0.15	26	0.019306	9.006836
6000	0.15	27	0.019142	8.883667
6000	0.15	27	0.019298	8.988251
6000	0.15	25	0.019267	8.961487
6000	0.15	27	0.018974	8.909027

7000	0.15	26	0.024075	12.033508
7000	0.15	28	0.023888	11.934052
7000	0.15	25	0.023729	11.932587
7000	0.15	26	0.023552	11.896423
7000	0.15	26	0.024733	11.896606
7000	0.15	26	0.023698	12.034424
7000	0.15	26	0.024200	11.950470
7000	0.15	23	0.023907	11.905365
7000	0.15	27	0.024320	11.973816
7000	0.15	23	0.023927	11.911041
7000	0.15	25	0.024257	11.943665
7000	0.15	25	0.024374	12.015778
7000	0.15	25	0.023679	11.918182
7000	0.15	25	0.024006	11.920563
7000	0.15	25	0.024061	11.852631
7000	0.15	26	0.024015	11.961365
7000	0.15	27	0.023678	11.953522
7000	0.15	26	0.023594	11.882507
7000	0.15	26	0.023640	11.911713
7000	0.15	27	0.023716	11.934906
7000	0.15	28	0.023953	11.948578
7000	0.15	27	0.024010	11.948273
7000	0.15	25	0.024071	11.931519
7000	0.15	24	0.023626	11.940063
7000	0.15	26	0.024094	11.916779
7000	0.15	26	0.024045	11.964203
7000	0.15	26	0.024694	11.950470
7000	0.15	25	0.024239	11.952911
7000	0.15	26	0.023559	11.833649
7000	0.15	25	0.023647	11.955658

8000	0.15	27	0.028889	15.428345
8000	0.15	27	0.028858	15.445221
8000	0.15	23	0.030070	15.298737
8000	0.15	27	0.028833	15.287872
8000	0.15	28	0.029344	15.471100
8000	0.15	28	0.029070	15.309265
8000	0.15	26	0.052922	15.368500
8000	0.15	27	0.029306	15.385773
8000	0.15	27	0.029171	15.329590
8000	0.15	27	0.029137	15.408142
8000	0.15	29	0.029189	15.434845
8000	0.15	27	0.028781	15.325806
8000	0.15	29	0.028856	15.384033
8000	0.15	25	0.029433	15.358978
8000	0.15	26	0.028809	15.375488
8000	0.15	28	0.029251	15.388062
8000	0.15	26	0.028711	15.353363
8000	0.15	28	0.028506	15.417114
8000	0.15	26	0.040804	15.424530
8000	0.15	25	0.028761	15.305847
8000	0.15	27	0.029192	15.350708
8000	0.15	27	0.028920	15.384430
8000	0.15	27	0.029241	15.399414
8000	0.15	31	0.030852	15.489746
8000	0.15	27	0.028745	15.307709
8000	0.15	26	0.029436	15.409607
8000	0.15	29	0.029192	15.367889
8000	0.15	24	0.029168	15.331512
8000	0.15	25	0.029061	15.418701
8000	0.15	27	0.028979	15.414459

9000	0.15	29	0.062640	19.237152
9000	0.15	29	0.034593	19.137634
9000	0.15	26	0.034494	19.324158
9000	0.15	26	0.034715	19.341583
9000	0.15	28	0.034977	19.358704
9000	0.15	25	0.034854	19.208496
9000	0.15	26	0.035001	19.317505
9000	0.15	29	0.034194	19.368286
9000	0.15	28	0.035117	19.240143
9000	0.15	28	0.034604	19.267822
9000	0.15	26	0.034942	19.207336
9000	0.15	28	0.036344	19.290375
9000	0.15	28	0.036197	19.246704
9000	0.15	27	0.035235	19.216705
9000	0.15	26	0.034908	19.315552
9000	0.15	27	0.034906	19.209473
9000	0.15	27	0.034928	19.259308
9000	0.15	26	0.053556	19.336700
9000	0.15	28	0.036259	19.260651
9000	0.15	26	0.034585	19.340698
9000	0.15	26	0.035053	19.225708
9000	0.15	28	0.035145	19.239380
9000	0.15	29	0.034692	19.246735
9000	0.15	25	0.034415	19.314117
9000	0.15	26	0.034845	19.196991
9000	0.15	26	0.035887	19.333191
9000	0.15	27	0.034756	19.225098
9000	0.15	25	0.036765	19.209259
9000	0.15	27	0.034620	19.284271
9000	0.15	25	0.034749	19.231812

10000	0.15	26	0.057970	23.543182
10000	0.15	24	0.042703	23.682648
10000	0.15	25	0.041277	23.575745
10000	0.15	27	0.040925	23.594757
10000	0.15	24	0.058187	23.654083
10000	0.15	28	0.040017	23.595459
10000	0.15	26	0.042608	23.580872
10000	0.15	27	0.042244	23.561981
10000	0.15	28	0.040601	23.632355
10000	0.15	27	0.040386	23.488678
10000	0.15	27	0.040552	23.633148
10000	0.15	25	0.042061	23.516174
10000	0.15	28	0.041269	23.622559
10000	0.15	26	0.041485	23.635712
10000	0.15	25	0.041016	23.474274
10000	0.15	26	0.041120	23.746185
10000	0.15	28	0.041427	23.529694
10000	0.15	25	0.042474	23.572113
10000	0.15	28	0.041518	23.581451
10000	0.15	25	0.044884	23.592804
10000	0.15	26	0.042233	23.680298
10000	0.15	26	0.041351	23.602295
10000	0.15	25	0.041611	23.589630
10000	0.15	27	0.041831	23.615723
10000	0.15	26	0.041048	23.574127
10000	0.15	28	0.041354	23.799957
10000	0.15	28	0.040625	23.565399
10000	0.15	27	0.041994	23.649384
10000	0.15	28	0.040551	23.452606
10000	0.15	27	0.040998	23.603333

11000	0.15	26	0.049897	28.444183
11000	0.15	25	0.047456	28.302002
11000	0.15	26	0.047432	28.451630
11000	0.15	24	0.047430	28.355865
11000	0.15	29	0.048400	28.351501
11000	0.15	27	0.047356	28.386230
11000	0.15	29	0.047002	28.329407
11000	0.15	27	0.047239	28.220978
11000	0.15	23	0.047071	28.391174
11000	0.15	28	0.048039	28.249664
11000	0.15	26	0.047813	28.397003
11000	0.15	27	0.047098	28.282684
11000	0.15	26	0.047212	28.302521
11000	0.15	26	0.047295	28.405243
11000	0.15	29	0.047104	28.143127
11000	0.15	28	0.047474	28.427582
11000	0.15	27	0.046960	28.415070
11000	0.15	26	0.047160	28.343018
11000	0.15	26	0.081162	28.455444
11000	0.15	27	0.047190	28.272003
11000	0.15	29	0.047272	28.415039
11000	0.15	26	0.047589	28.343689
11000	0.15	25	0.047425	28.405945
11000	0.15	25	0.046621	28.313202
11000	0.15	26	0.047869	28.404419
11000	0.15	28	0.047035	28.438934
11000	0.15	28	0.047846	28.264282
11000	0.15	27	0.047545	28.457520
11000	0.15	27	0.047428	28.426666
11000	0.15	28	0.047542	28.448608

12000	0.15	26	0.053641	33.587128
12000	0.15	27	0.056005	33.731293
12000	0.15	24	0.054121	33.586365
12000	0.15	28	0.054386	33.633087
12000	0.15	28	0.054216	33.566864
12000	0.15	27	0.054765	33.631653
12000	0.15	27	0.055746	33.652802
12000	0.15	28	0.054087	33.386871
12000	0.15	28	0.053997	33.450684
12000	0.15	25	0.054317	33.559906
12000	0.15	28	0.054327	33.498016
12000	0.15	27	0.066760	33.648926
12000	0.15	27	0.054023	33.529755
12000	0.15	26	0.054346	33.539185
12000	0.15	25	0.054221	33.697601
12000	0.15	27	0.054037	33.648102
12000	0.15	26	0.054303	33.632843
12000	0.15	25	0.053974	33.650757
12000	0.15	26	0.054394	33.527252
12000	0.15	29	0.054137	33.563812
12000	0.15	29	0.053464	33.739594
12000	0.15	26	0.110067	33.687927
12000	0.15	26	0.121359	33.457733
12000	0.15	27	0.115765	33.560547
12000	0.15	25	0.122148	33.584625
12000	0.15	24	0.069536	33.608948
12000	0.15	28	0.054443	33.647736
12000	0.15	25	0.054265	33.646088
12000	0.15	27	0.054097	33.518524
12000	0.15	25	0.082794	33.497223

13000	0.15	27	0.083765	39.113983
13000	0.15	28	0.112147	39.205505
13000	0.15	28	0.061474	39.184753
13000	0.15	25	0.061364	39.288116
13000	0.15	26	0.062545	39.307770
13000	0.15	27	0.060923	39.043945
13000	0.15	26	0.062064	39.117249
13000	0.15	29	0.061166	39.186890
13000	0.15	27	0.084788	39.301727
13000	0.15	27	0.078833	39.260681
13000	0.15	26	0.062845	39.404266
13000	0.15	30	0.062002	39.168091
13000	0.15	29	0.079148	39.064117
13000	0.15	26	0.061012	39.262726
13000	0.15	25	0.083905	39.351837
13000	0.15	27	0.062379	39.219391
13000	0.15	27	0.062057	39.149231
13000	0.15	25	0.130083	39.289124
13000	0.15	27	0.061353	39.202545
13000	0.15	27	0.061488	38.970581
13000	0.15	27	0.063139	39.444214
13000	0.15	28	0.062284	39.074524
13000	0.15	27	0.062466	39.313812
13000	0.15	28	0.061927	39.356598
13000	0.15	26	0.062596	39.150421
13000	0.15	26	0.061816	39.319611
13000	0.15	27	0.063449	39.185669
13000	0.15	26	0.078788	39.131866
13000	0.15	25	0.061857	39.227264
13000	0.15	27	0.083491	39.123718

14000	0.15	27	0.069227	45.344604
14000	0.15	25	0.069007	45.412689
14000	0.15	26	0.091155	45.399200
14000	0.15	27	0.095734	45.255005
14000	0.15	26	0.137817	45.260895
14000	0.15	25	0.134937	45.178864
14000	0.15	23	0.081069	45.254303
14000	0.15	27	0.071195	45.383270
14000	0.15	25	0.068569	45.415955
14000	0.15	27	0.085200	45.301636
14000	0.15	28	0.068749	45.261108
14000	0.15	27	0.103612	45.142517
14000	0.15	28	0.068809	45.353668
14000	0.15	25	0.069135	45.261871
14000	0.15	26	0.070698	45.248108
14000	0.15	28	0.069149	45.262146
14000	0.15	27	0.080879	45.432404
14000	0.15	26	0.096877	45.198822
14000	0.15	28	0.070618	45.366089
14000	0.15	26	0.069954	45.195496
14000	0.15	27	0.097531	45.354828
14000	0.15	29	0.068366	45.287842
14000	0.15	27	0.070699	45.339172
14000	0.15	27	0.069412	45.476990
14000	0.15	29	0.069294	45.340729
14000	0.15	29	0.091535	45.468567
14000	0.15	27	0.068574	45.297241
14000	0.15	27	0.070084	45.303497
14000	0.15	27	0.069179	45.468842
14000	0.15	25	0.086103	45.469055

15000	0.15	28	0.145917	51.908203
15000	0.15	29	0.110824	51.816223
15000	0.15	26	0.076956	51.944122
15000	0.15	27	0.144927	51.914246
15000	0.15	26	0.136976	51.820984
15000	0.15	29	0.077196	51.751923
15000	0.15	29	0.078024	51.930725
15000	0.15	27	0.094322	51.915009
15000	0.15	25	0.145803	51.913055
15000	0.15	27	0.143945	51.849213
15000	0.15	25	0.097453	51.646515
15000	0.15	27	0.110559	51.938263
15000	0.15	29	0.077294	51.592529
15000	0.15	27	0.110532	51.732819
15000	0.15	26	0.143912	51.928101
15000	0.15	27	0.081611	51.738861
15000	0.15	27	0.116266	52.144867
15000	0.15	27	0.077110	51.685394
15000	0.15	27	0.078220	51.877502
15000	0.15	25	0.099535	51.968170
15000	0.15	26	0.145701	51.780762
15000	0.15	26	0.143479	51.955963
15000	0.15	28	0.145569	51.751984
15000	0.15	28	0.077227	52.063660
15000	0.15	28	0.147163	51.727905
15000	0.15	25	0.141655	51.744232
15000	0.15	28	0.144633	51.623993
15000	0.15	27	0.141115	51.993713
15000	0.15	29	0.146208	51.833984
15000	0.15	27	0.135240	52.093079

16000	0.15	25	0.125328	58.826569
16000	0.15	28	0.115331	58.831970
16000	0.15	26	0.117504	59.003387
16000	0.15	27	0.087137	58.840118
16000	0.15	28	0.153435	58.750092
16000	0.15	26	0.153058	58.778839
16000	0.15	27	0.085529	59.072754
16000	0.15	29	0.138779	58.705292
16000	0.15	27	0.151217	58.747009
16000	0.15	28	0.154307	58.772400
16000	0.15	28	0.087130	59.031281
16000	0.15	28	0.153676	58.735748
16000	0.15	27	0.153038	58.870483
16000	0.15	27	0.085996	58.797852
16000	0.15	27	0.085601	58.946899
16000	0.15	25	0.119584	59.201569
16000	0.15	26	0.154306	58.883698
16000	0.15	28	0.154725	59.025940
16000	0.15	26	0.085432	58.903992
16000	0.15	27	0.085918	58.930908
16000	0.15	26	0.114032	58.811005
16000	0.15	28	0.150818	58.701965
16000	0.15	29	0.142459	58.930237
16000	0.15	26	0.153089	58.835236
16000	0.15	26	0.086383	58.774261
16000	0.15	28	0.084822	58.662354
16000	0.15	28	0.118591	59.041199
16000	0.15	27	0.114120	59.152039
16000	0.15	26	0.118488	59.025238
16000	0.15	27	0.086881	58.868927

17000	0.15	27	0.094083	66.254242
17000	0.15	30	0.122226	66.203613
17000	0.15	28	0.117804	66.295410
17000	0.15	26	0.095879	66.298492
17000	0.15	27	0.094577	66.290161
17000	0.15	29	0.094330	66.443268
17000	0.15	26	0.130579	66.452881
17000	0.15	29	0.163176	66.132629
17000	0.15	27	0.123525	66.257111
17000	0.15	26	0.094634	66.033783
17000	0.15	27	0.161386	66.344421
17000	0.15	26	0.094430	66.050751
17000	0.15	27	0.094115	66.296387
17000	0.15	26	0.094448	66.253967
17000	0.15	27	0.094290	66.292450
17000	0.15	28	0.094391	66.036682
17000	0.15	25	0.141342	66.301422
17000	0.15	29	0.162182	66.300690
17000	0.15	28	0.094012	66.285156
17000	0.15	26	0.109642	66.213684
17000	0.15	28	0.121927	66.256653
17000	0.15	26	0.162965	66.421600
17000	0.15	27	0.095314	66.262543
17000	0.15	27	0.094823	66.493103
17000	0.15	26	0.093888	66.289215
17000	0.15	30	0.093556	66.191376
17000	0.15	27	0.128542	66.262299
17000	0.15	26	0.123846	66.323914
17000	0.15	26	0.133282	66.328308
17000	0.15	27	0.115947	66.429474

18000	0.15	27	0.131322	74.101349
18000	0.15	28	0.103274	74.401672
18000	0.15	26	0.172361	74.173492
18000	0.15	27	0.137356	74.051056
18000	0.15	24	0.104010	74.270721
18000	0.15	28	0.135335	74.121918
18000	0.15	27	0.137505	73.937988
18000	0.15	26	0.105230	74.182281
18000	0.15	27	0.135990	74.152863
18000	0.15	27	0.103304	74.317719
18000	0.15	23	0.104021	74.167908
18000	0.15	30	0.171008	74.067352
18000	0.15	25	0.103578	74.183685
18000	0.15	28	0.103832	74.039978
18000	0.15	24	0.171134	74.111115
18000	0.15	27	0.130807	73.948395
18000	0.15	26	0.137015	74.058502
18000	0.15	26	0.165703	74.371490
18000	0.15	26	0.103263	74.292847
18000	0.15	29	0.137168	74.098328
18000	0.15	28	0.104370	74.005280
18000	0.15	27	0.121131	74.062531
18000	0.15	26	0.137173	74.274323
18000	0.15	26	0.104417	74.119354
18000	0.15	28	0.135845	74.046753
18000	0.15	25	0.136309	74.255798
18000	0.15	26	0.131858	74.164337
18000	0.15	28	0.137309	74.098022
18000	0.15	28	0.103588	74.043152
18000	0.15	29	0.137706	74.262726

19000	0.15	27	0.153278	82.406921
19000	0.15	26	0.112827	82.503418
19000	0.15	26	0.180397	82.314026
19000	0.15	28	0.178942	82.267334
19000	0.15	28	0.147282	82.618195
19000	0.15	27	0.185497	82.412872
19000	0.15	25	0.125441	82.331482
19000	0.15	28	0.114470	82.577362
19000	0.15	25	0.146591	82.574524
19000	0.15	28	0.112929	82.577332
19000	0.15	25	0.146997	81.990143
19000	0.15	25	0.181048	82.414825
19000	0.15	26	0.180794	82.361511
19000	0.15	28	0.173586	82.490448
19000	0.15	26	0.180767	82.453430
19000	0.15	29	0.177481	82.371246
19000	0.15	27	0.113636	82.564270
19000	0.15	26	0.112980	82.261627
19000	0.15	29	0.171119	82.488983
19000	0.15	26	0.114075	82.328125
19000	0.15	25	0.181993	82.760712
19000	0.15	29	0.114901	82.716675
19000	0.15	27	0.113684	82.775665
19000	0.15	28	0.180843	82.503876
19000	0.15	27	0.181645	82.556366
19000	0.15	28	0.113660	82.417267
19000	0.15	25	0.113549	82.265350
19000	0.15	26	0.113212	82.323242
19000	0.15	27	0.114529	82.672974
19000	0.15	29	0.113353	82.993927

20000	0.15	27	0.191770	91.649109
20000	0.15	26	0.125613	91.174225
20000	0.15	29	0.191322	91.023224
20000	0.15	29	0.169122	91.369293
20000	0.15	24	0.163128	91.211517
20000	0.15	26	0.123383	91.203674
20000	0.15	28	0.191151	91.495361
20000	0.15	27	0.122645	91.272003
20000	0.15	29	0.124736	91.465088
20000	0.15	26	0.180870	91.276520
20000	0.15	27	0.190505	91.321655
20000	0.15	28	0.125930	91.395416
20000	0.15	27	0.165014	91.253143
20000	0.15	27	0.190401	91.159088
20000	0.15	26	0.136151	91.316132
20000	0.15	29	0.190550	91.349609
20000	0.15	24	0.123067	91.259186
20000	0.15	28	0.123570	91.148560
20000	0.15	26	0.123912	91.305695
20000	0.15	28	0.124559	91.056488
20000	0.15	27	0.163587	91.595734
20000	0.15	27	0.123229	91.197906
20000	0.15	27	0.190715	91.369171
20000	0.15	26	0.184389	91.436188
20000	0.15	27	0.151477	91.261719
20000	0.15	27	0.124945	91.180573
20000	0.15	25	0.123120	91.040161
20000	0.15	27	0.157672	91.546417
20000	0.15	28	0.182141	91.200409
20000	0.15	28	0.157352	91.546326

21000	0.15	26	0.134274	100.620239
21000	0.15	28	0.134023	100.544891
21000	0.15	26	0.168137	100.762207
21000	0.15	27	0.174397	100.327850
21000	0.15	27	0.134092	100.679443
21000	0.15	27	0.201854	100.465637
21000	0.15	28	0.161787	100.084351
21000	0.15	28	0.134104	100.552490
21000	0.15	24	0.133743	100.647980
21000	0.15	26	0.133983	100.515625
21000	0.15	27	0.134117	100.206787
21000	0.15	27	0.167265	100.736511
21000	0.15	29	0.202297	100.360870
21000	0.15	28	0.203092	100.487305
21000	0.15	27	0.202996	100.338074
21000	0.15	26	0.201745	100.726288
21000	0.15	27	0.173427	100.592346
21000	0.15	27	0.134467	100.426636
21000	0.15	28	0.133501	100.715851
21000	0.15	27	0.174177	100.529266
21000	0.15	25	0.134281	100.526123
21000	0.15	29	0.134305	100.497864
21000	0.15	26	0.133369	100.322845
21000	0.15	28	0.201268	100.354736
21000	0.15	27	0.173734	100.447540
21000	0.15	27	0.198527	100.700226
21000	0.15	27	0.191750	100.395599
21000	0.15	28	0.173952	100.462402
21000	0.15	29	0.134659	100.349976
21000	0.15	27	0.134277	100.844727

22000	0.15	27	0.184146	109.819000
22000	0.15	30	0.144801	109.928162
22000	0.15	27	0.152395	110.214294
22000	0.15	25	0.144370	110.187805
22000	0.15	26	0.144835	110.339172
22000	0.15	28	0.213601	110.261688
22000	0.15	27	0.144625	109.872559
22000	0.15	26	0.157655	109.971741
22000	0.15	27	0.145275	109.904755
22000	0.15	25	0.147379	109.927979
22000	0.15	27	0.145260	110.268402
22000	0.15	28	0.185108	110.460968
22000	0.15	28	0.146490	110.037781
22000	0.15	27	0.208912	110.308105
22000	0.15	27	0.145284	110.338989
22000	0.15	31	0.189817	110.236084
22000	0.15	27	0.145008	109.979065
22000	0.15	28	0.184684	110.399963
22000	0.15	25	0.145293	110.039154
22000	0.15	26	0.145456	110.223175
22000	0.15	27	0.184882	110.504700
22000	0.15	29	0.146011	110.119812
22000	0.15	27	0.171865	109.664978
22000	0.15	25	0.146866	110.344635
22000	0.15	28	0.185091	110.226501
22000	0.15	26	0.145534	110.051941
22000	0.15	30	0.184888	110.232208
22000	0.15	29	0.144754	110.327148
22000	0.15	27	0.145240	110.151733
22000	0.15	28	0.185129	110.497253

23000	0.15	27	0.156076	120.368622
23000	0.15	25	0.223135	120.116425
23000	0.15	24	0.156057	120.224213
23000	0.15	26	0.223085	120.248260
23000	0.15	27	0.155768	120.434937
23000	0.15	28	0.156210	120.505920
23000	0.15	27	0.199366	120.087555
23000	0.15	28	0.223252	120.273071
23000	0.15	25	0.155987	119.934204
23000	0.15	28	0.220790	120.130035
23000	0.15	26	0.189658	120.128937
23000	0.15	27	0.156762	120.548218
23000	0.15	28	0.158588	120.360474
23000	0.15	27	0.195202	120.468506
23000	0.15	25	0.202593	120.182007
23000	0.15	26	0.155989	120.443329
23000	0.15	26	0.197430	120.172485
23000	0.15	24	0.201125	119.912476
23000	0.15	26	0.156929	120.303925
23000	0.15	27	0.204337	120.336243
23000	0.15	27	0.155843	120.375641
23000	0.15	28	0.156235	120.279175
23000	0.15	28	0.155807	119.914673
23000	0.15	27	0.156286	120.535217
23000	0.15	26	0.155920	120.116089
23000	0.15	27	0.201816	120.060425
23000	0.15	29	0.189844	119.958038
23000	0.15	24	0.196803	120.287872
23000	0.15	29	0.195680	120.290558
23000	0.15	26	0.157569	120.775543

24000	0.15	28	0.207682	130.870972
24000	0.15	28	0.168389	130.713867
24000	0.15	26	0.236101	130.589813
24000	0.15	27	0.208139	130.981598
24000	0.15	28	0.167960	130.369781
24000	0.15	26	0.169084	130.891998
24000	0.15	27	0.235224	130.536591
24000	0.15	27	0.169473	130.688324
24000	0.15	26	0.167705	130.584656
24000	0.15	28	0.196432	131.150085
24000	0.15	27	0.175982	130.881989
24000	0.15	26	0.235669	131.238373
24000	0.15	27	0.201643	130.736389
24000	0.15	26	0.168287	130.895111
24000	0.15	28	0.169144	131.145874
24000	0.15	28	0.197477	130.862427
24000	0.15	28	0.172987	130.430267
24000	0.15	26	0.167906	130.701630
24000	0.15	28	0.168049	130.356415
24000	0.15	27	0.208285	130.816376
24000	0.15	29	0.196282	130.896179
24000	0.15	25	0.169796	131.019745
24000	0.15	26	0.236751	130.850403
24000	0.15	29	0.168234	130.596069
24000	0.15	26	0.233993	130.731628
24000	0.15	27	0.168390	130.999817
24000	0.15	28	0.168838	131.033081
24000	0.15	26	0.235517	130.564575
24000	0.15	25	0.168299	130.556976
24000	0.15	26	0.235965	130.775726

25000	0.15	25	0.183245	141.520844
25000	0.15	27	0.182484	142.020935
25000	0.15	27	0.183292	142.293335
25000	0.15	27	0.181179	141.854858
25000	0.15	28	0.248345	141.699615
25000	0.15	29	0.203543	141.991974
25000	0.15	28	0.247509	141.873077
25000	0.15	27	0.248122	141.668457
25000	0.15	28	0.182283	141.995605
25000	0.15	28	0.179884	141.367279
25000	0.15	28	0.192925	142.069611
25000	0.15	25	0.181254	141.925446
25000	0.15	24	0.246215	141.653107
25000	0.15	25	0.219585	141.453979
25000	0.15	27	0.216582	142.435516
25000	0.15	30	0.180343	141.939484
25000	0.15	27	0.228165	142.208832
25000	0.15	29	0.180545	142.129272
25000	0.15	26	0.249472	142.019897
25000	0.15	25	0.220257	141.748047
25000	0.15	26	0.180848	141.820709
25000	0.15	26	0.180415	141.864319
25000	0.15	29	0.181264	141.921478
25000	0.15	27	0.180658	141.871033
25000	0.15	26	0.221359	141.824615
25000	0.15	27	0.181654	142.132538
25000	0.15	28	0.181870	141.974152
25000	0.15	25	0.181886	141.823914
25000	0.15	27	0.180352	141.794250
25000	0.15	26	0.180348	141.773224

26000	0.15	26	0.225404	153.088562
26000	0.15	28	0.195080	153.673920
26000	0.15	27	0.193907	153.129700
26000	0.15	27	0.195660	153.399689
26000	0.15	24	0.192812	153.320953
26000	0.15	25	0.192898	153.642487
26000	0.15	25	0.192980	153.072144
26000	0.15	29	0.234276	153.439545
26000	0.15	28	0.193001	153.324738
26000	0.15	27	0.261715	153.583954
26000	0.15	24	0.194771	153.363617
26000	0.15	26	0.196286	153.521759
26000	0.15	27	0.239481	152.968018
26000	0.15	27	0.192773	153.505768
26000	0.15	26	0.193678	153.450317
26000	0.15	28	0.194743	153.251648
26000	0.15	28	0.193871	153.370361
26000	0.15	26	0.194399	153.185059
26000	0.15	29	0.260924	153.053955
26000	0.15	25	0.205545	152.815247
26000	0.15	27	0.215269	153.202484
26000	0.15	26	0.261552	153.556213
26000	0.15	29	0.227281	153.759644
26000	0.15	27	0.262151	153.440979
26000	0.15	28	0.259674	153.206116
26000	0.15	26	0.254118	153.576019
26000	0.15	27	0.192941	153.189484
26000	0.15	24	0.193860	153.679657
26000	0.15	28	0.260839	153.948792
26000	0.15	27	0.194012	153.240143

27000	0.15	26	0.206812	165.000671
27000	0.15	28	0.211397	165.278473
27000	0.15	28	0.206924	165.165497
27000	0.15	27	0.206599	165.518127
27000	0.15	26	0.205684	165.166016
27000	0.15	27	0.206588	165.409088
27000	0.15	29	0.206295	165.345337
27000	0.15	27	0.208088	164.941101
27000	0.15	22	0.277023	165.037811
27000	0.15	29	0.253056	165.256317
27000	0.15	26	0.205856	165.381653
27000	0.15	27	0.209237	165.633179
27000	0.15	27	0.206175	165.466644
27000	0.15	27	0.206601	165.512421
27000	0.15	29	0.206406	165.009949
27000	0.15	29	0.230862	165.174377
27000	0.15	25	0.208825	165.263397
27000	0.15	29	0.206515	165.202362
27000	0.15	27	0.273444	165.184937
27000	0.15	28	0.206290	165.166779
27000	0.15	28	0.206577	165.052704
27000	0.15	28	0.206544	165.379822
27000	0.15	26	0.246753	165.228699
27000	0.15	32	0.252853	164.815735
27000	0.15	27	0.206521	165.276154
27000	0.15	25	0.207323	165.293549
27000	0.15	26	0.264354	165.509583
27000	0.15	27	0.253581	165.642181
27000	0.15	27	0.205895	164.815125
27000	0.15	27	0.239230	164.890533

28000	0.15	28	0.286867	177.820496
28000	0.15	28	0.219968	177.626678
28000	0.15	27	0.219202	177.254730
28000	0.15	25	0.220283	177.151886
28000	0.15	25	0.218979	177.189575
28000	0.15	25	0.288392	177.455872
28000	0.15	27	0.288613	177.686768
28000	0.15	26	0.220687	177.475861
28000	0.15	25	0.219212	177.296265
28000	0.15	25	0.220574	177.163696
28000	0.15	28	0.222093	177.755402
28000	0.15	27	0.219451	177.781128
28000	0.15	27	0.219525	177.537842
28000	0.15	26	0.219865	177.836823
28000	0.15	29	0.266477	177.870361
28000	0.15	25	0.220716	177.729279
28000	0.15	27	0.273631	177.609497
28000	0.15	27	0.219769	177.326904
28000	0.15	25	0.219906	177.804504
28000	0.15	25	0.287188	177.829437
28000	0.15	23	0.220866	177.591095
28000	0.15	28	0.219230	177.298401
28000	0.15	27	0.286663	177.206818
28000	0.15	29	0.287052	177.109741
28000	0.15	27	0.265442	177.462097
28000	0.15	30	0.219577	177.519745
28000	0.15	28	0.286957	177.744537
28000	0.15	28	0.221037	177.661530
28000	0.15	28	0.221702	178.030487
28000	0.15	28	0.265006	177.045319

29000	0.15	26	0.267562	190.625916
29000	0.15	26	0.234102	190.205414
29000	0.15	29	0.232959	189.935974
29000	0.15	27	0.234469	190.456177
29000	0.15	26	0.234601	190.223877
29000	0.15	30	0.234215	190.665161
29000	0.15	26	0.268073	190.478027
29000	0.15	28	0.235603	190.315552
29000	0.15	27	0.300808	190.413086
29000	0.15	27	0.234684	190.278687
29000	0.15	27	0.233369	189.680420
29000	0.15	31	0.302364	190.333496
29000	0.15	27	0.234849	190.668884
29000	0.15	26	0.278863	190.164307
29000	0.15	29	0.234007	190.429962
29000	0.15	27	0.296947	190.327301
29000	0.15	28	0.236061	190.169861
29000	0.15	30	0.239172	190.371674
29000	0.15	29	0.233387	190.575592
29000	0.15	27	0.239898	190.355011
29000	0.15	26	0.291940	190.540894
29000	0.15	27	0.301370	190.492432
29000	0.15	26	0.237402	190.380402
29000	0.15	26	0.301933	190.423370
29000	0.15	27	0.233173	190.390564
29000	0.15	27	0.237275	190.363281
29000	0.15	28	0.233921	190.381927
29000	0.15	27	0.278779	190.230896
29000	0.15	29	0.232808	189.662659
29000	0.15	26	0.233583	190.117706

30000	0.15	27	0.293870	203.414734
30000	0.15	27	0.320244	203.547333
30000	0.15	27	0.250033	203.264740
30000	0.15	26	0.247922	203.414276
30000	0.15	27	0.294899	203.224762
30000	0.15	27	0.247580	203.141907
30000	0.15	25	0.315767	203.340851
30000	0.15	27	0.314842	203.732758
30000	0.15	30	0.248197	203.827087
30000	0.15	25	0.315712	203.969910
30000	0.15	29	0.288393	203.735229
30000	0.15	28	0.315390	203.436279
30000	0.15	27	0.247794	203.436127
30000	0.15	28	0.248135	203.744049
30000	0.15	29	0.248325	203.213257
30000	0.15	26	0.281890	203.906738
30000	0.15	26	0.247788	203.373138
30000	0.15	27	0.248920	203.769592
30000	0.15	26	0.314177	203.623566
30000	0.15	27	0.296413	203.434448
30000	0.15	26	0.316980	203.486450
30000	0.15	27	0.247850	203.540070
30000	0.15	27	0.248552	203.298096
30000	0.15	28	0.249821	203.793701
30000	0.15	28	0.247988	203.647858
30000	0.15	27	0.285422	203.444061
30000	0.15	25	0.295718	203.722839
30000	0.15	28	0.316225	204.021606
30000	0.15	27	0.248285	203.749969
30000	0.15	27	0.248363	203.686249

