1000	0.15	24	0.004696	0.685150
1000	0.15	23	0.002683	0.658234
1000	0.15	23	0.002673	0.640533
1000	0.15	21	0.002476	0.743256
1000	0.15	22	0.002495	0.842682
1000	0.15	16	0.002499	0.891357
1000	0.15	26	0.002433	0.657990
1000	0.15	21	0.002437	0.750610
1000	0.15	25	0.002436	0.704346
1000	0.15	23	0.002439	0.807251
1000	0.15	21	0.002512	0.765839
1000	0.15	22	0.002434	0.712036
1000	0.15	24	0.002502	0.770233
1000	0.15	22	0.002554	0.887360
1000	0.15	18	0.002723	0.849121
1000	0.15	21	0.002428	0.807373
1000	0.15	24	0.002674	0.631104
1000	0.15	23	0.002669	0.650421
1000	0.15	20	0.002471	0.677216
1000	0.15	22	0.002437	0.666687
1000	0.15	23	0.002407	0.738495
1000	0.15	25	0.002486	0.719360
1000	0.15	22	0.002548	0.734222
1000	0.15	21	0.002531	0.916656
1000	0.15	19	0.002506	0.782837
1000	0.15	23	0.002493	0.687225
1000	0.15	21	0.002506	0.854553
1000	0.15	21	0.002484	0.759369
1000	0.15	24	0.002481	0.731506
1000	0.15	23	0.002697	0.777191

2000	0.15	24	0.006270	2.877960
2000	0.15	24	0.005556	2.328003
2000	0.15	24	0.005935	2.328217
2000	0.15	27	0.005622	2.612335
2000	0.15	27	0.005920	2.135468
2000	0.15	28	0.005603	2.169647
2000	0.15	21	0.005760	3.171234
2000	0.15	26	0.005674	2.463593
2000	0.15	21	0.005636	2.893707
2000	0.15	27	0.005773	2.200378
2000	0.15	23	0.005559	2.411041
2000	0.15	29	0.005573	2.079376
2000	0.15	25	0.005805	2.762909
2000	0.15	27	0.005715	2.188324
2000	0.15	25	0.005640	2.936096
2000	0.15	24	0.005518	2.287506
2000	0.15	25	0.005536	2.123627
2000	0.15	25	0.005680	2.264160
2000	0.15	22	0.005819	3.070892
2000	0.15	27	0.005566	2.071655
2000	0.15	28	0.006667	2.061462
2000	0.15	23	0.006239	2.232086
2000	0.15	24	0.005672	2.483948
2000	0.15	21	0.005811	2.563721
2000	0.15	27	0.005689	2.435730
2000	0.15	26	0.008722	2.374542
2000	0.15	25	0.005790	2.048981
2000	0.15	26	0.005486	2.023346
2000	0.15	21	0.005661	2.777069
2000	0.15	27	0.005770	2.246246

3000	0.15	24	0.010047	5.144745
3000	0.15	29	0.009483	4.254517
3000	0.15	28	0.009044	4.390564
3000	0.15	21	0.009653	6.172974
3000	0.15	24	0.009529	5.003906
3000	0.15	27	0.009224	4.238708
3000	0.15	22	0.009067	4.699799
3000	0.15	25	0.009522	5.441193
3000	0.15	26	0.008997	4.798553
3000	0.15	26	0.009674	5.715240
3000	0.15	23	0.010188	5.434723
3000	0.15	19	0.010688	8.610626
3000	0.15	25	0.009327	4.804962
3000	0.15	25	0.010090	6.304047
3000	0.15	20	0.009200	5.542175
3000	0.15	25	0.014858	4.996735
3000	0.15	24	0.009966	5.533600
3000	0.15	24	0.009407	6.705078
3000	0.15	26	0.009250	4.585358
3000	0.15	27	0.025159	4.029999
3000	0.15	26	0.009850	4.552582
3000	0.15	27	0.014691	4.288605
3000	0.15	28	0.018254	5.938629
3000	0.15	29	0.009127	4.237335
3000	0.15	27	0.009369	4.811890
3000	0.15	25	0.009427	5.436340
3000	0.15	26	0.015442	4.097015
3000	0.15	28	0.010429	4.593506
3000	0.15	28	0.025937	6.115906
3000	0.15	23	0.014660	5.025513

4000	0.15	24	0.015950	9.427765
4000	0.15	26	0.014454	9.533539
4000	0.15	23	0.016178	11.225800
4000	0.15	28	0.013187	6.585693
4000	0.15	28	0.013104	8.138245
4000	0.15	29	0.012747	6.670288
4000	0.15	31	0.012885	7.460175
4000	0.15	22	0.014501	11.182556
4000	0.15	29	0.017412	8.685822
4000	0.15	28	0.014052	8.626770
4000	0.15	21	0.023094	12.295624
4000	0.15	25	0.014215	9.245605
4000	0.15	24	0.014253	8.830872
4000	0.15	26	0.013611	8.360138
4000	0.15	24	0.014623	9.205322
4000	0.15	27	0.014264	8.893219
4000	0.15	26	0.015639	11.408173
4000	0.15	32	0.013209	7.009247
4000	0.15	21	0.014087	10.444031
4000	0.15	28	0.014244	8.197540
4000	0.15	25	0.014576	10.454254
4000	0.15	23	0.014493	11.572296
4000	0.15	26	0.014133	8.479645
4000	0.15	27	0.013582	8.746826
4000	0.15	25	0.013952	9.477783
4000	0.15	26	0.013953	9.880554
4000	0.15	26	0.025079	8.342377
4000	0.15	29	0.017848	7.965424
4000	0.15	27	0.013324	7.990814
4000	0.15	26	0.013698	7.593628

5000	0.15	28	0.020178	11.462463
5000	0.15	27	0.018267	11.862488
5000	0.15	27	0.018507	12.339050
5000	0.15	30	0.019242	13.470978
5000	0.15	26	0.020132	16.498749
5000	0.15	27	0.032374	16.568542
5000	0.15	24	0.018447	13.037292
5000	0.15	26	0.019031	12.230591
5000	0.15	32	0.018791	11.400970
5000	0.15	31	0.031042	10.604767
5000	0.15	28	0.018374	11.803467
5000	0.15	31	0.018112	10.786163
5000	0.15	31	0.018222	11.687103
5000	0.15	25	0.020434	15.541290
5000	0.15	30	0.019094	10.976685
5000	0.15	24	0.019390	15.162842
5000	0.15	26	0.018214	11.731537
5000	0.15	31	0.018207	11.879517
5000	0.15	29	0.019477	11.842072
5000	0.15	22	0.019440	15.599152
5000	0.15	30	0.017719	10.822357
5000	0.15	23	0.020720	17.784210
5000	0.15	26	0.019333	13.593964
5000	0.15	28	0.018487	11.054993
5000	0.15	28	0.019210	13.249603
5000	0.15	30	0.027773	11.981476
5000	0.15	27	0.017602	11.840393
5000	0.15	31	0.018376	12.828369
5000	0.15	27	0.037808	11.413910
5000	0.15	20	0.020484	18.027740

6000	0.15	25	0.025909	16.979797
6000	0.15	31	0.024585	16.825897
6000	0.15	22	0.028962	24.856537
6000	0.15	23	0.026959	24.178986
6000	0.15	23	0.027608	22.487000
6000	0.15	27	0.024128	16.373840
6000	0.15	25	0.027609	24.516968
6000	0.15	29	0.032118	15.920319
6000	0.15	25	0.025001	20.419617
6000	0.15	27	0.025293	19.810669
6000	0.15	26	0.025979	23.742920
6000	0.15	32	0.024593	18.155914
6000	0.15	29	0.026007	18.110382
6000	0.15	28	0.026198	20.612030
6000	0.15	30	0.024090	17.582581
6000	0.15	26	0.026478	22.793732
6000	0.15	23	0.026954	22.186584
6000	0.15	29	0.024017	15.183594
6000	0.15	30	0.035474	15.579987
6000	0.15	29	0.025444	19.044983
6000	0.15	25	0.025822	21.399414
6000	0.15	25	0.027835	22.650421
6000	0.15	31	0.025132	16.300842
6000	0.15	25	0.044956	20.793701
6000	0.15	27	0.024191	16.619690
6000	0.15	31	0.024245	16.558746
6000	0.15	28	0.024849	17.329315
6000	0.15	26	0.037602	22.082855
6000	0.15	24	0.027266	25.874817
6000	0.15	32	0.023888	17.049866

7000	0.15	27	0.030718	23.985077
7000	0.15	31	0.029718	21.980194
7000	0.15	20	0.038582	40.399475
7000	0.15	24	0.032856	28.331909
7000	0.15	26	0.032432	24.568176
7000	0.15	32	0.037145	19.787384
7000	0.15	25	0.030606	22.152557
7000	0.15	28	0.031326	24.535065
7000	0.15	27	0.032211	26.412506
7000	0.15	18	0.036825	38.460693
7000	0.15	27	0.031290	23.264587
7000	0.15	25	0.035229	29.205780
7000	0.15	27	0.031523	26.528839
7000	0.15	26	0.030224	24.268250
7000	0.15	29	0.030974	22.695190
7000	0.15	30	0.029910	22.594177
7000	0.15	28	0.030154	22.326630
7000	0.15	33	0.029060	18.758453
7000	0.15	31	0.029291	20.720703
7000	0.15	30	0.032696	23.464325
7000	0.15	24	0.032940	29.472107
7000	0.15	28	0.043438	21.415527
7000	0.15	23	0.034962	35.945862
7000	0.15	25	0.032939	27.490784
7000	0.15	30	0.031011	22.186035
7000	0.15	29	0.030070	19.276520
7000	0.15	26	0.030998	24.355621
7000	0.15	19	0.038560	39.618835
7000	0.15	24	0.035114	29.820099
7000	0.15	26	0.031355	25.100861

8000	0.15	27	0.041485	37.826416
8000	0.15	23	0.038654	33.302399
8000	0.15	32	0.037834	31.049194
8000	0.15	28	0.040522	33.201508
8000	0.15	30	0.037073	27.956360
8000	0.15	30	0.038170	34.879028
8000	0.15	24	0.041883	38.372437
8000	0.15	28	0.042035	29.988708
8000	0.15	29	0.039305	34.876099
8000	0.15	26	0.049291	50.139465
8000	0.15	30	0.039745	30.632294
8000	0.15	29	0.037316	29.548859
8000	0.15	29	0.039247	34.396362
8000	0.15	23	0.049052	57.920776
8000	0.15	31	0.038381	29.781219
8000	0.15	30	0.037753	27.042145
8000	0.15	29	0.037558	28.045135
8000	0.15	27	0.037837	32.181793
8000	0.15	24	0.041543	38.572296
8000	0.15	29	0.037993	31.786652
8000	0.15	20	0.048886	46.284363
8000	0.15	29	0.035586	29.413300
8000	0.15	29	0.038339	27.832977
8000	0.15	32	0.039139	29.101959
8000	0.15	28	0.038190	31.589294
8000	0.15	23	0.041743	39.898956
8000	0.15	28	0.038799	31.996490
8000	0.15	28	0.039340	30.780975
8000	0.15	24	0.050929	33.219696
8000	0.15	25	0.043825	42.858673

9000	0.15	31	0.045943	38.142487
9000	0.15	29	0.052232	40.073273
9000	0.15	24	0.047021	51.435181
9000	0.15	26	0.045768	40.427887
9000	0.15	22	0.057631	72.276703
9000	0.15	28	0.043850	34.052460
9000	0.15	31	0.043039	34.155762
9000	0.15	36	0.046778	38.997589
9000	0.15	28	0.045801	35.413300
9000	0.15	22	0.048547	48.681000
9000	0.15	31	0.044012	36.984741
9000	0.15	27	0.051339	48.297089
9000	0.15	25	0.063732	49.703461
9000	0.15	30	0.050770	46.452026
9000	0.15	31	0.048039	40.891052
9000	0.15	29	0.050180	44.311981
9000	0.15	22	0.052539	53.122711
9000	0.15	31	0.042574	31.632233
9000	0.15	29	0.045825	38.184448
9000	0.15	20	0.057555	66.972229
9000	0.15	32	0.044801	37.052734
9000	0.15	26	0.052216	50.474884
9000	0.15	28	0.049867	45.086182
9000	0.15	23	0.050566	50.815033
9000	0.15	25	0.047474	41.335297
9000	0.15	29	0.051544	56.415131
9000	0.15	27	0.049667	45.739563
9000	0.15	29	0.043329	36.252075
9000	0.15	24	0.053857	47.534515
9000	0.15	25	0.047995	42.563568

10000	0.15	30	0.056328	50.586212
10000	0.15	32	0.053087	42.149841
10000	0.15	27	0.054704	46.470581
10000	0.15	26	0.052100	43.661743
10000	0.15	25	0.061374	57.360413
10000	0.15	26	0.059838	62.935913
10000	0.15	26	0.054405	50.452820
10000	0.15	23	0.058459	51.313965
10000	0.15	28	0.054565	50.366760
10000	0.15	26	0.055678	57.291656
10000	0.15	24	0.057919	53.552612
10000	0.15	34	0.055640	43.023254
10000	0.15	27	0.059774	54.823181
10000	0.15	26	0.054466	44.168182
10000	0.15	31	0.056586	51.298920
10000	0.15	24	0.060551	67.320038
10000	0.15	26	0.060947	64.284790
10000	0.15	24	0.058697	61.043457
10000	0.15	29	0.058593	54.843597
10000	0.15	30	0.053487	43.029694
10000	0.15	29	0.080742	50.984039
10000	0.15	27	0.053856	48.853912
10000	0.15	27	0.054078	50.523743
10000	0.15	30	0.060946	52.138275
10000	0.15	25	0.066639	84.283142
10000	0.15	22	0.059913	61.563049
10000	0.15	23	0.059770	55.219940
10000	0.15	31	0.053561	41.004730
10000	0.15	27	0.055265	48.309601
10000	0.15	20	0.063792	81.972565

11000	0.15	32	0.058371	43.783478
11000	0.15	30	0.066068	65.670319
11000	0.15	25	0.088488	103.891815
11000	0.15	29	0.069292	63.120636
11000	0.15	30	0.064386	55.826904
11000	0.15	22	0.074000	82.065399
11000	0.15	28	0.063678	55.431824
11000	0.15	29	0.071815	76.105347
11000	0.15	29	0.057891	47.431885
11000	0.15	27	0.066352	57.369080
11000	0.15	27	0.064516	61.513763
11000	0.15	29	0.064926	58.065582
11000	0.15	31	0.059767	50.524445
11000	0.15	30	0.061968	54.530487
11000	0.15	28	0.064763	63.074127
11000	0.15	26	0.083048	58.574341
11000	0.15	25	0.065963	73.957001
11000	0.15	27	0.069175	69.390015
11000	0.15	25	0.064089	60.586853
11000	0.15	32	0.063717	50.999542
11000	0.15	23	0.077038	82.184113
11000	0.15	30	0.066296	58.765442
11000	0.15	28	0.064934	68.413544
11000	0.15	29	0.065602	62.972290
11000	0.15	27	0.065319	58.965332
11000	0.15	35	0.058754	46.354034
11000	0.15	28	0.060533	54.120087
11000	0.15	31	0.057757	47.020508
11000	0.15	33	0.067799	64.138397
11000	0.15	24	0.073176	70.213074

12000	0.15	26	0.085339	62.042908
12000	0.15	32	0.073795	75.348663
12000	0.15	28	0.070335	59.964325
12000	0.15	34	0.067070	55.926208
12000	0.15	31	0.070366	58.275330
12000	0.15	30	0.070286	67.372192
12000	0.15	30	0.086490	59.043793
12000	0.15	22	0.077188	87.127289
12000	0.15	26	0.087925	101.446594
12000	0.15	25	0.082987	87.048737
12000	0.15	33	0.073175	71.039062
12000	0.15	23	0.078777	87.145813
12000	0.15	27	0.082129	92.942902
12000	0.15	30	0.074515	65.595062
12000	0.15	28	0.072994	69.476288
12000	0.15	29	0.077105	71.615601
12000	0.15	32	0.071944	64.410522
12000	0.15	27	0.075415	76.465240
12000	0.15	23	0.086190	88.849274
12000	0.15	25	0.079870	80.523590
12000	0.15	30	0.071455	70.318298
12000	0.15	27	0.074933	62.694397
12000	0.15	31	0.091613	82.146973
12000	0.15	16	0.184656	147.719452
12000	0.15	32	0.139420	68.332336
12000	0.15	28	0.120301	97.676727
12000	0.15	26	0.087241	95.905182
12000	0.15	28	0.083928	92.461792
12000	0.15	29	0.076726	71.296631
12000	0.15	29	0.081875	79.133362

13000	0.15	30	0.092533	80.596375
13000	0.15	26	0.151268	81.696136
13000	0.15	33	0.080432	67.388153
13000	0.15	32	0.081925	76.775482
13000	0.15	28	0.084241	81.993195
13000	0.15	24	0.101646	133.296844
13000	0.15	33	0.084452	84.754700
13000	0.15	28	0.084240	81.462189
13000	0.15	25	0.095317	112.009369
13000	0.15	29	0.090009	90.643799
13000	0.15	30	0.088811	91.225891
13000	0.15	25	0.106560	100.279266
13000	0.15	25	0.091097	95.076447
13000	0.15	26	0.083789	92.765472
13000	0.15	29	0.085680	82.425842
13000	0.15	25	0.086399	89.772736
13000	0.15	28	0.089889	99.763855
13000	0.15	27	0.113432	85.230560
13000	0.15	33	0.147002	85.488281
13000	0.15	32	0.084972	79.753448
13000	0.15	30	0.083524	88.230743
13000	0.15	26	0.085432	88.090637
13000	0.15	29	0.089870	105.605713
13000	0.15	27	0.092580	87.163971
13000	0.15	36	0.083543	77.109528
13000	0.15	26	0.104214	121.140564
13000	0.15	27	0.087025	80.644409
13000	0.15	28	0.081639	83.830353
13000	0.15	29	0.082811	82.366425
13000	0.15	29	0.082354	83.320129

14000	0.15	30	0.088381	80.604279
14000	0.15	32	0.091679	84.720581
14000	0.15	23	0.123386	118.871216
14000	0.15	22	0.119387	142.006500
14000	0.15	26	0.164575	104.121704
14000	0.15	26	0.175928	135.947784
14000	0.15	29	0.093896	91.963501
14000	0.15	30	0.091330	84.962036
14000	0.15	29	0.087611	85.327728
14000	0.15	24	0.113946	136.918030
14000	0.15	29	0.089128	88.480408
14000	0.15	29	0.103519	119.356598
14000	0.15	32	0.089703	88.812775
14000	0.15	22	0.123959	164.512909
14000	0.15	28	0.095994	96.056641
14000	0.15	22	0.120542	133.050415
14000	0.15	30	0.095939	107.487030
14000	0.15	25	0.097732	109.802460
14000	0.15	33	0.085251	78.544525
14000	0.15	33	0.087813	75.103271
14000	0.15	25	0.119837	108.071228
14000	0.15	36	0.087570	76.421204
14000	0.15	28	0.102018	102.710266
14000	0.15	29	0.088683	71.619904
14000	0.15	29	0.086788	77.626984
14000	0.15	29	0.095602	90.472137
14000	0.15	30	0.089068	88.241791
14000	0.15	31	0.091864	98.521759
14000	0.15	27	0.097522	91.530670
14000	0.15	25	0.096850	106.879242

15000	0.15	28	0.146671	122.001770
15000	0.15	20	0.122224	169.942566
15000	0.15	29	0.107487	100.738922
15000	0.15	26	0.104668	123.085602
15000	0.15	32	0.151299	105.176666
15000	0.15	32	0.144793	109.389618
15000	0.15	27	0.116002	136.344635
15000	0.15	31	0.102435	106.438446
15000	0.15	30	0.105560	99.157349
15000	0.15	29	0.167097	102.647797
15000	0.15	28	0.118545	135.300293
15000	0.15	32	0.105314	112.126007
15000	0.15	31	0.169331	97.470551
15000	0.15	30	0.115278	106.610443
15000	0.15	26	0.182494	140.145752
15000	0.15	30	0.181056	119.225281
15000	0.15	33	0.185377	115.114136
15000	0.15	29	0.104143	106.724884
15000	0.15	31	0.106583	116.455841
15000	0.15	27	0.110164	125.771301
15000	0.15	28	0.167990	156.898834
15000	0.15	31	0.176994	111.979187
15000	0.15	31	0.190728	123.699829
15000	0.15	25	0.114946	128.933289
15000	0.15	31	0.099989	99.005249
15000	0.15	27	0.171967	108.238922
15000	0.15	33	0.175262	120.996399
15000	0.15	19	0.197003	175.787415
15000	0.15	34	0.167482	94.646759
15000	0.15	34	0.171269	114.682770

16000	0.15	30	0.121584	99.464600
16000	0.15	24	0.206561	168.460785
16000	0.15	27	0.123222	146.154358
16000	0.15	30	0.122714	143.698975
16000	0.15	31	0.162323	125.508240
16000	0.15	26	0.131288	149.893433
16000	0.15	32	0.110291	112.070404
16000	0.15	26	0.143652	122.117767
16000	0.15	29	0.186365	111.300964
16000	0.15	32	0.180619	115.542633
16000	0.15	25	0.123601	145.887756
16000	0.15	29	0.124728	115.182953
16000	0.15	33	0.175814	98.661041
16000	0.15	27	0.186289	144.504578
16000	0.15	32	0.106184	92.367645
16000	0.15	31	0.130947	115.226990
16000	0.15	24	0.222539	184.087952
16000	0.15	26	0.190256	140.531189
16000	0.15	32	0.181000	116.575989
16000	0.15	29	0.124348	130.256927
16000	0.15	27	0.123266	141.352112
16000	0.15	33	0.180567	108.754669
16000	0.15	32	0.186734	126.586639
16000	0.15	24	0.185999	150.850159
16000	0.15	20	0.225612	225.627716
16000	0.15	31	0.119244	124.043427
16000	0.15	29	0.115135	134.543274
16000	0.15	30	0.111700	121.670776
16000	0.15	30	0.133669	122.851715
16000	0.15	29	0.123776	138.912689

17000	0.15	31	0.130423	151.264526
17000	0.15	30	0.125672	124.506042
17000	0.15	26	0.142970	165.286774
17000	0.15	30	0.216177	189.065704
17000	0.15	29	0.134145	137.712311
17000	0.15	26	0.150749	179.048615
17000	0.15	30	0.140490	176.242340
17000	0.15	27	0.193653	134.904480
17000	0.15	28	0.127763	126.490265
17000	0.15	33	0.124913	125.785156
17000	0.15	29	0.165069	157.014191
17000	0.15	34	0.185830	112.047546
17000	0.15	27	0.149780	117.428711
17000	0.15	26	0.128487	135.338165
17000	0.15	25	0.153254	170.249115
17000	0.15	32	0.116904	111.488831
17000	0.15	29	0.154883	147.832703
17000	0.15	31	0.204419	143.024231
17000	0.15	30	0.197418	133.027039
17000	0.15	29	0.130381	123.081909
17000	0.15	31	0.125030	137.957031
17000	0.15	29	0.195091	124.596680
17000	0.15	23	0.210922	181.738922
17000	0.15	25	0.148198	179.029114
17000	0.15	30	0.140939	136.737427
17000	0.15	30	0.130286	133.632202
17000	0.15	28	0.141893	159.083893
17000	0.15	30	0.128971	148.119843
17000	0.15	24	0.145759	189.435822
17000	0.15	31	0.120545	118.801880

18000	0.15	29	0.142218	149.138702
18000	0.15	26	0.223530	204.927277
18000	0.15	28	0.143164	156.933594
18000	0.15	25	0.160308	196.432770
18000	0.15	31	0.205685	151.112183
18000	0.15	29	0.148213	168.406189
18000	0.15	30	0.143531	150.616669
18000	0.15	27	0.240080	218.330078
18000	0.15	25	0.186371	197.424011
18000	0.15	30	0.137765	147.154449
18000	0.15	28	0.165497	203.207794
18000	0.15	32	0.179590	170.110962
18000	0.15	28	0.161520	192.554840
18000	0.15	25	0.175195	187.884613
18000	0.15	35	0.156681	133.029999
18000	0.15	22	0.187372	206.341675
18000	0.15	32	0.136152	127.217957
18000	0.15	30	0.197422	126.280426
18000	0.15	26	0.247309	205.881226
18000	0.15	32	0.139162	151.212433
18000	0.15	22	0.248019	192.914093
18000	0.15	35	0.129508	115.857910
18000	0.15	27	0.177305	196.244843
18000	0.15	30	0.146575	164.710632
18000	0.15	28	0.156148	137.947723
18000	0.15	29	0.161333	203.997223
18000	0.15	31	0.133874	135.718353
18000	0.15	30	0.143873	146.488312
18000	0.15	27	0.168948	188.308197
18000	0.15	29	0.154002	177.714661

19000	0.15	26	0.214078	267.051605
19000	0.15	26	0.232577	197.737122
19000	0.15	27	0.180961	156.799835
19000	0.15	22	0.247622	230.813202
19000	0.15	26	0.175747	216.821228
19000	0.15	26	0.250083	235.593903
19000	0.15	29	0.152740	178.474396
19000	0.15	32	0.193362	153.952911
19000	0.15	30	0.158722	180.688324
19000	0.15	28	0.183047	174.904114
19000	0.15	30	0.157283	182.290222
19000	0.15	30	0.221322	175.755035
19000	0.15	29	0.163993	178.171173
19000	0.15	27	0.253126	201.476746
19000	0.15	33	0.148059	142.800903
19000	0.15	28	0.223388	160.576202
19000	0.15	23	0.170937	198.531342
19000	0.15	30	0.182372	248.040222
19000	0.15	31	0.193862	183.727997
19000	0.15	34	0.211861	156.058105
19000	0.15	27	0.246847	219.078247
19000	0.15	28	0.228344	164.760254
19000	0.15	25	0.201904	238.494354
19000	0.15	28	0.205519	218.171417
19000	0.15	30	0.250089	219.133179
19000	0.15	28	0.152559	170.329437
19000	0.15	29	0.180611	164.576782
19000	0.15	26	0.199041	182.867584
19000	0.15	30	0.154293	165.745148
19000	0.15	29	0.160410	182.871277

20000	0.15	26	0.175190	212.804016
20000	0.15	28	0.189563	217.985260
20000	0.15	31	0.183317	157.281403
20000	0.15	30	0.246260	211.379913
20000	0.15	23	0.189594	232.599945
20000	0.15	30	0.166948	173.356781
20000	0.15	28	0.215194	216.674164
20000	0.15	30	0.247247	203.294769
20000	0.15	28	0.171933	197.533936
20000	0.15	30	0.192103	177.013855
20000	0.15	31	0.147484	142.390411
20000	0.15	31	0.227193	179.839386
20000	0.15	26	0.178318	206.363159
20000	0.15	27	0.251080	209.772339
20000	0.15	27	0.200802	253.921448
20000	0.15	27	0.267280	293.986969
20000	0.15	34	0.163840	178.146057
20000	0.15	26	0.178864	197.536163
20000	0.15	31	0.174401	191.611023
20000	0.15	32	0.239292	183.015625
20000	0.15	34	0.170617	176.210663
20000	0.15	28	0.240525	234.047882
20000	0.15	28	0.228218	247.039948
20000	0.15	33	0.229623	160.781128
20000	0.15	26	0.196565	253.430389
20000	0.15	25	0.254075	250.860229
20000	0.15	25	0.274354	249.765137
20000	0.15	30	0.175589	206.230988
20000	0.15	28	0.247309	248.325836
20000	0.15	26	0.191379	224.159912

21000	0.15	25	0.307124	375.046082
21000	0.15	23	0.272608	358.375244
21000	0.15	32	0.236335	222.717346
21000	0.15	29	0.188291	223.775116
21000	0.15	26	0.219857	242.089935
21000	0.15	23	0.291589	296.779938
21000	0.15	26	0.215362	285.483337
21000	0.15	26	0.208328	252.026855
21000	0.15	29	0.204116	225.541016
21000	0.15	26	0.223288	308.370758
21000	0.15	30	0.197637	207.841095
21000	0.15	29	0.190473	230.571228
21000	0.15	24	0.225601	243.549866
21000	0.15	24	0.270196	256.946259
21000	0.15	23	0.324936	302.650543
21000	0.15	26	0.254086	203.559784
21000	0.15	30	0.179099	180.926819
21000	0.15	26	0.251617	211.344818
21000	0.15	30	0.208769	188.383514
21000	0.15	29	0.211433	193.571198
21000	0.15	30	0.268952	240.407257
21000	0.15	28	0.236221	220.700867
21000	0.15	30	0.223164	239.140900
21000	0.15	27	0.257203	305.715424
21000	0.15	32	0.171266	168.989258
21000	0.15	28	0.238443	178.179199
21000	0.15	23	0.204883	271.418091
21000	0.15	19	0.265700	379.061249
21000	0.15	25	0.311355	379.119568
21000	0.15	23	0.268377	302.546234

22000	0.15	26	0.228422	230.300446
22000	0.15	33	0.191611	207.360199
22000	0.15	31	0.199563	199.581482
22000	0.15	31	0.202470	222.598633
22000	0.15	30	0.207096	251.716827
22000	0.15	26	0.251307	264.066772
22000	0.15	33	0.193464	199.738525
22000	0.15	20	0.301301	283.078705
22000	0.15	26	0.234211	284.240845
22000	0.15	29	0.193552	203.086884
22000	0.15	27	0.305189	319.521790
22000	0.15	25	0.214286	268.002075
22000	0.15	30	0.215090	269.443085
22000	0.15	28	0.289404	240.480530
22000	0.15	26	0.197195	190.346619
22000	0.15	31	0.255817	226.006012
22000	0.15	26	0.289337	267.081146
22000	0.15	31	0.201292	211.985901
22000	0.15	29	0.261055	225.404846
22000	0.15	31	0.249547	243.181366
22000	0.15	33	0.208278	247.018494
22000	0.15	31	0.324549	345.185455
22000	0.15	30	0.254991	287.043610
22000	0.15	31	0.216407	266.675293
22000	0.15	24	0.279558	265.238037
22000	0.15	29	0.199127	208.459290
22000	0.15	32	0.185925	195.426331
22000	0.15	28	0.205837	245.251251
22000	0.15	29	0.203330	238.977448
22000	0.15	29	0.204372	253.400452

23000	0.15	31	0.207526	234.091858
23000	0.15	29	0.277544	239.690582
23000	0.15	29	0.208496	240.995331
23000	0.15	25	0.326905	401.432037
23000	0.15	31	0.213004	241.568024
23000	0.15	26	0.235651	260.662903
23000	0.15	26	0.256674	318.720001
23000	0.15	29	0.245596	290.941284
23000	0.15	33	0.271710	241.612335
23000	0.15	26	0.289006	320.146790
23000	0.15	30	0.230377	233.276276
23000	0.15	32	0.229018	243.922394
23000	0.15	28	0.271545	279.506439
23000	0.15	30	0.229662	276.166016
23000	0.15	23	0.316928	422.006897
23000	0.15	27	0.328043	278.267212
23000	0.15	29	0.210764	228.811890
23000	0.15	26	0.319103	334.143951
23000	0.15	28	0.329690	359.971954
23000	0.15	29	0.217259	242.531128
23000	0.15	27	0.220892	260.593475
23000	0.15	28	0.280617	329.367310
23000	0.15	20	0.357711	439.859863
23000	0.15	34	0.204460	224.263092
23000	0.15	29	0.256636	263.959229
23000	0.15	30	0.265315	287.845276
23000	0.15	26	0.302435	279.022552
23000	0.15	31	0.217978	252.001526
23000	0.15	28	0.325218	338.306244
23000	0.15	32	0.241082	242.243317

24000	0.15	35	0.219242	235.336243
24000	0.15	25	0.294198	392.594421
24000	0.15	31	0.269432	260.897888
24000	0.15	30	0.224488	247.284088
24000	0.15	25	0.303476	359.812286
24000	0.15	25	0.278282	368.932648
24000	0.15	25	0.333320	423.291962
24000	0.15	31	0.294229	307.304535
24000	0.15	24	0.335159	326.772522
24000	0.15	30	0.227601	244.287659
24000	0.15	28	0.294406	278.864532
24000	0.15	24	0.266462	325.848938
24000	0.15	32	0.243767	280.703522
24000	0.15	27	0.252736	279.142090
24000	0.15	32	0.307492	300.231171
24000	0.15	30	0.255109	268.674225
24000	0.15	35	0.213859	228.572723
24000	0.15	25	0.282319	411.460175
24000	0.15	30	0.227628	241.668823
24000	0.15	32	0.231254	243.770935
24000	0.15	29	0.249645	286.496796
24000	0.15	32	0.244270	257.188416
24000	0.15	32	0.266953	245.142914
24000	0.15	28	0.262630	348.593201
24000	0.15	28	0.292935	364.448425
24000	0.15	29	0.251960	309.356537
24000	0.15	25	0.298026	321.461761
24000	0.15	32	0.253340	225.893829
24000	0.15	26	0.240201	273.908020
24000	0.15	27	0.326180	352.502869

25000	0.15	32	0.254765	238.206848
25000	0.15	19	0.323854	465.483948
25000	0.15	23	0.331372	351.567230
25000	0.15	33	0.281237	302.988251
25000	0.15	23	0.402247	483.955505
25000	0.15	32	0.246455	272.878235
25000	0.15	30	0.245660	272.839569
25000	0.15	29	0.343063	389.792999
25000	0.15	30	0.274051	321.294250
25000	0.15	27	0.248518	272.918243
25000	0.15	28	0.243409	264.406738
25000	0.15	21	0.375373	537.234619
25000	0.15	28	0.327241	378.307953
25000	0.15	31	0.261270	294.678589
25000	0.15	31	0.320286	328.797302
25000	0.15	25	0.324718	418.875946
25000	0.15	27	0.279041	315.196716
25000	0.15	30	0.313961	254.734314
25000	0.15	30	0.292747	311.952698
25000	0.15	28	0.274228	342.049774
25000	0.15	34	0.264160	293.805054
25000	0.15	30	0.254375	288.883331
25000	0.15	29	0.272926	318.524750
25000	0.15	33	0.300956	278.909302
25000	0.15	34	0.228589	239.398682
25000	0.15	22	0.288596	377.252319
25000	0.15	30	0.256113	324.959900
25000	0.15	32	0.248809	277.124878
25000	0.15	24	0.267483	320.774475
25000	0.15	25	0.275059	335.669342

26000	0.15	32	0.257871	288.807343
26000	0.15	28	0.338849	306.757721
26000	0.15	34	0.347375	354.718719
26000	0.15	33	0.271293	300.624542
26000	0.15	24	0.341094	498.075806
26000	0.15	30	0.276111	324.921448
26000	0.15	30	0.282802	322.451721
26000	0.15	27	0.280381	369.820251
26000	0.15	34	0.250119	278.532867
26000	0.15	26	0.315637	288.934113
26000	0.15	28	0.286760	320.150604
26000	0.15	29	0.305358	351.190460
26000	0.15	27	0.297286	382.647705
26000	0.15	34	0.267774	300.421387
26000	0.15	34	0.340509	307.689667
26000	0.15	33	0.265879	302.295868
26000	0.15	30	0.275351	334.872131
26000	0.15	29	0.288107	270.916443
26000	0.15	26	0.344122	322.766571
26000	0.15	25	0.390033	403.191559
26000	0.15	30	0.264628	319.412262
26000	0.15	28	0.286080	311.434113
26000	0.15	28	0.372304	319.729645
26000	0.15	28	0.314931	359.520233
26000	0.15	30	0.343889	304.015198
26000	0.15	33	0.264939	294.213226
26000	0.15	30	0.354599	368.228455
26000	0.15	25	0.312301	444.674622
26000	0.15	28	0.316972	358.322144
26000	0.15	21	0.362655	541.081329

27000	0.15	24	0.382861	528.866058
27000	0.15	31	0.318824	310.392487
27000	0.15	29	0.277307	311.541901
27000	0.15	23	0.398839	501.608215
27000	0.15	32	0.277276	316.156891
27000	0.15	33	0.342998	339.277008
27000	0.15	23	0.436428	484.234375
27000	0.15	29	0.340492	336.357971
27000	0.15	34	0.321927	346.353333
27000	0.15	30	0.286894	305.203979
27000	0.15	28	0.372378	409.033112
27000	0.15	30	0.344962	374.302460
27000	0.15	24	0.361991	439.207855
27000	0.15	27	0.399545	456.123444
27000	0.15	26	0.347476	446.226837
27000	0.15	33	0.271824	312.519806
27000	0.15	28	0.283347	316.560364
27000	0.15	27	0.304845	423.833954
27000	0.15	25	0.403705	558.607178
27000	0.15	31	0.289847	366.117004
27000	0.15	32	0.309266	299.284027
27000	0.15	33	0.309908	299.119049
27000	0.15	31	0.273803	303.623566
27000	0.15	25	0.376368	477.693756
27000	0.15	33	0.364821	343.405670
27000	0.15	28	0.291249	365.466949
27000	0.15	30	0.319364	283.684387
27000	0.15	28	0.299080	370.517090
27000	0.15	33	0.336398	289.570312
27000	0.15	30	0.301392	376.613586

28000	0.15	24	0.481804	588.436554
28000	0.15	28	0.377522	361.013550
28000	0.15	28	0.436393	457.400757
28000	0.15	27	0.312460	389.375305
28000	0.15	29	0.303039	353.308685
28000	0.15	34	0.314344	338.687836
28000	0.15	32	0.364956	367.631775
28000	0.15	34	0.355809	314.957794
28000	0.15	28	0.350911	488.502075
28000	0.15	34	0.335828	339.177948
28000	0.15	30	0.336252	362.018005
28000	0.15	30	0.304612	363.588806
28000	0.15	31	0.349680	339.480042
28000	0.15	32	0.303520	320.350739
28000	0.15	34	0.299890	346.981873
28000	0.15	30	0.367852	362.715637
28000	0.15	26	0.345192	459.359955
28000	0.15	31	0.350634	370.090851
28000	0.15	29	0.303066	333.674805
28000	0.15	31	0.334947	399.372498
28000	0.15	34	0.298283	333.272186
28000	0.15	32	0.372253	387.197266
28000	0.15	32	0.340353	373.405853
28000	0.15	30	0.381999	396.487518
28000	0.15	30	0.342026	459.221497
28000	0.15	32	0.361604	320.728638
28000	0.15	28	0.367174	371.990509
28000	0.15	28	0.433814	488.821747
28000	0.15	35	0.288671	308.343964
28000	0.15	31	0.334618	365.126862

29000	0.15	25	0.427941	597.161591
29000	0.15	36	0.360432	309.842010
29000	0.15	35	0.332650	405.323914
29000	0.15	26	0.343328	439.987823
29000	0.15	29	0.332700	430.622223
29000	0.15	33	0.331355	403.300720
29000	0.15	26	0.437655	642.977783
29000	0.15	33	0.344106	409.247101
29000	0.15	33	0.394583	426.726868
29000	0.15	26	0.365731	447.490204
29000	0.15	24	0.385820	521.525360
29000	0.15	27	0.421612	487.576996
29000	0.15	33	0.421130	447.345764
29000	0.15	29	0.362206	434.275574
29000	0.15	30	0.317354	381.319336
29000	0.15	33	0.328099	396.050629
29000	0.15	30	0.348012	417.288513
29000	0.15	27	0.452531	551.310699
29000	0.15	34	0.366992	408.626221
29000	0.15	30	0.332757	392.005890
29000	0.15	30	0.315584	397.258606
29000	0.15	35	0.373293	350.576263
29000	0.15	28	0.348860	396.109924
29000	0.15	28	0.401163	460.659424
29000	0.15	26	0.436479	587.171417
29000	0.15	30	0.380105	573.451294
29000	0.15	26	0.342290	462.029053
29000	0.15	30	0.349785	478.827209
29000	0.15	26	0.410518	455.484222
29000	0.15	27	0.338151	460.248291

30000	0.15	32	0.385350	436.990814
30000	0.15	29	0.362081	451.893127
30000	0.15	30	0.381207	381.643890
30000	0.15	35	0.360224	355.340088
30000	0.15	30	0.321519	400.703888
30000	0.15	29	0.374550	386.499847
30000	0.15	31	0.396798	434.612213
30000	0.15	27	0.396282	524.804718
30000	0.15	31	0.333389	375.960815
30000	0.15	33	0.343106	404.421021
30000	0.15	31	0.333425	381.858337
30000	0.15	28	0.390991	423.314575
30000	0.15	32	0.326083	355.922913
30000	0.15	25	0.450558	599.062775
30000	0.15	33	0.358367	352.524323
30000	0.15	35	0.436033	453.471313
30000	0.15	25	0.371726	497.911163
30000	0.15	31	0.376453	449.247833
30000	0.15	27	0.481747	517.928345
30000	0.15	31	0.330566	329.658020
30000	0.15	24	0.476666	533.076538
30000	0.15	30	0.355646	447.883301
30000	0.15	30	0.381946	479.437775
30000	0.15	30	0.373211	395.869995
30000	0.15	30	0.385882	499.942261
30000	0.15	27	0.411077	498.895477
30000	0.15	30	0.340954	395.836914
30000	0.15	32	0.358798	422.845215
30000	0.15	33	0.311505	342.192017
30000	0.15	33	0.382388	419.067810

