1000	0.15	24	0.006004
1000	0.15	25	0.005398
1000	0.15	29	0.005401
1000	0.15	25	0.004943
1000	0.15	22	0.00523
1000	0.15	21	0.00495
1000	0.15	27	0.003118
1000	0.15	25	0.003298
1000	0.15	22	0.003118
1000	0.15	27	0.00334
1000	0.15	22	0.003198
1000	0.15	27	0.003253
1000	0.15	25	0.003172
1000	0.15	20	0.003226
1000	0.15	17	0.003176
1000	0.15	22	0.003019
1000	0.15	26	0.003228
1000	0.15	23	0.003147
1000	0.15	23	0.003135
1000	0.15	25	0.003244
1000	0.15	24	0.00291
1000	0.15	28	0.003285
1000	0.15	23	0.00328
1000	0.15	22	0.003179
1000	0.15	21	0.003039
1000	0.15	23	0.003357
1000	0.15	23	0.003102
1000	0.15	25	0.003069
1000	0.15	24	0.003124
1000	0.15	23	0.003091

2000	0.15	25	0.006838
2000	0.15	28	0.006827
2000	0.15	30	0.007108
2000	0.15	28	0.006704
2000	0.15	32	0.00689
2000	0.15	27	0.006955
2000	0.15	19	0.006675
2000	0.15	28	0.007147
2000	0.15	23	0.021416
2000	0.15	32	0.018406
2000	0.15	25	0.01469
2000	0.15	28	0.014045
2000	0.15	24	0.012178
2000	0.15	29	0.006903
2000	0.15	24	0.006632
2000	0.15	28	0.006818
2000	0.15	29	0.012923
2000	0.15	26	0.00707
2000	0.15	26	0.006601
2000	0.15	31	0.006841
2000	0.15	29	0.006741
2000	0.15	28	0.006697
2000	0.15	25	0.006806
2000	0.15	25	0.006667
2000	0.15	27	0.006701
2000	0.15	24	0.006694
2000	0.15	25	0.007255
2000	0.15	29	0.007027
2000	0.15	25	0.006561
2000	0.15	29	0.006526

3000	0.15	29	0.010739
3000	0.15	30	0.011155
3000	0.15	32	0.010381
3000	0.15	24	0.010352
3000	0.15	27	0.010374
3000	0.15	30	0.010791
3000	0.15	25	0.010427
3000	0.15	28	0.010108
3000	0.15	29	0.009783
3000	0.15	28	0.016339
3000	0.15	24	0.01077
3000	0.15	21	0.009868
3000	0.15	29	0.010823
3000	0.15	25	0.010389
3000	0.15	24	0.010297
3000	0.15	30	0.010378
3000	0.15	24	0.010458
3000	0.15	28	0.010379
3000	0.15	28	0.018559
3000	0.15	29	0.017877
3000	0.15	28	0.010803
3000	0.15	30	0.010861
3000	0.15	26	0.010545
3000	0.15	31	0.010732
3000	0.15	31	0.010621
3000	0.15	28	0.010548
3000	0.15	30	0.011176
3000	0.15	31	0.010809
3000	0.15	26	0.019395
3000	0.15	30	0.012761

4000	0.15	27	0.014485
4000	0.15	30	0.015737
4000	0.15	22	0.030758
4000	0.15	31	0.023438
4000	0.15	29	0.020841
4000	0.15	30	0.014775
4000	0.15	36	0.014874
4000	0.15	25	0.014974
4000	0.15	31	0.014481
4000	0.15	31	0.015059
4000	0.15	20	0.014042
4000	0.15	31	0.015185
4000	0.15	28	0.014802
4000	0.15	30	0.014434
4000	0.15	28	0.014907
4000	0.15	31	0.014823
4000	0.15	25	0.014196
4000	0.15	32	0.014773
4000	0.15	26	0.01402
4000	0.15	30	0.014894
4000	0.15	27	0.014081
4000	0.15	23	0.013853
4000	0.15	33	0.014524
4000	0.15	28	0.014629
4000	0.15	28	0.014721
4000	0.15	29	0.014819
4000	0.15	25	0.014421
4000	0.15	27	0.015965
4000	0.15	32	0.014361
4000	0.15	29	0.014759

5000	0.15	31	0.018825
5000	0.15	33	0.019216
5000	0.15	34	0.021226
5000	0.15	30	0.018723
5000	0.15	25	0.018135
5000	0.15	28	0.018589
5000	0.15	26	0.018325
5000	0.15	27	0.019837
5000	0.15	32	0.019668
5000	0.15	33	0.056248
5000	0.15	31	0.038544
5000	0.15	31	0.02878
5000	0.15	36	0.019245
5000	0.15	27	0.019275
5000	0.15	34	0.01983
5000	0.15	26	0.018548
5000	0.15	31	0.019092
5000	0.15	29	0.019123
5000	0.15	33	0.019294
5000	0.15	26	0.018041
5000	0.15	35	0.018744
5000	0.15	24	0.019118
5000	0.15	28	0.018811
5000	0.15	30	0.019931
5000	0.15	28	0.029847
5000	0.15	30	0.020753
5000	0.15	32	0.019543
5000	0.15	31	0.028957
5000	0.15	30	0.020671
5000	0.15	23	0.019245

6000	0.15	30	0.025702
6000	0.15	30	0.025817
6000	0.15	26	0.025111
6000	0.15	25	0.024974
6000	0.15	24	0.025591
6000	0.15	31	0.025234
6000	0.15	26	0.02486
6000	0.15	29	0.02521
6000	0.15	27	0.024425
6000	0.15	29	0.025025
6000	0.15	29	0.023973
6000	0.15	33	0.025176
6000	0.15	28	0.024917
6000	0.15	30	0.024819
6000	0.15	31	0.025151
6000	0.15	30	0.025257
6000	0.15	26	0.025291
6000	0.15	32	0.026514
6000	0.15	35	0.025721
6000	0.15	29	0.025127
6000	0.15	26	0.025072
6000	0.15	27	0.034273
6000	0.15	33	0.026917
6000	0.15	27	0.02614
6000	0.15	32	0.026151
6000	0.15	34	0.025511
6000	0.15	31	0.025138
6000	0.15	27	0.022725
6000	0.15	23	0.023492
6000	0.15	36	0.0238

7000	0.15	31	0.030024
7000	0.15	31	0.028466
7000	0.15	22	0.029529
7000	0.15	28	0.028245
7000	0.15	32	0.029581
7000	0.15	32	0.028434
7000	0.15	29	0.02793
7000	0.15	30	0.029909
7000	0.15	27	0.028985
7000	0.15	21	0.02799
7000	0.15	27	0.028874
7000	0.15	26	0.029753
7000	0.15	29	0.028659
7000	0.15	31	0.075564
7000	0.15	31	0.051139
7000	0.15	34	0.028418
7000	0.15	34	0.029111
7000	0.15	35	0.029785
7000	0.15	37	0.029175
7000	0.15	31	0.029925
7000	0.15	25	0.028567
7000	0.15	35	0.030407
7000	0.15	21	0.027075
7000	0.15	29	0.028632
7000	0.15	32	0.030902
7000	0.15	33	0.029084
7000	0.15	31	0.028787
7000	0.15	20	0.029052
7000	0.15	25	0.02889
7000	0.15	30	0.027903

8000	0.15	31	0.033521
8000	0.15	30	0.033343
8000	0.15	32	0.033985
8000	0.15	34	0.035557
8000	0.15	36	0.034047
8000	0.15	29	0.034121
8000	0.15	27	0.034121
8000	0.15	31	0.035506
8000	0.15	29	0.033949
8000	0.15	24	0.035254
8000	0.15	33	0.034892
8000	0.15	32	0.035325
8000	0.15	36	0.033426
8000	0.15	23	0.035102
8000	0.15	38	0.034715
8000	0.15	30	0.034274
8000	0.15	31	0.034453
8000	0.15	29	0.03338
8000	0.15	27	0.034276
8000	0.15	28	0.035553
8000	0.15	24	0.036208
8000	0.15	28	0.033766
8000	0.15	33	0.035706
8000	0.15	32	0.035064
8000	0.15	34	0.03387
8000	0.15	30	0.034096
8000	0.15	32	0.034765
8000	0.15	29	0.03481
8000	0.15	27	0.035004
8000	0.15	25	0.034562

9000	0.15	31	0.041736
9000	0.15	31	0.040928
9000	0.15	24	0.036825
9000	0.15	31	0.039607
9000	0.15	22	0.039562
9000	0.15	35	0.039019
9000	0.15	33	0.040109
9000	0.15	31	0.039521
9000	0.15	31	0.03982
9000	0.15	25	0.039839
9000	0.15	31	0.039353
9000	0.15	28	0.039412
9000	0.15	26	0.040975
9000	0.15	28	0.039621
9000	0.15	33	0.041249
9000	0.15	28	0.039995
9000	0.15	27	0.040273
9000	0.15	33	0.040524
9000	0.15	31	0.039954
9000	0.15	24	0.04154
9000	0.15	33	0.040728
9000	0.15	27	0.040739
9000	0.15	29	0.040042
9000	0.15	27	0.039553
9000	0.15	29	0.038889
9000	0.15	32	0.039947
9000	0.15	29	0.04022
9000	0.15	31	0.03961
9000	0.15	29	0.04237
9000	0.15	28	0.040677

10000	0.15	30	0.046144
10000	0.15	32	0.045161
10000	0.15	32	0.045567
10000	0.15	31	0.045598
10000	0.15	28	0.050098
10000	0.15	31	0.047145
10000	0.15	32	0.04469
10000	0.15	30	0.046645
10000	0.15	26	0.045195
10000	0.15	28	0.045282
10000	0.15	27	0.046303
10000	0.15	31	0.047236
10000	0.15	29	0.046945
10000	0.15	28	0.046455
10000	0.15	29	0.045777
10000	0.15	25	0.045495
10000	0.15	30	0.046785
10000	0.15	29	0.044737
10000	0.15	34	0.047074
10000	0.15	32	0.046758
10000	0.15	30	0.048069
10000	0.15	34	0.045764
10000	0.15	32	0.044743
10000	0.15	29	0.048257
10000	0.15	26	0.04608
10000	0.15	25	0.046368
10000	0.15	27	0.046622
10000	0.15	35	0.046152
10000	0.15	33	0.045836
10000	0.15	23	0.044895

11000	0.15	37	0.055589
11000	0.15	32	0.051866
11000	0.15	30	0.060084
11000	0.15	32	0.054609
11000	0.15	34	0.055537
11000	0.15	24	0.055939
11000	0.15	33	0.05681
11000	0.15	28	0.052909
11000	0.15	34	0.057808
11000	0.15	31	0.054984
11000	0.15	31	0.051148
11000	0.15	31	0.053198
11000	0.15	33	0.050019
11000	0.15	34	0.050905
11000	0.15	34	0.051613
11000	0.15	28	0.053587
11000	0.15	27	0.050522
11000	0.15	29	0.05296
11000	0.15	27	0.049628
11000	0.15	33	0.050788
11000	0.15	26	0.053273
11000	0.15	32	0.051557
11000	0.15	28	0.050826
11000	0.15	32	0.052576
11000	0.15	32	0.053505
11000	0.15	34	0.053133
11000	0.15	29	0.051845
11000	0.15	35	0.051273
11000	0.15	34	0.054447
11000	0.15	26	0.055371

12000	0.15	33	0.058284
12000	0.15	32	0.057977
12000	0.15	30	0.057064
12000	0.15	35	0.059169
12000	0.15	36	0.059083
12000	0.15	32	0.057674
12000	0.15	33	0.05985
12000	0.15	28	0.058114
12000	0.15	29	0.061189
12000	0.15	27	0.125643
12000	0.15	32	0.125149
12000	0.15	29	0.058628
12000	0.15	24	0.060008
12000	0.15	36	0.061725
12000	0.15	32	0.056455
12000	0.15	32	0.061347
12000	0.15	33	0.058124
12000	0.15	29	0.060483
12000	0.15	27	0.061726
12000	0.15	26	0.06026
12000	0.15	31	0.056572
12000	0.15	35	0.060075
12000	0.15	31	0.058302
12000	0.15	19	0.072598
12000	0.15	31	0.058772
12000	0.15	29	0.062417
12000	0.15	27	0.064523
12000	0.15	29	0.061569
12000	0.15	32	0.06178
12000	0.15	30	0.06078

13000	0.15	33	0.068105
13000	0.15	29	0.081367
13000	0.15	34	0.067216
13000	0.15	34	0.066256
13000	0.15	28	0.064033
13000	0.15	25	0.067812
13000	0.15	33	0.087652
13000	0.15	29	0.064169
13000	0.15	26	0.066775
13000	0.15	30	0.067679
13000	0.15	31	0.068343
13000	0.15	28	0.071766
13000	0.15	26	0.066625
13000	0.15	28	0.131535
13000	0.15	30	0.109363
13000	0.15	27	0.064788
13000	0.15	33	0.067449
13000	0.15	28	0.066393
13000	0.15	35	0.065094
13000	0.15	31	0.066317
13000	0.15	33	0.063878
13000	0.15	31	0.066491
13000	0.15	30	0.065535
13000	0.15	30	0.069125
13000	0.15	37	0.067962
13000	0.15	27	0.071442
13000	0.15	32	0.068362
13000	0.15	30	0.064114
13000	0.15	33	0.065351
13000	0.15	35	0.063759

14000	0.15	34	0.072075
14000	0.15	32	0.071685
14000	0.15	26	0.0748
14000	0.15	25	0.077943
14000	0.15	31	0.071195
14000	0.15	26	0.074783
14000	0.15	31	0.123955
14000	0.15	32	0.0726
14000	0.15	31	0.070602
14000	0.15	27	0.075374
14000	0.15	30	0.071684
14000	0.15	33	0.075358
14000	0.15	35	0.070051
14000	0.15	24	0.077696
14000	0.15	36	0.074844
14000	0.15	26	0.079402
14000	0.15	33	0.070526
14000	0.15	30	0.0688
14000	0.15	34	0.091412
14000	0.15	37	0.073373
14000	0.15	31	0.075873
14000	0.15	35	0.074418
14000	0.15	34	0.07697
14000	0.15	37	0.074558
14000	0.15	35	0.071673
14000	0.15	32	0.073038
14000	0.15	30	0.070262
14000	0.15	31	0.072327
14000	0.15	29	0.073165
14000	0.15	29	0.071317

15000	0.15	31	0.082179
15000	0.15	23	0.07922
15000	0.15	34	0.096282
15000	0.15	27	0.080116
15000	0.15	37	0.098954
15000	0.15	33	0.081452
15000	0.15	30	0.079774
15000	0.15	31	0.078573
15000	0.15	36	0.079865
15000	0.15	35	0.103084
15000	0.15	30	0.138594
15000	0.15	35	0.100304
15000	0.15	35	0.081776
15000	0.15	34	0.079426
15000	0.15	31	0.078724
15000	0.15	30	0.082368
15000	0.15	34	0.088669
15000	0.15	30	0.079726
15000	0.15	35	0.079793
15000	0.15	28	0.081645
15000	0.15	27	0.102923
15000	0.15	36	0.080846
15000	0.15	32	0.088773
15000	0.15	27	0.08
15000	0.15	35	0.077707
15000	0.15	29	0.111073
15000	0.15	34	0.136352
15000	0.15	22	0.08
15000	0.15	40	0.083285
15000	0.15	33	0.079901

16000	0.15	33	0.089163
16000	0.15	26	0.094584
16000	0.15	29	0.086215
16000	0.15	33	0.086378
16000	0.15	35	0.086332
16000	0.15	30	0.090959
16000	0.15	32	0.084775
16000	0.15	29	0.089349
16000	0.15	34	0.087128
16000	0.15	33	0.087527
16000	0.15	29	0.085559
16000	0.15	37	0.08676
16000	0.15	36	0.085508
16000	0.15	28	0.084194
16000	0.15	38	0.086715
16000	0.15	35	0.088863
16000	0.15	24	0.09802
16000	0.15	28	0.086756
16000	0.15	34	0.085437
16000	0.15	32	0.091069
16000	0.15	30	0.085892
16000	0.15	35	0.08683
16000	0.15	33	0.087044
16000	0.15	27	0.08098
16000	0.15	20	0.09366
16000	0.15	33	0.087669
16000	0.15	29	0.084229
16000	0.15	31	0.083428
16000	0.15	35	0.085806
16000	0.15	32	0.087413

17000	0.15	30	0.095628
17000	0.15	33	0.095053
17000	0.15	29	0.098761
17000	0.15	31	0.102548
17000	0.15	28	0.095865
17000	0.15	30	0.121256
17000	0.15	31	0.110495
17000	0.15	33	0.091242
17000	0.15	38	0.094981
17000	0.15	37	0.094334
17000	0.15	34	0.096474
17000	0.15	39	0.096334
17000	0.15	34	0.094002
17000	0.15	30	0.095873
17000	0.15	25	0.117038
17000	0.15	35	0.092073
17000	0.15	31	0.111264
17000	0.15	32	0.157083
17000	0.15	33	0.14894
17000	0.15	30	0.162771
17000	0.15	33	0.092498
17000	0.15	32	0.09431
17000	0.15	25	0.100744
17000	0.15	28	0.123638
17000	0.15	31	0.120458
17000	0.15	34	0.093246
17000	0.15	30	0.097812
17000	0.15	33	0.094134
17000	0.15	28	0.093951
17000	0.15	33	0.092594

18000	0.15	31	0.099665
18000	0.15	30	0.129697
18000	0.15	34	0.169203
18000	0.15	29	0.106057
18000	0.15	35	0.101097
18000	0.15	32	0.100345
18000	0.15	35	0.10395
18000	0.15	27	0.130478
18000	0.15	28	0.105199
18000	0.15	34	0.102257
18000	0.15	29	0.106914
18000	0.15	35	0.12147
18000	0.15	33	0.133554
18000	0.15	28	0.102592
18000	0.15	34	0.100964
18000	0.15	24	0.116313
18000	0.15	32	0.103064
18000	0.15	33	0.098862
18000	0.15	29	0.117362
18000	0.15	35	0.103133
18000	0.15	25	0.116424
18000	0.15	36	0.103833
18000	0.15	29	0.116706
18000	0.15	33	0.10444
18000	0.15	33	0.131389
18000	0.15	30	0.17335
18000	0.15	32	0.10012
18000	0.15	33	0.104594
18000	0.15	27	0.110348
18000	0.15	30	0.105797

19000	0.15	27	0.145052
19000	0.15	28	0.112749
19000	0.15	32	0.112212
19000	0.15	27	0.120151
19000	0.15	28	0.113087
19000	0.15	27	0.115997
19000	0.15	33	0.108362
19000	0.15	31	0.11036
19000	0.15	31	0.122123
19000	0.15	35	0.134938
19000	0.15	33	0.108914
19000	0.15	34	0.110358
19000	0.15	33	0.11374
19000	0.15	30	0.143446
19000	0.15	37	0.175646
19000	0.15	33	0.150037
19000	0.15	28	0.113641
19000	0.15	26	0.113635
19000	0.15	34	0.110436
19000	0.15	36	0.112166
19000	0.15	31	0.131819
19000	0.15	32	0.147452
19000	0.15	25	0.190468
19000	0.15	35	0.187954
19000	0.15	30	0.119739
19000	0.15	28	0.122328
19000	0.15	32	0.144953
19000	0.15	27	0.114128
19000	0.15	37	0.170966
19000	0.15	31	0.15148

20000	0.15	30	0.118713
20000	0.15	29	0.191717
20000	0.15	31	0.117148
20000	0.15	29	0.120155
20000	0.15	29	0.121301
20000	0.15	34	0.147132
20000	0.15	30	0.148631
20000	0.15	31	0.123136
20000	0.15	33	0.115656
20000	0.15	34	0.14884
20000	0.15	35	0.177783
20000	0.15	35	0.185609
20000	0.15	30	0.169972
20000	0.15	32	0.177066
20000	0.15	29	0.168047
20000	0.15	29	0.134847
20000	0.15	34	0.145141
20000	0.15	29	0.162247
20000	0.15	35	0.158038
20000	0.15	32	0.182056
20000	0.15	34	0.120876
20000	0.15	31	0.118472
20000	0.15	33	0.128999
20000	0.15	36	0.16168
20000	0.15	29	0.124724
20000	0.15	26	0.117956
20000	0.15	26	0.125095
20000	0.15	34	0.119172
20000	0.15	28	0.128046
20000	0.15	31	0.129648

21000	0.15	29	0.151844
21000	0.15	25	0.13747
21000	0.15	32	0.173965
21000	0.15	31	0.129673
21000	0.15	28	0.13858
21000	0.15	23	0.188332
21000	0.15	30	0.200356
21000	0.15	28	0.127326
21000	0.15	33	0.200507
21000	0.15	29	0.186583
21000	0.15	33	0.198355
21000	0.15	29	0.173594
21000	0.15	28	0.192817
21000	0.15	25	0.128641
21000	0.15	24	0.150814
21000	0.15	29	0.125062
21000	0.15	35	0.127557
21000	0.15	33	0.126129
21000	0.15	33	0.122738
21000	0.15	33	0.131542
21000	0.15	32	0.132574
21000	0.15	29	0.13826
21000	0.15	31	0.158466
21000	0.15	28	0.135376
21000	0.15	37	0.124573
21000	0.15	33	0.173222
21000	0.15	25	0.125107
21000	0.15	23	0.178749
21000	0.15	29	0.143698
21000	0.15	25	0.136285

22000	0.15	35	0.143436
22000	0.15	37	0.157722
22000	0.15	35	0.184235
22000	0.15	31	0.138332
22000	0.15	34	0.200904
22000	0.15	27	0.141355
22000	0.15	36	0.135893
22000	0.15	24	0.161539
22000	0.15	32	0.19211
22000	0.15	36	0.139169
22000	0.15	31	0.155517
22000	0.15	27	0.133399
22000	0.15	35	0.169326
22000	0.15	30	0.212011
22000	0.15	32	0.135553
22000	0.15	32	0.14026
22000	0.15	30	0.204407
22000	0.15	34	0.138204
22000	0.15	31	0.135561
22000	0.15	34	0.178496
22000	0.15	36	0.207807
22000	0.15	32	0.213751
22000	0.15	33	0.165423
22000	0.15	33	0.142025
22000	0.15	27	0.165039
22000	0.15	33	0.136614
22000	0.15	36	0.13117
22000	0.15	35	0.204263
22000	0.15	34	0.136286
22000	0.15	33	0.137137

23000	0.15	32	0.140678
23000	0.15	33	0.176816
23000	0.15	34	0.207643
23000	0.15	28	0.166337
23000	0.15	29	0.143424
23000	0.15	27	0.156699
23000	0.15	29	0.180692
23000	0.15	29	0.218831
23000	0.15	35	0.142736
23000	0.15	26	0.155211
23000	0.15	32	0.151295
23000	0.15	35	0.21033
23000	0.15	29	0.151517
23000	0.15	32	0.21336
23000	0.15	25	0.177957
23000	0.15	28	0.226099
23000	0.15	33	0.144996
23000	0.15	29	0.152797
23000	0.15	26	0.157074
23000	0.15	33	0.14813
23000	0.15	30	0.148756
23000	0.15	30	0.168145
23000	0.15	22	0.175543
23000	0.15	35	0.174231
23000	0.15	31	0.167371
23000	0.15	33	0.213364
23000	0.15	32	0.175881
23000	0.15	35	0.213253
23000	0.15	30	0.153357
23000	0.15	37	0.160099

24000	0.15	37	0.152764
24000	0.15	27	0.210399
24000	0.15	34	0.152358
24000	0.15	33	0.153217
24000	0.15	27	0.243676
24000	0.15	24	0.230985
24000	0.15	27	0.185629
24000	0.15	31	0.19843
24000	0.15	26	0.175851
24000	0.15	35	0.199432
24000	0.15	31	0.222136
24000	0.15	29	0.162336
24000	0.15	33	0.157265
24000	0.15	32	0.223644
24000	0.15	32	0.239624
24000	0.15	34	0.230895
24000	0.15	36	0.217913
24000	0.15	28	0.162082
24000	0.15	33	0.153317
24000	0.15	33	0.155607
24000	0.15	31	0.161491
24000	0.15	33	0.160743
24000	0.15	32	0.15051
24000	0.15	33	0.199192
24000	0.15	30	0.156717
24000	0.15	32	0.156971
24000	0.15	26	0.157488
24000	0.15	35	0.15021
24000	0.15	30	0.155067
24000	0.15	30	0.16912

25000	0.15	38	0.230025
25000	0.15	21	0.176992
25000	0.15	28	0.215414
25000	0.15	33	0.162966
25000	0.15	26	0.19473
25000	0.15	33	0.23235
25000	0.15	33	0.162041
25000	0.15	31	0.214761
25000	0.15	34	0.196358
25000	0.15	33	0.165092
25000	0.15	28	0.161855
25000	0.15	23	0.235332
25000	0.15	32	0.172734
25000	0.15	34	0.169816
25000	0.15	30	0.160807
25000	0.15	26	0.187821
25000	0.15	33	0.175425
25000	0.15	37	0.162054
25000	0.15	32	0.207175
25000	0.15	28	0.227061
25000	0.15	33	0.173753
25000	0.15	36	0.168243
25000	0.15	33	0.172723
25000	0.15	36	0.239117
25000	0.15	38	0.189287
25000	0.15	27	0.218358
25000	0.15	35	0.165348
25000	0.15	35	0.195644
25000	0.15	28	0.226978
25000	0.15	30	0.234093

26000	0.15	38	0.172617
26000	0.15	31	0.21619
26000	0.15	31	0.175571
26000	0.15	36	0.176808
26000	0.15	26	0.189308
26000	0.15	37	0.181025
26000	0.15	34	0.178513
26000	0.15	30	0.173815
26000	0.15	37	0.173034
26000	0.15	32	0.177253
26000	0.15	32	0.181531
26000	0.15	31	0.18686
26000	0.15	30	0.221223
26000	0.15	34	0.176304
26000	0.15	34	0.176596
26000	0.15	31	0.236659
26000	0.15	31	0.218215
26000	0.15	34	0.212395
26000	0.15	31	0.233855
26000	0.15	25	0.184412
26000	0.15	31	0.168441
26000	0.15	29	0.237704
26000	0.15	30	0.181431
26000	0.15	31	0.174472
26000	0.15	32	0.177234
26000	0.15	35	0.182499
26000	0.15	34	0.210915
26000	0.15	25	0.210311
26000	0.15	29	0.22368
26000	0.15	22	0.257862

27000	0.15	27	0.267388
27000	0.15	35	0.238927
27000	0.15	31	0.181982
27000	0.15	28	0.210757
27000	0.15	37	0.262331
27000	0.15	37	0.237028
27000	0.15	28	0.229482
27000	0.15	34	0.192107
27000	0.15	35	0.224755
27000	0.15	34	0.252709
27000	0.15	30	0.210526
27000	0.15	33	0.210622
27000	0.15	33	0.195802
27000	0.15	27	0.231477
27000	0.15	28	0.241483
27000	0.15	37	0.208919
27000	0.15	32	0.188436
27000	0.15	28	0.212996
27000	0.15	23	0.259266
27000	0.15	34	0.217426
27000	0.15	36	0.218091
27000	0.15	41	0.183889
27000	0.15	33	0.20255
27000	0.15	29	0.214645
27000	0.15	35	0.242143
27000	0.15	35	0.185511
27000	0.15	35	0.188412
27000	0.15	33	0.204654
27000	0.15	36	0.245722
27000	0.15	31	0.184308

28000	0.15	25	0.255561
28000	0.15	33	0.194003
28000	0.15	30	0.218413
28000	0.15	29	0.191118
28000	0.15	30	0.21992
28000	0.15	35	0.206734
28000	0.15	33	0.228289
28000	0.15	36	0.262367
28000	0.15	27	0.201637
28000	0.15	37	0.219614
28000	0.15	29	0.199978
28000	0.15	35	0.252328
28000	0.15	34	0.200347
28000	0.15	35	0.202812
28000	0.15	38	0.198488
28000	0.15	33	0.194564
28000	0.15	28	0.19923
28000	0.15	30	0.282356
28000	0.15	33	0.193729
28000	0.15	35	0.242861
28000	0.15	36	0.193115
28000	0.15	35	0.236155
28000	0.15	34	0.194044
28000	0.15	33	0.199173
28000	0.15	32	0.23907
28000	0.15	35	0.257991
28000	0.15	30	0.252945
28000	0.15	31	0.277309
28000	0.15	34	0.192582
28000	0.15	35	0.204151

29000	0.15	26	0.230838
29000	0.15	38	0.247666
29000	0.15	30	0.204479
29000	0.15	30	0.238888
29000	0.15	33	0.27039
29000	0.15	34	0.203147
29000	0.15	24	0.231936
29000	0.15	37	0.213429
29000	0.15	36	0.219694
29000	0.15	30	0.214586
29000	0.15	27	0.22244
29000	0.15	31	0.259103
29000	0.15	35	0.248477
29000	0.15	32	0.290682
29000	0.15	36	0.200508
29000	0.15	35	0.214577
29000	0.15	32	0.212929
29000	0.15	25	0.290001
29000	0.15	35	0.228038
29000	0.15	37	0.207976
29000	0.15	31	0.196928
29000	0.15	37	0.205029
29000	0.15	34	0.212709
29000	0.15	30	0.21237
29000	0.15	27	0.23713
29000	0.15	30	0.293863
29000	0.15	30	0.222439
29000	0.15	33	0.214378
29000	0.15	27	0.24726
29000	0.15	30	0.202739

30000	0.15	29	0.228684
30000	0.15	31	0.246913
30000	0.15	36	0.268297
30000	0.15	36	0.209655
30000	0.15	35	0.207249
30000	0.15	30	0.215265
30000	0.15	33	0.223154
30000	0.15	31	0.24791
30000	0.15	36	0.225666
30000	0.15	34	0.281525
30000	0.15	33	0.283951
30000	0.15	35	0.23596
30000	0.15	34	0.277819
30000	0.15	29	0.309572
30000	0.15	38	0.213848
30000	0.15	37	0.260073
30000	0.15	28	0.283534
30000	0.15	32	0.225066
30000	0.15	30	0.28275
30000	0.15	36	0.286938
30000	0.15	28	0.23604
30000	0.15	33	0.248466
30000	0.15	31	0.226283
30000	0.15	32	0.213427
30000	0.15	31	0.253301
30000	0.15	31	0.292041
30000	0.15	30	0.213475
30000	0.15	32	0.252177
30000	0.15	37	0.207137
30000	0.15	37	0.284102

