1000	0.1	46	0.011735
1000	0.1	55	0.010863
1000	0.1	57	0.009345
1000	0.1	48	0.0072
1000	0.1	48	0.007768
1000	0.1	41	0.006853
1000	0.1	56	0.006585
1000	0.1	47	0.00604
1000	0.1	51	0.005943
1000	0.1	46	0.005382
1000	0.1	44	0.005568
1000	0.1	47	0.005066
1000	0.1	47	0.011942
1000	0.1	38	0.010698
1000	0.1	42	0.008671
1000	0.1	42	0.007591
1000	0.1	51	0.007443
1000	0.1	51	0.006945
1000	0.1	47	0.006474
1000	0.1	45	0.006041
1000	0.1	47	0.005539
1000	0.1	50	0.008011
1000	0.1	43	0.003591
1000	0.1	38	0.003319
1000	0.1	44	0.00331
1000	0.1	51	0.003484
1000	0.1	43	0.005361
1000	0.1	50	0.003463
1000	0.1	48	0.003275
1000	0.1	48	0.003432

2000	0.1	48	0.007489
2000	0.1	54	0.007554
2000	0.1	54	0.007385
2000	0.1	56	0.007489
2000	0.1	56	0.007446
2000	0.1	61	0.00765
2000	0.1	44	0.00728
2000	0.1	57	0.007366
2000	0.1	46	0.007175
2000	0.1	56	0.007177
2000	0.1	47	0.012604
2000	0.1	65	0.012171
2000	0.1	50	0.007535
2000	0.1	56	0.007472
2000	0.1	50	0.006989
2000	0.1	52	0.007653
2000	0.1	57	0.007184
2000	0.1	56	0.00745
2000	0.1	46	0.006979
2000	0.1	57	0.007275
2000	0.1	60	0.007457
2000	0.1	55	0.007203
2000	0.1	53	0.007539
2000	0.1	50	0.007538
2000	0.1	55	0.007726
2000	0.1	52	0.007442
2000	0.1	55	0.007591
2000	0.1	63	0.025564
2000	0.1	49	0.018694
2000	0.1	58	0.014934

3000	0.1	52	0.011237
3000	0.1	63	0.012246
3000	0.1	62	0.012051
3000	0.1	50	0.011687
3000	0.1	53	0.019849
3000	0.1	64	0.01202
3000	0.1	53	0.011852
3000	0.1	56	0.011673
3000	0.1	64	0.011536
3000	0.1	58	0.011638
3000	0.1	55	0.011799
3000	0.1	40	0.010864
3000	0.1	60	0.012117
3000	0.1	50	0.011364
3000	0.1	52	0.011198
3000	0.1	54	0.011557
3000	0.1	53	0.011543
3000	0.1	49	0.011118
3000	0.1	59	0.011537
3000	0.1	63	0.012162
3000	0.1	61	0.012204
3000	0.1	60	0.012204
3000	0.1	52	0.012372
3000	0.1	60	0.012364
3000	0.1	58	0.011564
3000	0.1	58	0.011467
3000	0.1	62	0.012414
3000	0.1	63	0.011652
3000	0.1	52	0.011492
3000	0.1	56	0.011959

4000	0.1	51	0.01627
4000	0.1	53	0.01701
4000	0.1	48	0.031053
4000	0.1	64	0.022848
4000	0.1	56	0.01661
4000	0.1	67	0.016675
4000	0.1	66	0.016101
4000	0.1	50	0.015382
4000	0.1	60	0.050238
4000	0.1	58	0.032947
4000	0.1	45	0.023873
4000	0.1	61	0.049036
4000	0.1	55	0.039878
4000	0.1	68	0.030496
4000	0.1	56	0.02176
4000	0.1	60	0.027557
4000	0.1	51	0.01548
4000	0.1	64	0.017335
4000	0.1	52	0.015721
4000	0.1	61	0.017021
4000	0.1	53	0.015836
4000	0.1	53	0.015798
4000	0.1	64	0.016306
4000	0.1	59	0.016139
4000	0.1	63	0.017063
4000	0.1	62	0.016007
4000	0.1	62	0.049112
4000	0.1	60	0.036482
4000	0.1	60	0.028174
4000	0.1	60	0.017513

5000	0.1	57	0.022186
5000	0.1	62	0.027359
5000	0.1	61	0.022074
5000	0.1	58	0.022002
5000	0.1	52	0.02026
5000	0.1	58	0.020079
5000	0.1	53	0.020961
5000	0.1	58	0.022047
5000	0.1	64	0.022255
5000	0.1	72	0.022986
5000	0.1	62	0.036859
5000	0.1	68	0.023556
5000	0.1	65	0.021805
5000	0.1	51	0.020924
5000	0.1	65	0.022407
5000	0.1	53	0.022023
5000	0.1	64	0.021544
5000	0.1	69	0.020929
5000	0.1	66	0.023734
5000	0.1	51	0.021012
5000	0.1	72	0.022237
5000	0.1	48	0.020709
5000	0.1	58	0.021618
5000	0.1	62	0.022267
5000	0.1	61	0.021596
5000	0.1	67	0.021604
5000	0.1	64	0.021575
5000	0.1	65	0.021021
5000	0.1	64	0.022145
5000	0.1	48	0.020114

6000	0.1	63	0.027855
6000	0.1	61	0.027763
6000	0.1	44	0.025597
6000	0.1	52	0.025394
6000	0.1	59	0.025808
6000	0.1	63	0.02721
6000	0.1	48	0.0253
6000	0.1	62	0.027529
6000	0.1	59	0.026157
6000	0.1	61	0.026412
6000	0.1	52	0.025003
6000	0.1	65	0.027455
6000	0.1	60	0.026567
6000	0.1	61	0.026859
6000	0.1	64	0.072367
6000	0.1	58	0.042617
6000	0.1	55	0.027573
6000	0.1	69	0.027506
6000	0.1	72	0.027318
6000	0.1	58	0.026153
6000	0.1	59	0.02524
6000	0.1	54	0.025504
6000	0.1	67	0.027354
6000	0.1	57	0.026876
6000	0.1	66	0.027285
6000	0.1	60	0.026568
6000	0.1	63	0.074341
6000	0.1	52	0.043765
6000	0.1	55	0.02509
6000	0.1	67	0.026984

7000	0.1	66	0.043346
7000	0.1	66	0.032336
7000	0.1	47	0.031126
7000	0.1	58	0.075544
7000	0.1	63	0.044174
7000	0.1	73	0.033317
7000	0.1	59	0.031457
7000	0.1	62	0.032961
7000	0.1	58	0.032347
7000	0.1	42	0.029854
7000	0.1	64	0.032745
7000	0.1	55	0.031748
7000	0.1	62	0.032396
7000	0.1	62	0.030981
7000	0.1	63	0.032155
7000	0.1	69	0.031829
7000	0.1	61	0.032159
7000	0.1	75	0.062577
7000	0.1	74	0.033526
7000	0.1	70	0.034229
7000	0.1	55	0.031641
7000	0.1	67	0.033563
7000	0.1	46	0.029497
7000	0.1	61	0.032112
7000	0.1	66	0.032939
7000	0.1	73	0.033471
7000	0.1	63	0.032417
7000	0.1	41	0.030437
7000	0.1	52	0.031278
7000	0.1	65	0.032149

8000	0.1	55	0.037364
8000	0.1	61	0.03637
8000	0.1	73	0.037755
8000	0.1	60	0.038606
8000	0.1	73	0.039874
8000	0.1	63	0.037083
8000	0.1	53	0.053532
8000	0.1	64	0.037913
8000	0.1	65	0.039767
8000	0.1	50	0.037624
8000	0.1	65	0.037676
8000	0.1	69	0.03886
8000	0.1	68	0.036597
8000	0.1	48	0.035437
8000	0.1	72	0.040165
8000	0.1	64	0.038018
8000	0.1	65	0.039145
8000	0.1	69	0.038323
8000	0.1	55	0.03607
8000	0.1	62	0.05925
8000	0.1	46	0.036637
8000	0.1	64	0.037675
8000	0.1	66	0.040026
8000	0.1	64	0.03787
8000	0.1	63	0.036928
8000	0.1	57	0.036475
8000	0.1	66	0.038793
8000	0.1	61	0.038639
8000	0.1	60	0.037193
8000	0.1	52	0.036721

9000	0.1	67	0.043877
9000	0.1	63	0.044327
9000	0.1	53	0.039535
9000	0.1	63	0.043184
9000	0.1	52	0.040579
9000	0.1	68	0.044938
9000	0.1	69	0.044085
9000	0.1	68	0.045851
9000	0.1	62	0.072171
9000	0.1	52	0.095386
9000	0.1	72	0.047785
9000	0.1	61	0.042486
9000	0.1	58	0.042484
9000	0.1	57	0.042926
9000	0.1	69	0.04487
9000	0.1	63	0.043205
9000	0.1	55	0.042052
9000	0.1	73	0.045428
9000	0.1	70	0.044721
9000	0.1	53	0.041032
9000	0.1	68	0.043777
9000	0.1	59	0.043376
9000	0.1	63	0.043533
9000	0.1	58	0.041863
9000	0.1	56	0.047695
9000	0.1	57	0.0434
9000	0.1	60	0.042773
9000	0.1	64	0.044833
9000	0.1	64	0.044893
9000	0.1	65	0.043325

10000	0.1	64	0.079968
10000	0.1	69	0.115392
10000	0.1	61	0.049475
10000	0.1	68	0.050133
10000	0.1	58	0.051366
10000	0.1	63	0.04783
10000	0.1	63	0.049955
10000	0.1	60	0.049456
10000	0.1	61	0.049241
10000	0.1	58	0.049364
10000	0.1	59	0.050861
10000	0.1	71	0.051821
10000	0.1	61	0.049202
10000	0.1	66	0.051123
10000	0.1	64	0.050369
10000	0.1	55	0.047652
10000	0.1	58	0.048987
10000	0.1	57	0.048225
10000	0.1	60	0.04956
10000	0.1	69	0.05136
10000	0.1	65	0.052852
10000	0.1	68	0.049675
10000	0.1	65	0.049123
10000	0.1	64	0.052661
10000	0.1	53	0.046195
10000	0.1	57	0.050336
10000	0.1	58	0.050191
10000	0.1	69	0.051225
10000	0.1	67	0.050976
10000	0.1	45	0.045886

11000	0.1	71	0.060488
11000	0.1	62	0.05642
11000	0.1	53	0.056925
11000	0.1	70	0.056314
11000	0.1	69	0.056088
11000	0.1	49	0.053549
11000	0.1	72	0.058655
11000	0.1	60	0.055818
11000	0.1	72	0.058559
11000	0.1	62	0.056064
11000	0.1	66	0.056663
11000	0.1	66	0.056872
11000	0.1	68	0.057468
11000	0.1	66	0.055984
11000	0.1	61	0.105037
11000	0.1	63	0.124199
11000	0.1	49	0.053327
11000	0.1	60	0.056946
11000	0.1	59	0.056044
11000	0.1	70	0.057659
11000	0.1	49	0.054827
11000	0.1	67	0.055856
11000	0.1	58	0.054243
11000	0.1	70	0.055813
11000	0.1	70	0.059507
11000	0.1	72	0.060757
11000	0.1	61	0.05577
11000	0.1	69	0.057332
11000	0.1	63	0.056261
11000	0.1	55	0.057361

12000	0.1	69	0.063938
12000	0.1	65	0.061136
12000	0.1	68	0.062617
12000	0.1	76	0.064667
12000	0.1	76	0.068027
12000	0.1	67	0.06276
12000	0.1	70	0.065573
12000	0.1	57	0.060958
12000	0.1	61	0.062513
12000	0.1	55	0.061627
12000	0.1	71	0.064638
12000	0.1	59	0.060693
12000	0.1	58	0.060014
12000	0.1	72	0.065991
12000	0.1	61	0.062062
12000	0.1	67	0.066081
12000	0.1	63	0.063011
12000	0.1	63	0.063161
12000	0.1	59	0.062407
12000	0.1	60	0.06162
12000	0.1	65	0.062873
12000	0.1	68	0.067942
12000	0.1	62	0.088972
12000	0.1	42	0.064279
12000	0.1	63	0.062494
12000	0.1	64	0.065017
12000	0.1	56	0.064898
12000	0.1	60	0.064134
12000	0.1	62	0.064112
12000	0.1	62	0.108358

13000	0.1	70	0.072723
13000	0.1	64	0.07043
13000	0.1	75	0.085762
13000	0.1	78	0.09807
13000	0.1	67	0.103696
13000	0.1	52	0.066299
13000	0.1	68	0.069788
13000	0.1	63	0.068842
13000	0.1	55	0.068459
13000	0.1	64	0.071161
13000	0.1	64	0.068262
13000	0.1	61	0.071655
13000	0.1	53	0.068061
13000	0.1	61	0.069133
13000	0.1	67	0.070374
13000	0.1	57	0.069274
13000	0.1	61	0.11392
13000	0.1	67	0.133563
13000	0.1	67	0.071201
13000	0.1	65	0.07253
13000	0.1	67	0.068427
13000	0.1	68	0.071054
13000	0.1	59	0.067786
13000	0.1	63	0.071853
13000	0.1	74	0.073488
13000	0.1	54	0.069466
13000	0.1	64	0.071343
13000	0.1	61	0.069439
13000	0.1	67	0.070231
13000	0.1	64	0.068402

14000	0.1	68	0.076805
14000	0.1	73	0.088378
14000	0.1	57	0.142482
14000	0.1	55	0.110521
14000	0.1	62	0.075108
14000	0.1	57	0.074644
14000	0.1	70	0.077296
14000	0.1	75	0.07797
14000	0.1	65	0.079915
14000	0.1	58	0.074063
14000	0.1	70	0.077377
14000	0.1	67	0.076889
14000	0.1	69	0.075801
14000	0.1	52	0.073822
14000	0.1	67	0.098996
14000	0.1	56	0.078047
14000	0.1	64	0.075095
14000	0.1	61	0.072488
14000	0.1	71	0.078236
14000	0.1	76	0.080254
14000	0.1	61	0.093766
14000	0.1	78	0.132994
14000	0.1	71	0.077285
14000	0.1	78	0.097433
14000	0.1	72	0.078115
14000	0.1	65	0.078008
14000	0.1	66	0.07676
14000	0.1	70	0.076334
14000	0.1	67	0.077317
14000	0.1	62	0.073832

15000	0.1	60	0.08431
15000	0.1	48	0.084315
15000	0.1	65	0.086913
15000	0.1	56	0.139641
15000	0.1	76	0.0966
15000	0.1	70	0.088503
15000	0.1	62	0.079952
15000	0.1	73	0.086549
15000	0.1	71	0.084419
15000	0.1	69	0.102974
15000	0.1	59	0.094426
15000	0.1	67	0.083216
15000	0.1	73	0.086231
15000	0.1	68	0.084264
15000	0.1	58	0.080895
15000	0.1	66	0.09634
15000	0.1	67	0.111233
15000	0.1	65	0.092163
15000	0.1	70	0.136144
15000	0.1	60	0.147404
15000	0.1	54	0.080152
15000	0.1	73	0.086357
15000	0.1	68	0.090354
15000	0.1	59	0.082194
15000	0.1	74	0.083808
15000	0.1	66	0.083126
15000	0.1	67	0.083794
15000	0.1	45	0.077704
15000	0.1	77	0.087405
15000	0.1	71	0.084136

16000	0.1	70	0.095696
16000	0.1	56	0.115591
16000	0.1	63	0.089825
16000	0.1	66	0.089205
16000	0.1	67	0.089937
16000	0.1	60	0.092049
16000	0.1	71	0.089352
16000	0.1	61	0.116356
16000	0.1	74	0.120181
16000	0.1	72	0.118359
16000	0.1	62	0.085172
16000	0.1	74	0.091716
16000	0.1	73	0.093578
16000	0.1	58	0.084355
16000	0.1	80	0.094288
16000	0.1	69	0.093055
16000	0.1	55	0.092686
16000	0.1	57	0.089016
16000	0.1	70	0.092733
16000	0.1	67	0.091639
16000	0.1	63	0.08593
16000	0.1	74	0.09338
16000	0.1	71	0.090766
16000	0.1	55	0.082755
16000	0.1	50	0.085677
16000	0.1	70	0.093069
16000	0.1	57	0.1022
16000	0.1	69	0.129316
16000	0.1	72	0.160454
16000	0.1	66	0.092033

17000	0.1	65	0.113152
17000	0.1	69	0.132685
17000	0.1	59	0.165053
17000	0.1	60	0.166797
17000	0.1	61	0.115796
17000	0.1	62	0.167179
17000	0.1	62	0.094537
17000	0.1	67	0.098233
17000	0.1	72	0.102813
17000	0.1	75	0.101026
17000	0.1	71	0.097743
17000	0.1	77	0.101613
17000	0.1	69	0.098715
17000	0.1	60	0.108896
17000	0.1	51	0.123571
17000	0.1	78	0.130736
17000	0.1	68	0.095781
17000	0.1	70	0.09853
17000	0.1	73	0.100496
17000	0.1	69	0.101517
17000	0.1	70	0.096994
17000	0.1	67	0.114991
17000	0.1	54	0.100442
17000	0.1	53	0.095535
17000	0.1	69	0.11286
17000	0.1	65	0.140849
17000	0.1	62	0.097338
17000	0.1	67	0.098045
17000	0.1	56	0.092992
17000	0.1	69	0.098635

18000	0.1	64	0.103489
18000	0.1	64	0.128654
18000	0.1	73	0.17534
18000	0.1	62	0.149407
18000	0.1	70	0.133993
18000	0.1	61	0.164309
18000	0.1	68	0.108944
18000	0.1	53	0.103552
18000	0.1	60	0.104742
18000	0.1	75	0.105209
18000	0.1	61	0.107704
18000	0.1	65	0.105847
18000	0.1	61	0.107385
18000	0.1	62	0.103119
18000	0.1	78	0.108976
18000	0.1	52	0.176748
18000	0.1	71	0.139443
18000	0.1	73	0.121545
18000	0.1	56	0.116176
18000	0.1	69	0.106515
18000	0.1	50	0.110639
18000	0.1	72	0.111071
18000	0.1	56	0.11421
18000	0.1	73	0.107342
18000	0.1	65	0.104441
18000	0.1	60	0.10344
18000	0.1	66	0.172823
18000	0.1	67	0.174985
18000	0.1	60	0.107619
18000	0.1	65	0.131349

19000	0.1	54	0.131218
19000	0.1	65	0.176134
19000	0.1	72	0.116728
19000	0.1	58	0.113998
19000	0.1	61	0.111832
19000	0.1	59	0.112667
19000	0.1	69	0.11384
19000	0.1	67	0.114567
19000	0.1	66	0.145609
19000	0.1	69	0.112552
19000	0.1	68	0.179499
19000	0.1	75	0.172886
19000	0.1	67	0.117148
19000	0.1	59	0.145674
19000	0.1	75	0.178165
19000	0.1	70	0.181319
19000	0.1	60	0.140385
19000	0.1	62	0.165359
19000	0.1	67	0.115122
19000	0.1	73	0.117961
19000	0.1	57	0.110921
19000	0.1	72	0.118734
19000	0.1	57	0.117208
19000	0.1	64	0.115858
19000	0.1	64	0.114245
19000	0.1	68	0.144754
19000	0.1	74	0.151682
19000	0.1	62	0.114065
19000	0.1	71	0.139446
19000	0.1	68	0.172332

20000	0.1	66	0.145675
20000	0.1	66	0.194503
20000	0.1	66	0.144489
20000	0.1	62	0.185602
20000	0.1	65	0.121616
20000	0.1	76	0.15305
20000	0.1	64	0.189638
20000	0.1	72	0.19602
20000	0.1	67	0.119469
20000	0.1	70	0.150043
20000	0.1	74	0.187294
20000	0.1	75	0.164491
20000	0.1	60	0.130826
20000	0.1	67	0.121037
20000	0.1	59	0.121619
20000	0.1	57	0.128543
20000	0.1	74	0.135326
20000	0.1	68	0.122999
20000	0.1	73	0.123008
20000	0.1	71	0.121769
20000	0.1	71	0.124011
20000	0.1	64	0.118525
20000	0.1	66	0.123496
20000	0.1	78	0.126251
20000	0.1	58	0.154507
20000	0.1	57	0.178894
20000	0.1	53	0.187482
20000	0.1	68	0.151264
20000	0.1	55	0.156264
20000	0.1	61	0.191338

21000	0.1	56	0.137589
21000	0.1	53	0.124031
21000	0.1	70	0.200812
21000	0.1	68	0.125498
21000	0.1	64	0.137669
21000	0.1	54	0.1419
21000	0.1	59	0.128096
21000	0.1	61	0.124968
21000	0.1	72	0.133019
21000	0.1	58	0.126564
21000	0.1	70	0.134163
21000	0.1	66	0.1292
21000	0.1	61	0.124678
21000	0.1	63	0.141352
21000	0.1	53	0.180145
21000	0.1	64	0.128121
21000	0.1	69	0.167538
21000	0.1	69	0.185318
21000	0.1	73	0.128441
21000	0.1	72	0.166254
21000	0.1	67	0.130371
21000	0.1	62	0.137004
21000	0.1	67	0.126289
21000	0.1	59	0.127048
21000	0.1	78	0.131152
21000	0.1	73	0.131434
21000	0.1	58	0.121663
21000	0.1	48	0.131196
21000	0.1	62	0.129838
21000	0.1	56	0.128837

22000	0.1	66	0.141322
22000	0.1	75	0.145055
22000	0.1	73	0.210211
22000	0.1	69	0.198842
22000	0.1	73	0.20243
22000	0.1	62	0.135497
22000	0.1	74	0.173451
22000	0.1	53	0.147348
22000	0.1	59	0.171784
22000	0.1	78	0.209951
22000	0.1	63	0.137481
22000	0.1	59	0.155364
22000	0.1	66	0.154152
22000	0.1	66	0.143481
22000	0.1	70	0.173581
22000	0.1	70	0.206702
22000	0.1	65	0.186722
22000	0.1	70	0.14833
22000	0.1	69	0.208709
22000	0.1	71	0.145545
22000	0.1	73	0.140776
22000	0.1	61	0.142615
22000	0.1	66	0.159656
22000	0.1	67	0.155988
22000	0.1	56	0.150186
22000	0.1	68	0.178642
22000	0.1	71	0.193337
22000	0.1	73	0.139085
22000	0.1	67	0.201177
22000	0.1	65	0.133299

23000	0.1	71	0.146043
23000	0.1	74	0.147222
23000	0.1	69	0.176376
23000	0.1	58	0.25958
23000	0.1	72	0.147896
23000	0.1	62	0.151829
23000	0.1	65	0.148864
23000	0.1	59	0.14638
23000	0.1	67	0.147657
23000	0.1	56	0.149073
23000	0.1	66	0.152164
23000	0.1	72	0.150562
23000	0.1	67	0.145685
23000	0.1	67	0.14606
23000	0.1	55	0.156878
23000	0.1	60	0.153643
23000	0.1	71	0.149968
23000	0.1	59	0.145555
23000	0.1	58	0.144334
23000	0.1	72	0.14707
23000	0.1	70	0.179549
23000	0.1	62	0.153202
23000	0.1	48	0.189662
23000	0.1	77	0.147547
23000	0.1	68	0.185438
23000	0.1	70	0.14297
23000	0.1	66	0.145334
23000	0.1	69	0.146626
23000	0.1	62	0.145675
23000	0.1	71	0.153958

24000	0.1	77	0.15526
24000	0.1	58	0.218743
24000	0.1	75	0.156254
24000	0.1	70	0.224523
24000	0.1	56	0.222974
24000	0.1	52	0.211218
24000	0.1	55	0.227862
24000	0.1	68	0.226352
24000	0.1	59	0.293121
24000	0.1	72	0.165112
24000	0.1	66	0.153337
24000	0.1	61	0.160835
24000	0.1	68	0.155693
24000	0.1	67	0.157741
24000	0.1	66	0.162923
24000	0.1	70	0.161319
24000	0.1	80	0.156689
24000	0.1	55	0.182051
24000	0.1	69	0.219998
24000	0.1	71	0.156177
24000	0.1	65	0.192492
24000	0.1	71	0.159014
24000	0.1	71	0.188538
24000	0.1	67	0.167479
24000	0.1	58	0.217084
24000	0.1	67	0.20977
24000	0.1	61	0.201845
24000	0.1	70	0.176272
24000	0.1	72	0.192511
24000	0.1	63	0.229161

25000	0.1	78	0.190133
25000	0.1	46	0.202085
25000	0.1	61	0.166286
25000	0.1	73	0.184023
25000	0.1	58	0.218363
25000	0.1	77	0.166902
25000	0.1	72	0.164099
25000	0.1	63	0.166741
25000	0.1	70	0.171088
25000	0.1	71	0.166622
25000	0.1	67	0.163477
25000	0.1	48	0.171624
25000	0.1	69	0.16724
25000	0.1	72	0.166151
25000	0.1	65	0.156007
25000	0.1	58	0.166757
25000	0.1	65	0.207854
25000	0.1	77	0.193885
25000	0.1	69	0.230018
25000	0.1	63	0.219511
25000	0.1	70	0.167145
25000	0.1	72	0.167671
25000	0.1	74	0.203384
25000	0.1	72	0.170562
25000	0.1	77	0.169417
25000	0.1	54	0.158966
25000	0.1	70	0.163673
25000	0.1	70	0.164149
25000	0.1	59	0.160733
25000	0.1	60	0.160429

26000	0.1	76	0.183849
26000	0.1	64	0.21638
26000	0.1	67	0.232225
26000	0.1	75	0.173874
26000	0.1	54	0.237217
26000	0.1	73	0.174234
26000	0.1	76	0.173378
26000	0.1	67	0.169895
26000	0.1	77	0.242289
26000	0.1	70	0.175578
26000	0.1	64	0.176219
26000	0.1	64	0.178956
26000	0.1	60	0.209284
26000	0.1	73	0.179831
26000	0.1	76	0.175608
26000	0.1	73	0.210782
26000	0.1	66	0.213902
26000	0.1	69	0.245307
26000	0.1	71	0.220503
26000	0.1	59	0.168096
26000	0.1	61	0.201507
26000	0.1	68	0.231732
26000	0.1	67	0.177025
26000	0.1	67	0.200806
26000	0.1	68	0.214624
26000	0.1	73	0.243126
26000	0.1	70	0.171477
26000	0.1	56	0.190848
26000	0.1	65	0.241881
26000	0.1	48	0.167921

27000	0.1	53	0.184138
27000	0.1	73	0.225785
27000	0.1	63	0.246352
27000	0.1	54	0.182031
27000	0.1	73	0.219293
27000	0.1	75	0.183735
27000	0.1	56	0.222969
27000	0.1	67	0.18419
27000	0.1	76	0.183618
27000	0.1	72	0.187483
27000	0.1	64	0.18485
27000	0.1	70	0.180534
27000	0.1	65	0.177739
27000	0.1	61	0.192138
27000	0.1	61	0.186899
27000	0.1	75	0.180445
27000	0.1	68	0.238398
27000	0.1	66	0.170835
27000	0.1	49	0.192622
27000	0.1	67	0.178388
27000	0.1	75	0.221998
27000	0.1	82	0.251447
27000	0.1	75	0.193466
27000	0.1	59	0.188497
27000	0.1	70	0.17986
27000	0.1	69	0.181514
27000	0.1	73	0.255646
27000	0.1	72	0.181127
27000	0.1	76	0.22677
27000	0.1	66	0.178312

28000	0.1	56	0.216565
28000	0.1	67	0.211794
28000	0.1	60	0.262028
28000	0.1	61	0.181471
28000	0.1	71	0.189562
28000	0.1	73	0.196281
28000	0.1	68	0.224595
28000	0.1	77	0.193802
28000	0.1	58	0.184613
28000	0.1	75	0.193961
28000	0.1	67	0.186537
28000	0.1	70	0.220463
28000	0.1	71	0.258203
28000	0.1	86	0.268048
28000	0.1	74	0.198244
28000	0.1	75	0.256213
28000	0.1	57	0.187204
28000	0.1	68	0.271384
28000	0.1	65	0.260181
28000	0.1	65	0.208585
28000	0.1	71	0.191644
28000	0.1	71	0.234395
28000	0.1	76	0.188856
28000	0.1	71	0.228138
28000	0.1	71	0.254386
28000	0.1	73	0.262031
28000	0.1	67	0.194539
28000	0.1	64	0.258158
28000	0.1	76	0.261677
28000	0.1	65	0.269582

29000	0.1	55	0.204007
29000	0.1	78	0.239206
29000	0.1	74	0.197821
29000	0.1	65	0.265798
29000	0.1	72	0.196983
29000	0.1	68	0.199258
29000	0.1	55	0.269582
29000	0.1	74	0.248802
29000	0.1	72	0.20672
29000	0.1	68	0.204899
29000	0.1	61	0.201027
29000	0.1	57	0.201621
29000	0.1	77	0.207877
29000	0.1	68	0.203684
29000	0.1	71	0.202981
29000	0.1	74	0.204742
29000	0.1	72	0.203788
29000	0.1	56	0.216937
29000	0.1	76	0.215134
29000	0.1	69	0.202244
29000	0.1	69	0.193577
29000	0.1	78	0.203967
29000	0.1	69	0.270196
29000	0.1	62	0.196523
29000	0.1	51	0.206364
29000	0.1	62	0.194718
29000	0.1	67	0.196176
29000	0.1	65	0.23292
29000	0.1	57	0.218178
29000	0.1	64	0.192007

30000	0.1	71	0.254283
30000	0.1	66	0.211237
30000	0.1	78	0.278035
30000	0.1	81	0.209845
30000	0.1	72	0.199206
30000	0.1	72	0.27565
30000	0.1	69	0.208831
30000	0.1	63	0.253292
30000	0.1	76	0.215217
30000	0.1	72	0.257454
30000	0.1	70	0.276343
30000	0.1	70	0.257287
30000	0.1	73	0.21264
30000	0.1	60	0.228839
30000	0.1	77	0.248743
30000	0.1	72	0.268874
30000	0.1	59	0.200488
30000	0.1	73	0.211474
30000	0.1	58	0.255982
30000	0.1	78	0.219189
30000	0.1	61	0.268223
30000	0.1	72	0.20966
30000	0.1	68	0.246794
30000	0.1	70	0.21173
30000	0.1	71	0.210431
30000	0.1	72	0.20851
30000	0.1	71	0.210227
30000	0.1	77	0.251838
30000	0.1	82	0.278194
30000	0.1	75	0.213597

