1000	0.1	65	0.003409
1000	0.1	68	0.003232
1000	0.1	67	0.003328
1000	0.1	67	0.003322
1000	0.1	62	0.003324
1000	0.1	63	0.003534
1000	0.1	64	0.005782
1000	0.1	63	0.003284
1000	0.1	67	0.003386
1000	0.1	61	0.003337
1000	0.1	64	0.003323
1000	0.1	61	0.00333
1000	0.1	63	0.003321
1000	0.1	69	0.003312
1000	0.1	62	0.00331
1000	0.1	62	0.003239
1000	0.1	63	0.003273
1000	0.1	67	0.003261
1000	0.1	66	0.003251
1000	0.1	64	0.004977
1000	0.1	67	0.003441
1000	0.1	67	0.004978
1000	0.1	65	0.006088
1000	0.1	65	0.003333
1000	0.1	62	0.00327
1000	0.1	67	0.003285
1000	0.1	65	0.003319
1000	0.1	64	0.003299
1000	0.1	68	0.011228
1000	0.1	66	0.003306

2000	0.1	70	0.008518
2000	0.1	74	0.007925
2000	0.1	73	0.008693
2000	0.1	75	0.008291
2000	0.1	73	0.00801
2000	0.1	67	0.008112
2000	0.1	72	0.008095
2000	0.1	71	0.008037
2000	0.1	73	0.008127
2000	0.1	69	0.008117
2000	0.1	70	0.008182
2000	0.1	67	0.007968
2000	0.1	69	0.008585
2000	0.1	70	0.008108
2000	0.1	72	0.008189
2000	0.1	73	0.0081
2000	0.1	68	0.008488
2000	0.1	70	0.008044
2000	0.1	70	0.014835
2000	0.1	72	0.008115
2000	0.1	72	0.008024
2000	0.1	68	0.008163
2000	0.1	71	0.008066
2000	0.1	69	0.008145
2000	0.1	71	0.008138
2000	0.1	70	0.007999
2000	0.1	73	0.008032
2000	0.1	71	0.008092
2000	0.1	72	0.014208
2000	0.1	74	0.008222

3000	0.1	75	0.039881
3000	0.1	74	0.013206
3000	0.1	73	0.013294
3000	0.1	74	0.013646
3000	0.1	71	0.013876
3000	0.1	76	0.013471
3000	0.1	74	0.013739
3000	0.1	72	0.013674
3000	0.1	73	0.013575
3000	0.1	73	0.013452
3000	0.1	73	0.013465
3000	0.1	76	0.014078
3000	0.1	70	0.013846
3000	0.1	73	0.013655
3000	0.1	71	0.013639
3000	0.1	71	0.013638
3000	0.1	76	0.013545
3000	0.1	72	0.013417
3000	0.1	71	0.013573
3000	0.1	74	0.013637
3000	0.1	74	0.013558
3000	0.1	75	0.013585
3000	0.1	73	0.013704
3000	0.1	69	0.01368
3000	0.1	72	0.022499
3000	0.1	74	0.013591
3000	0.1	71	0.013671
3000	0.1	80	0.013662
3000	0.1	70	0.013606
3000	0.1	71	0.013581

4000	0.1	78	0.019562
4000	0.1	76	0.019243
4000	0.1	72	0.019358
4000	0.1	74	0.019378
4000	0.1	76	0.019427
4000	0.1	79	0.019329
4000	0.1	76	0.019421
4000	0.1	75	0.019516
4000	0.1	79	0.019415
4000	0.1	73	0.019434
4000	0.1	75	0.019447
4000	0.1	73	0.019697
4000	0.1	77	0.01992
4000	0.1	73	0.019403
4000	0.1	75	0.019401
4000	0.1	77	0.055373
4000	0.1	81	0.019987
4000	0.1	73	0.019131
4000	0.1	72	0.019288
4000	0.1	73	0.019622
4000	0.1	73	0.019371
4000	0.1	77	0.019075
4000	0.1	78	0.019374
4000	0.1	74	0.019465
4000	0.1	73	0.019616
4000	0.1	78	0.019408
4000	0.1	79	0.019527
4000	0.1	77	0.01965
4000	0.1	77	0.019519
4000	0.1	76	0.019386

5000	0.1	77	0.025554
5000	0.1	75	0.025354
5000	0.1	78	0.025153
5000	0.1	73	0.025523
5000	0.1	74	0.025729
5000	0.1	75	0.025152
5000	0.1	74	0.025529
5000	0.1	77	0.025387
5000	0.1	76	0.025478
5000	0.1	73	0.025533
5000	0.1	78	0.025432
5000	0.1	74	0.025339
5000	0.1	77	0.025816
5000	0.1	77	0.025287
5000	0.1	76	0.025412
5000	0.1	80	0.025225
5000	0.1	77	0.025298
5000	0.1	73	0.025141
5000	0.1	77	0.0253
5000	0.1	77	0.025406
5000	0.1	73	0.025198
5000	0.1	74	0.0252
5000	0.1	74	0.025371
5000	0.1	74	0.025087
5000	0.1	74	0.025609
5000	0.1	76	0.025439
5000	0.1	76	0.025263
5000	0.1	76	0.025608
5000	0.1	78	0.025183
5000	0.1	75	0.025282

6000	0.1	71	0.031557
6000	0.1	77	0.031463
6000	0.1	76	0.031238
6000	0.1	78	0.031719
6000	0.1	76	0.031521
6000	0.1	78	0.031149
6000	0.1	74	0.031842
6000	0.1	78	0.033198
6000	0.1	81	0.031313
6000	0.1	76	0.031428
6000	0.1	78	0.031757
6000	0.1	75	0.059114
6000	0.1	77	0.031734
6000	0.1	79	0.031258
6000	0.1	76	0.03177
6000	0.1	73	0.031552
6000	0.1	81	0.031479
6000	0.1	78	0.031743
6000	0.1	76	0.077562
6000	0.1	80	0.031671
6000	0.1	79	0.031348
6000	0.1	74	0.032501
6000	0.1	75	0.031634
6000	0.1	76	0.031335
6000	0.1	74	0.031394
6000	0.1	75	0.054135
6000	0.1	77	0.032024
6000	0.1	79	0.031809
6000	0.1	72	0.031515
6000	0.1	76	0.031212

7000	0.1	80	0.038869
7000	0.1	77	0.094541
7000	0.1	79	0.037786
7000	0.1	74	0.037853
7000	0.1	79	0.037896
7000	0.1	80	0.037723
7000	0.1	78	0.038118
7000	0.1	74	0.038138
7000	0.1	77	0.037499
7000	0.1	76	0.037775
7000	0.1	79	0.037572
7000	0.1	76	0.037742
7000	0.1	75	0.037719
7000	0.1	81	0.0378
7000	0.1	76	0.037777
7000	0.1	75	0.03761
7000	0.1	74	0.037732
7000	0.1	80	0.037677
7000	0.1	76	0.037744
7000	0.1	81	0.038156
7000	0.1	80	0.037858
7000	0.1	78	0.037761
7000	0.1	76	0.038016
7000	0.1	79	0.037456
7000	0.1	76	0.040163
7000	0.1	79	0.038246
7000	0.1	80	0.03797
7000	0.1	77	0.038243
7000	0.1	77	0.037551
7000	0.1	72	0.038085

8000	0.1	78	0.044285
8000	0.1	79	0.043901
8000	0.1	80	0.044378
8000	0.1	78	0.044438
8000	0.1	79	0.044032
8000	0.1	79	0.043839
8000	0.1	77	0.044142
8000	0.1	76	0.04446
8000	0.1	75	0.044452
8000	0.1	79	0.044491
8000	0.1	75	0.043973
8000	0.1	81	0.04407
8000	0.1	73	0.044259
8000	0.1	80	0.04409
8000	0.1	76	0.066474
8000	0.1	73	0.043914
8000	0.1	78	0.043798
8000	0.1	79	0.044749
8000	0.1	79	0.044043
8000	0.1	76	0.043828
8000	0.1	74	0.044198
8000	0.1	78	0.044519
8000	0.1	76	0.044334
8000	0.1	76	0.044361
8000	0.1	75	0.044305
8000	0.1	77	0.044844
8000	0.1	77	0.044507
8000	0.1	79	0.04461
8000	0.1	79	0.043803
8000	0.1	75	0.044416

9000	0.1	75	0.063449
9000	0.1	81	0.050357
9000	0.1	79	0.051277
9000	0.1	79	0.05091
9000	0.1	78	0.050616
9000	0.1	79	0.050209
9000	0.1	75	0.050623
9000	0.1	77	0.050968
9000	0.1	79	0.051431
9000	0.1	79	0.050966
9000	0.1	78	0.050121
9000	0.1	77	0.050756
9000	0.1	77	0.051177
9000	0.1	77	0.050748
9000	0.1	74	0.050443
9000	0.1	77	0.051001
9000	0.1	77	0.050937
9000	0.1	82	0.050586
9000	0.1	72	0.050417
9000	0.1	80	0.050706
9000	0.1	81	0.050579
9000	0.1	77	0.051
9000	0.1	74	0.050708
9000	0.1	80	0.051643
9000	0.1	78	0.050715
9000	0.1	78	0.051943
9000	0.1	78	0.050845
9000	0.1	77	0.051091
9000	0.1	79	0.050373
9000	0.1	78	0.050543

10000	0.1	77	0.058203
10000	0.1	77	0.0579
10000	0.1	80	0.05744
10000	0.1	75	0.057676
10000	0.1	83	0.057336
10000	0.1	80	0.057258
10000	0.1	81	0.057006
10000	0.1	79	0.057885
10000	0.1	81	0.057269
10000	0.1	80	0.057421
10000	0.1	85	0.056651
10000	0.1	77	0.058589
10000	0.1	78	0.057753
10000	0.1	76	0.057545
10000	0.1	78	0.056937
10000	0.1	82	0.075598
10000	0.1	76	0.12551
10000	0.1	79	0.057236
10000	0.1	81	0.057366
10000	0.1	78	0.057229
10000	0.1	80	0.057007
10000	0.1	78	0.05775
10000	0.1	76	0.057248
10000	0.1	82	0.057558
10000	0.1	74	0.057167
10000	0.1	79	0.057681
10000	0.1	82	0.057312
10000	0.1	78	0.057404
10000	0.1	79	0.056749
10000	0.1	75	0.058671

11000	0.1	79	0.065119
11000	0.1	76	0.064113
11000	0.1	79	0.064041
11000	0.1	81	0.065654
11000	0.1	79	0.063989
11000	0.1	76	0.064044
11000	0.1	75	0.13244
11000	0.1	81	0.064065
11000	0.1	79	0.064354
11000	0.1	77	0.064371
11000	0.1	75	0.064169
11000	0.1	79	0.063972
11000	0.1	78	0.064328
11000	0.1	79	0.064806
11000	0.1	78	0.064177
11000	0.1	79	0.06405
11000	0.1	76	0.06447
11000	0.1	77	0.065031
11000	0.1	77	0.063985
11000	0.1	79	0.064013
11000	0.1	76	0.065182
11000	0.1	75	0.064645
11000	0.1	78	0.068272
11000	0.1	77	0.064022
11000	0.1	78	0.064824
11000	0.1	76	0.064643
11000	0.1	79	0.064135
11000	0.1	75	0.064658
11000	0.1	78	0.063675
11000	0.1	80	0.0649

12000	0.1	80	0.072192
12000	0.1	79	0.072557
12000	0.1	80	0.07133
12000	0.1	78	0.071192
12000	0.1	74	0.07125
12000	0.1	79	0.071255
12000	0.1	75	0.070881
12000	0.1	77	0.071231
12000	0.1	83	0.071627
12000	0.1	73	0.070943
12000	0.1	77	0.070491
12000	0.1	74	0.070681
12000	0.1	77	0.071777
12000	0.1	82	0.071438
12000	0.1	78	0.071249
12000	0.1	80	0.073516
12000	0.1	79	0.071017
12000	0.1	78	0.072401
12000	0.1	79	0.072541
12000	0.1	81	0.071183
12000	0.1	75	0.072966
12000	0.1	77	0.071082
12000	0.1	76	0.072005
12000	0.1	78	0.071651
12000	0.1	73	0.071102
12000	0.1	77	0.071332
12000	0.1	77	0.071156
12000	0.1	77	0.071216
12000	0.1	80	0.071013
12000	0.1	77	0.072098

13000	0.1	75	0.079364
13000	0.1	81	0.07807
13000	0.1	77	0.078309
13000	0.1	80	0.078476
13000	0.1	79	0.0783
13000	0.1	82	0.078364
13000	0.1	77	0.079846
13000	0.1	80	0.078728
13000	0.1	78	0.078493
13000	0.1	77	0.078093
13000	0.1	77	0.07756
13000	0.1	82	0.077991
13000	0.1	76	0.081189
13000	0.1	78	0.078886
13000	0.1	79	0.078043
13000	0.1	75	0.080082
13000	0.1	78	0.078367
13000	0.1	79	0.094514
13000	0.1	77	0.078323
13000	0.1	76	0.077874
13000	0.1	77	0.077145
13000	0.1	79	0.078296
13000	0.1	80	0.077951
13000	0.1	82	0.078511
13000	0.1	77	0.078196
13000	0.1	76	0.131862
13000	0.1	76	0.078744
13000	0.1	81	0.078398
13000	0.1	81	0.078197
13000	0.1	75	0.079047

14000	0.1	78	0.113915
14000	0.1	77	0.085248
14000	0.1	82	0.154638
14000	0.1	77	0.08589
14000	0.1	79	0.085636
14000	0.1	78	0.085499
14000	0.1	82	0.085649
14000	0.1	79	0.085753
14000	0.1	74	0.085057
14000	0.1	78	0.08563
14000	0.1	76	0.085474
14000	0.1	83	0.085713
14000	0.1	80	0.086403
14000	0.1	77	0.086416
14000	0.1	79	0.085541
14000	0.1	77	0.086564
14000	0.1	80	0.086057
14000	0.1	78	0.147181
14000	0.1	77	0.086079
14000	0.1	80	0.085233
14000	0.1	75	0.085556
14000	0.1	78	0.086242
14000	0.1	80	0.08501
14000	0.1	78	0.085987
14000	0.1	80	0.085634
14000	0.1	81	0.086108
14000	0.1	79	0.085931
14000	0.1	81	0.085824
14000	0.1	77	0.087053
14000	0.1	81	0.086707

15000	0.1	79	0.095522
15000	0.1	80	0.093903
15000	0.1	83	0.093424
15000	0.1	81	0.094007
15000	0.1	81	0.092906
15000	0.1	78	0.093675
15000	0.1	78	0.093964
15000	0.1	79	0.161196
15000	0.1	83	0.093213
15000	0.1	79	0.09358
15000	0.1	77	0.092104
15000	0.1	77	0.092418
15000	0.1	76	0.092788
15000	0.1	79	0.093662
15000	0.1	77	0.093179
15000	0.1	78	0.094211
15000	0.1	79	0.093195
15000	0.1	78	0.092837
15000	0.1	80	0.093643
15000	0.1	77	0.092573
15000	0.1	75	0.093793
15000	0.1	80	0.096151
15000	0.1	80	0.093259
15000	0.1	79	0.153807
15000	0.1	78	0.092876
15000	0.1	79	0.093288
15000	0.1	75	0.094532
15000	0.1	81	0.093545
15000	0.1	78	0.092937
15000	0.1	80	0.095721

16000	0.1	78	0.168428
16000	0.1	78	0.100649
16000	0.1	74	0.101041
16000	0.1	83	0.100905
16000	0.1	78	0.100317
16000	0.1	78	0.100413
16000	0.1	79	0.100259
16000	0.1	78	0.102307
16000	0.1	82	0.10046
16000	0.1	75	0.101856
16000	0.1	76	0.099693
16000	0.1	79	0.101628
16000	0.1	79	0.103104
16000	0.1	79	0.101208
16000	0.1	77	0.100037
16000	0.1	75	0.101522
16000	0.1	82	0.100555
16000	0.1	77	0.100553
16000	0.1	77	0.100607
16000	0.1	79	0.099926
16000	0.1	81	0.101637
16000	0.1	79	0.10032
16000	0.1	80	0.101322
16000	0.1	78	0.102582
16000	0.1	80	0.099894
16000	0.1	79	0.100559
16000	0.1	78	0.168529
16000	0.1	78	0.101517
16000	0.1	81	0.100403
16000	0.1	79	0.102012

17000	0.1	84	0.124717
17000	0.1	79	0.109042
17000	0.1	80	0.108152
17000	0.1	78	0.108691
17000	0.1	77	0.108128
17000	0.1	80	0.108714
17000	0.1	82	0.108788
17000	0.1	78	0.110347
17000	0.1	79	0.107352
17000	0.1	80	0.10935
17000	0.1	80	0.107492
17000	0.1	78	0.10825
17000	0.1	75	0.109306
17000	0.1	81	0.108408
17000	0.1	78	0.109941
17000	0.1	79	0.109134
17000	0.1	82	0.110707
17000	0.1	81	0.108153
17000	0.1	78	0.108672
17000	0.1	79	0.108784
17000	0.1	78	0.108237
17000	0.1	78	0.108344
17000	0.1	78	0.109556
17000	0.1	83	0.108197
17000	0.1	78	0.107578
17000	0.1	82	0.108597
17000	0.1	78	0.107969
17000	0.1	74	0.108078
17000	0.1	77	0.175614
17000	0.1	79	0.109499

18000	0.1	81	0.11514
18000	0.1	81	0.116176
18000	0.1	79	0.116448
18000	0.1	80	0.115379
18000	0.1	77	0.115651
18000	0.1	82	0.119488
18000	0.1	80	0.115601
18000	0.1	81	0.11785
18000	0.1	77	0.116054
18000	0.1	77	0.117162
18000	0.1	81	0.11491
18000	0.1	81	0.115963
18000	0.1	78	0.116654
18000	0.1	79	0.184592
18000	0.1	80	0.116854
18000	0.1	78	0.116655
18000	0.1	79	0.116312
18000	0.1	80	0.115283
18000	0.1	77	0.116419
18000	0.1	78	0.117182
18000	0.1	80	0.116199
18000	0.1	79	0.116097
18000	0.1	80	0.115829
18000	0.1	81	0.11589
18000	0.1	81	0.117075
18000	0.1	82	0.116467
18000	0.1	81	0.115961
18000	0.1	74	0.11806
18000	0.1	79	0.115457
18000	0.1	81	0.117771

19000	0.1	77	0.125026
19000	0.1	74	0.123237
19000	0.1	78	0.124714
19000	0.1	78	0.124162
19000	0.1	81	0.12428
19000	0.1	77	0.124578
19000	0.1	80	0.123845
19000	0.1	80	0.124632
19000	0.1	78	0.123196
19000	0.1	78	0.12501
19000	0.1	75	0.123407
19000	0.1	76	0.184746
19000	0.1	79	0.124567
19000	0.1	77	0.123835
19000	0.1	79	0.125755
19000	0.1	76	0.124083
19000	0.1	78	0.124003
19000	0.1	80	0.123548
19000	0.1	80	0.124828
19000	0.1	82	0.123811
19000	0.1	78	0.124156
19000	0.1	78	0.1254
19000	0.1	80	0.125514
19000	0.1	78	0.124223
19000	0.1	81	0.127109
19000	0.1	80	0.124559
19000	0.1	80	0.12293
19000	0.1	79	0.124495
19000	0.1	82	0.123481
19000	0.1	79	0.180316

20000	0.1	77	0.138175
20000	0.1	84	0.132349
20000	0.1	82	0.135002
20000	0.1	77	0.132802
20000	0.1	78	0.131446
20000	0.1	78	0.201229
20000	0.1	79	0.132131
20000	0.1	80	0.162139
20000	0.1	81	0.13424
20000	0.1	77	0.135435
20000	0.1	81	0.132211
20000	0.1	80	0.132692
20000	0.1	77	0.200138
20000	0.1	80	0.132337
20000	0.1	78	0.137298
20000	0.1	78	0.132383
20000	0.1	84	0.131425
20000	0.1	77	0.136208
20000	0.1	75	0.131566
20000	0.1	80	0.131794
20000	0.1	81	0.199657
20000	0.1	73	0.131465
20000	0.1	82	0.13448
20000	0.1	78	0.132258
20000	0.1	79	0.133194
20000	0.1	80	0.132489
20000	0.1	80	0.136279
20000	0.1	78	0.132141
20000	0.1	83	0.198863
20000	0.1	78	0.13374

21000	0.1	79	0.142409
21000	0.1	80	0.142888
21000	0.1	78	0.140769
21000	0.1	81	0.140918
21000	0.1	77	0.141443
21000	0.1	79	0.143724
21000	0.1	83	0.139801
21000	0.1	83	0.142242
21000	0.1	80	0.142288
21000	0.1	74	0.140694
21000	0.1	78	0.139771
21000	0.1	78	0.140032
21000	0.1	80	0.140211
21000	0.1	79	0.209116
21000	0.1	85	0.141545
21000	0.1	83	0.140721
21000	0.1	80	0.139859
21000	0.1	78	0.142922
21000	0.1	77	0.141292
21000	0.1	79	0.140108
21000	0.1	76	0.191369
21000	0.1	80	0.139654
21000	0.1	78	0.141571
21000	0.1	78	0.138959
21000	0.1	78	0.140616
21000	0.1	81	0.142091
21000	0.1	79	0.139389
21000	0.1	79	0.140654
21000	0.1	78	0.139376
21000	0.1	82	0.142172

22000	0.1	77	0.150027
22000	0.1	82	0.149311
22000	0.1	80	0.148962
22000	0.1	81	0.15077
22000	0.1	79	0.150104
22000	0.1	78	0.148015
22000	0.1	80	0.148286
22000	0.1	81	0.149313
22000	0.1	79	0.151051
22000	0.1	78	0.149256
22000	0.1	82	0.148132
22000	0.1	78	0.15113
22000	0.1	78	0.151638
22000	0.1	81	0.148357
22000	0.1	79	0.149416
22000	0.1	78	0.149256
22000	0.1	80	0.150581
22000	0.1	82	0.152207
22000	0.1	82	0.150583
22000	0.1	79	0.147844
22000	0.1	81	0.149014
22000	0.1	76	0.147952
22000	0.1	78	0.149542
22000	0.1	83	0.147631
22000	0.1	79	0.147878
22000	0.1	76	0.149172
22000	0.1	78	0.14836
22000	0.1	78	0.152433
22000	0.1	79	0.14853
22000	0.1	82	0.150535

23000	0.1	78	0.171918
23000	0.1	81	0.158813
23000	0.1	77	0.156987
23000	0.1	79	0.158037
23000	0.1	82	0.160621
23000	0.1	76	0.15792
23000	0.1	80	0.157292
23000	0.1	79	0.226803
23000	0.1	81	0.157751
23000	0.1	79	0.227235
23000	0.1	79	0.156665
23000	0.1	81	0.210709
23000	0.1	82	0.157788
23000	0.1	82	0.225118
23000	0.1	81	0.157334
23000	0.1	79	0.161085
23000	0.1	78	0.157294
23000	0.1	80	0.175376
23000	0.1	83	0.157874
23000	0.1	86	0.17692
23000	0.1	79	0.157855
23000	0.1	80	0.160214
23000	0.1	81	0.158674
23000	0.1	81	0.157484
23000	0.1	81	0.156508
23000	0.1	85	0.226303
23000	0.1	82	0.157014
23000	0.1	82	0.156876
23000	0.1	78	0.156383
23000	0.1	82	0.158949

24000	0.1	79	0.16543
24000	0.1	79	0.169041
24000	0.1	80	0.166033
24000	0.1	81	0.16576
24000	0.1	80	0.165413
24000	0.1	79	0.166332
24000	0.1	78	0.164618
24000	0.1	83	0.188244
24000	0.1	74	0.165442
24000	0.1	80	0.166181
24000	0.1	74	0.165224
24000	0.1	81	0.166601
24000	0.1	81	0.168515
24000	0.1	78	0.165522
24000	0.1	76	0.16497
24000	0.1	79	0.234614
24000	0.1	82	0.167555
24000	0.1	77	0.16515
24000	0.1	79	0.16559
24000	0.1	75	0.165555
24000	0.1	80	0.194474
24000	0.1	80	0.165681
24000	0.1	82	0.234193
24000	0.1	79	0.165319
24000	0.1	81	0.164447
24000	0.1	79	0.164885
24000	0.1	74	0.16647
24000	0.1	80	0.23576
24000	0.1	79	0.165571
24000	0.1	80	0.166484

25000	0.1	78	0.1771
25000	0.1	84	0.177028
25000	0.1	82	0.241832
25000	0.1	81	0.174749
25000	0.1	83	0.174103
25000	0.1	78	0.175084
25000	0.1	82	0.173923
25000	0.1	77	0.18694
25000	0.1	76	0.241806
25000	0.1	81	0.2432
25000	0.1	80	0.175946
25000	0.1	79	0.174198
25000	0.1	78	0.176052
25000	0.1	82	0.242635
25000	0.1	78	0.17542
25000	0.1	81	0.177713
25000	0.1	81	0.17364
25000	0.1	82	0.173092
25000	0.1	77	0.174593
25000	0.1	80	0.174674
25000	0.1	80	0.174752
25000	0.1	82	0.176106
25000	0.1	82	0.174313
25000	0.1	75	0.242186
25000	0.1	77	0.173733
25000	0.1	81	0.176056
25000	0.1	78	0.174744
25000	0.1	78	0.202669
25000	0.1	83	0.173678
25000	0.1	80	0.175616

26000	0.1	82	0.251115
26000	0.1	80	0.18304
26000	0.1	81	0.183196
26000	0.1	77	0.185894
26000	0.1	78	0.182152
26000	0.1	78	0.182441
26000	0.1	71	0.184806
26000	0.1	77	0.250216
26000	0.1	81	0.183648
26000	0.1	79	0.183623
26000	0.1	81	0.239452
26000	0.1	80	0.251611
26000	0.1	80	0.186183
26000	0.1	82	0.183734
26000	0.1	82	0.211588
26000	0.1	79	0.184267
26000	0.1	79	0.182373
26000	0.1	78	0.182681
26000	0.1	78	0.185673
26000	0.1	79	0.182378
26000	0.1	83	0.184044
26000	0.1	78	0.185613
26000	0.1	80	0.184054
26000	0.1	78	0.184542
26000	0.1	81	0.182359
26000	0.1	83	0.18441
26000	0.1	78	0.251508
26000	0.1	80	0.182108
26000	0.1	80	0.182706
26000	0.1	83	0.182965

27000	0.1	80	0.19186
27000	0.1	81	0.19181
27000	0.1	77	0.191251
27000	0.1	79	0.192468
27000	0.1	81	0.190519
27000	0.1	81	0.258514
27000	0.1	76	0.191406
27000	0.1	77	0.193785
27000	0.1	78	0.19188
27000	0.1	78	0.19555
27000	0.1	77	0.193053
27000	0.1	79	0.192159
27000	0.1	81	0.19376
27000	0.1	79	0.193326
27000	0.1	79	0.195128
27000	0.1	84	0.258617
27000	0.1	79	0.19101
27000	0.1	82	0.259691
27000	0.1	78	0.191662
27000	0.1	82	0.190586
27000	0.1	79	0.193714
27000	0.1	79	0.192208
27000	0.1	79	0.198509
27000	0.1	83	0.191084
27000	0.1	76	0.193974
27000	0.1	81	0.196601
27000	0.1	75	0.258717
27000	0.1	80	0.191219
27000	0.1	78	0.192256
27000	0.1	78	0.192828

28000	0.1	78	0.204209
28000	0.1	81	0.20062
28000	0.1	84	0.270089
28000	0.1	83	0.20117
28000	0.1	78	0.198844
28000	0.1	78	0.201493
28000	0.1	80	0.203493
28000	0.1	78	0.268754
28000	0.1	79	0.201682
28000	0.1	83	0.203181
28000	0.1	80	0.202079
28000	0.1	80	0.261437
28000	0.1	80	0.20073
28000	0.1	80	0.202612
28000	0.1	79	0.268171
28000	0.1	76	0.202891
28000	0.1	79	0.20046
28000	0.1	80	0.200609
28000	0.1	81	0.202177
28000	0.1	81	0.201765
28000	0.1	79	0.203045
28000	0.1	77	0.202972
28000	0.1	79	0.204041
28000	0.1	77	0.199179
28000	0.1	79	0.200026
28000	0.1	78	0.203563
28000	0.1	78	0.200151
28000	0.1	77	0.20125
28000	0.1	82	0.200746
28000	0.1	81	0.230059

29000	0.1	81	0.210192
29000	0.1	81	0.279814
29000	0.1	77	0.276994
29000	0.1	79	0.211606
29000	0.1	81	0.2788
29000	0.1	76	0.208563
29000	0.1	79	0.210462
29000	0.1	80	0.208979
29000	0.1	81	0.210976
29000	0.1	81	0.280724
29000	0.1	79	0.209732
29000	0.1	80	0.210499
29000	0.1	81	0.209023
29000	0.1	81	0.209423
29000	0.1	77	0.230558
29000	0.1	81	0.209812
29000	0.1	84	0.210068
29000	0.1	82	0.256672
29000	0.1	80	0.211372
29000	0.1	80	0.211142
29000	0.1	79	0.214145
29000	0.1	77	0.238499
29000	0.1	78	0.20826
29000	0.1	83	0.279758
29000	0.1	85	0.209992
29000	0.1	83	0.210719
29000	0.1	78	0.283349
29000	0.1	79	0.277609
29000	0.1	78	0.278207
29000	0.1	80	0.276742

30000	0.1	82	0.221026
30000	0.1	81	0.220577
30000	0.1	80	0.220054
30000	0.1	79	0.220757
30000	0.1	83	0.221129
30000	0.1	80	0.217803
30000	0.1	79	0.221707
30000	0.1	81	0.220417
30000	0.1	83	0.273342
30000	0.1	77	0.221804
30000	0.1	86	0.218692
30000	0.1	80	0.220027
30000	0.1	81	0.218921
30000	0.1	81	0.23513
30000	0.1	79	0.222478
30000	0.1	82	0.218595
30000	0.1	81	0.218776
30000	0.1	77	0.221426
30000	0.1	80	0.219739
30000	0.1	80	0.221464
30000	0.1	82	0.221586
30000	0.1	77	0.222445
30000	0.1	78	0.218169
30000	0.1	79	0.217727
30000	0.1	78	0.219819
30000	0.1	82	0.287863
30000	0.1	77	0.220425
30000	0.1	76	0.289175
30000	0.1	81	0.286741
30000	0.1	77	0.219983

