10000	0.1	81	0.547035
10000	0.1	82	0.484479
10000	0.1	81	0.493624
10000	0.1	76	0.494428
10000	0.1	76	0.488538
10000	0.1	80	0.501549
10000	0.1	82	0.481827
10000	0.1	78	0.483799
10000	0.1	78	0.506369
10000	0.1	80	0.511061
10000	0.1	79	0.490258
10000	0.1	81	0.506689
10000	0.1	80	0.550445
10000	0.1	79	0.487463
10000	0.1	78	0.472662
10000	0.1	80	0.519576
10000	0.1	80	0.528663
10000	0.1	82	0.497353
10000	0.1	80	0.481187
10000	0.1	78	0.512222
10000	0.1	75	0.472579
10000	0.1	78	0.481376
10000	0.1	80	0.506901
10000	0.1	75	0.476321
10000	0.1	76	0.514846
10000	0.1	80	0.516180
10000	0.1	75	0.480054
10000	0.1	80	0.498330
10000	0.1	76	0.481550
10000	0.1	77	0.507887

10000	0.15	38	0.629202
10000	0.15	40	0.659002
10000	0.15	39	0.660415
10000	0.15	40	0.676292
10000	0.15	42	0.775558
10000	0.15	43	0.681348
10000	0.15	36	0.696723
10000	0.15	40	0.638212
10000	0.15	40	0.659796
10000	0.15	40	0.714623
10000	0.15	38	0.626246
10000	0.15	37	0.636178
10000	0.15	38	0.648548
10000	0.15	37	0.610684
10000	0.15	39	0.645489
10000	0.15	41	0.620703
10000	0.15	41	0.646847
10000	0.15	39	0.618600
10000	0.15	39	0.625547
10000	0.15	37	0.619180
10000	0.15	39	0.649066
10000	0.15	37	0.629302
10000	0.15	40	0.628993
10000	0.15	37	0.626639
10000	0.15	38	0.628868
10000	0.15	36	0.632570
10000	0.15	39	0.638922
10000	0.15	41	0.619063
10000	0.15	38	0.654836
10000	0.15	38	0.654467

10000	0.2	24	0.856899
10000	0.2	22	0.805686
10000	0.2	23	0.810234
10000	0.2	25	0.805184
10000	0.2	24	0.830813
10000	0.2	22	0.823610
10000	0.2	24	0.832827
10000	0.2	24	0.822092
10000	0.2	23	0.828481
10000	0.2	24	0.887659
10000	0.2	24	0.847746
10000	0.2	24	0.821464
10000	0.2	25	0.799265
10000	0.2	24	0.830279
10000	0.2	23	0.812152
10000	0.2	25	0.818399
10000	0.2	24	0.845951
10000	0.2	22	0.821709
10000	0.2	21	0.815004
10000	0.2	24	0.811252
10000	0.2	22	0.857449
10000	0.2	25	0.819479
10000	0.2	23	0.827293
10000	0.2	25	0.815243
10000	0.2	24	0.888453
10000	0.2	23	0.811140
10000	0.2	23	0.867216
10000	0.2	24	0.822433
10000	0.2	24	0.842251
10000	0.2	24	0.885404

10000	0.25	16	1.083798
10000	0.25	18	1.045594
10000	0.25	18	1.062669
10000	0.25	18	1.067022
10000	0.25	17	1.096671
10000	0.25	17	1.104024
10000	0.25	18	1.139535
10000	0.25	17	1.082551
10000	0.25	18	1.087594
10000	0.25	17	1.087946
10000	0.25	19	1.131896
10000	0.25	16	1.093639
10000	0.25	17	1.115227
10000	0.25	18	1.082580
10000	0.25	17	1.133706
10000	0.25	18	1.169023
10000	0.25	16	1.096763
10000	0.25	17	1.109825
10000	0.25	17	1.095569
10000	0.25	18	1.204573
10000	0.25	17	1.185142
10000	0.25	18	1.171095
10000	0.25	17	1.119495
10000	0.25	19	1.112439
10000	0.25	18	1.109134
10000	0.25	18	1.127314
10000	0.25	18	1.127732
10000	0.25	18	1.217504
10000	0.25	16	1.068398
10000	0.25	18	1.123961

10000	0.3	13	1.588218
10000	0.3	12	1.397599
10000	0.3	12	1.381041
10000	0.3	13	1.417017
10000	0.3	13	1.380850
10000	0.3	12	1.447726
10000	0.3	12	1.504911
10000	0.3	12	1.349326
10000	0.3	14	1.468442
10000	0.3	12	1.339822
10000	0.3	12	1.433846
10000	0.3	12	1.343132
10000	0.3	12	1.327684
10000	0.3	12	1.429130
10000	0.3	13	1.361633
10000	0.3	12	1.351787
10000	0.3	12	1.320285
10000	0.3	12	1.315224
10000	0.3	13	1.351727
10000	0.3	12	1.355963
10000	0.3	12	1.364096
10000	0.3	12	1.339440
10000	0.3	13	1.346412
10000	0.3	12	1.319752
10000	0.3	12	1.320938
10000	0.3	13	1.354436
10000	0.3	14	1.349462
10000	0.3	12	1.357875
10000	0.3	12	1.363216
10000	0.3	13	1.366064

10000	0.35	11	1.622770
10000	0.35	10	1.638135
10000	0.35	8	1.640504
10000	0.35	9	1.816736
10000	0.35	10	1.732403
10000	0.35	10	1.607091
10000	0.35	10	1.688690
10000	0.35	9	1.633056
10000	0.35	11	1.628400
10000	0.35	10	1.637821
10000	0.35	9	1.845282
10000	0.35	11	1.642289
10000	0.35	9	1.608191
10000	0.35	10	1.649779
10000	0.35	10	1.663469
10000	0.35	10	1.634675
10000	0.35	11	1.637500
10000	0.35	9	1.641039
10000	0.35	10	1.626101
10000	0.35	11	1.652157
10000	0.35	11	1.673390
10000	0.35	12	1.644170
10000	0.35	12	1.624955
10000	0.35	11	1.634617
10000	0.35	11	1.622147
10000	0.35	10	1.640634
10000	0.35	10	1.642917
10000	0.35	12	1.631745
10000	0.35	9	1.619078
10000	0.35	11	1.702951

10000	0.4	7	1.896729
10000	0.4	7	2.124379
10000	0.4	7	2.206988
10000	0.4	7	2.022607
10000	0.4	7	1.933263
10000	0.4	7	2.012427
10000	0.4	7	2.023674
10000	0.4	7	2.022372
10000	0.4	7	1.946182
10000	0.4	7	2.176045
10000	0.4	7	1.945529
10000	0.4	7	1.986649
10000	0.4	7	2.048042
10000	0.4	7	1.989957
10000	0.4	7	1.964227
10000	0.4	6	2.046532
10000	0.4	7	2.122526
10000	0.4	8	2.201928
10000	0.4	7	2.011797
10000	0.4	8	1.914722
10000	0.4	7	1.966896
10000	0.4	8	2.143362
10000	0.4	7	2.082916
10000	0.4	7	1.927684
10000	0.4	7	1.956632
10000	0.4	7	1.930083
10000	0.4	8	1.932219
10000	0.4	7	1.920692
10000	0.4	7	1.983201
10000	0.4	7	2.023935

10000	0.45	5	2.272111
10000	0.45	5	2.272690
10000	0.45	7	2.390090
10000	0.45	7	2.308896
10000	0.45	5	2.295935
10000	0.45	7	2.363587
10000	0.45	7	2.457321
10000	0.45	6	2.330993
10000	0.45	7	2.349038
10000	0.45	6	2.806253
10000	0.45	6	2.302667
10000	0.45	6	2.505523
10000	0.45	6	2.324344
10000	0.45	6	2.427363
10000	0.45	7	2.391234
10000	0.45	7	2.380907
10000	0.45	6	2.328206
10000	0.45	5	2.275441
10000	0.45	7	2.303274
10000	0.45	6	2.437073
10000	0.45	6	2.288243
10000	0.45	6	2.265183
10000	0.45	8	2.255674
10000	0.45	5	2.272371
10000	0.45	5	2.308957
10000	0.45	8	2.274153
10000	0.45	7	2.369689
10000	0.45	8	2.560060
10000	0.45	6	2.310376
10000	0.45	6	2.431539

10000	0.5	6	2.963132
10000	0.5	7	2.539366
10000	0.5	6	2.596756
10000	0.5	6	2.888862
10000	0.5	6	2.736884
10000	0.5	6	2.669612
10000	0.5	6	2.519178
10000	0.5	6	2.762301
10000	0.5	6	2.596678
10000	0.5	6	2.648988
10000	0.5	6	2.535980
10000	0.5	6	2.508908
10000	0.5	6	2.526236
10000	0.5	6	2.523623
10000	0.5	6	2.607537
10000	0.5	6	2.565452
10000	0.5	6	2.845862
10000	0.5	6	2.581794
10000	0.5	6	2.649214
10000	0.5	6	2.744050
10000	0.5	5	2.799005
10000	0.5	5	3.034551
10000	0.5	6	3.119706
10000	0.5	6	3.438630
10000	0.5	6	3.025895
10000	0.5	6	2.808491
10000	0.5	6	2.711786
10000	0.5	6	2.785899
10000	0.5	6	2.672758
10000	0.5	6	2.700865

