1000	0.2	22	0.007012
1000	0.2	22	0.007468
1000	0.2	21	0.007018
1000	0.2	24	0.007216
1000	0.2	23	0.007182
1000	0.2	22	0.007666
1000	0.2	22	0.007331
1000	0.2	22	0.006998
1000	0.2	20	0.007179
1000	0.2	22	0.007275
1000	0.2	23	0.007034
1000	0.2	22	0.007212
1000	0.2	22	0.006993
1000	0.2	23	0.007138
1000	0.2	21	0.007129
1000	0.2	22	0.007068
1000	0.2	22	0.007098
1000	0.2	23	0.007108
1000	0.2	22	0.007156
1000	0.2	23	0.007114
1000	0.2	21	0.007548
1000	0.2	21	0.007124
1000	0.2	22	0.023359
1000	0.2	20	0.007229
1000	0.2	22	0.007126
1000	0.2	22	0.00697
1000	0.2	22	0.007126
1000	0.2	22	0.007278
1000	0.2	24	0.007137
1000	0.2	21	0.007183

2000	0.2	23	0.023423
2000	0.2	24	0.023504
2000	0.2	23	0.023679
2000	0.2	24	0.024224
2000	0.2	22	0.041947
2000	0.2	25	0.024136
2000	0.2	23	0.025339
2000	0.2	24	0.024163
2000	0.2	22	0.045564
2000	0.2	23	0.024153
2000	0.2	22	0.02343
2000	0.2	25	0.024128
2000	0.2	23	0.02327
2000	0.2	24	0.023794
2000	0.2	22	0.023647
2000	0.2	23	0.02398
2000	0.2	23	0.023822
2000	0.2	23	0.023915
2000	0.2	24	0.02422
2000	0.2	22	0.023525
2000	0.2	24	0.024958
2000	0.2	22	0.02417
2000	0.2	24	0.023633
2000	0.2	24	0.023927
2000	0.2	23	0.02391
2000	0.2	24	0.023741
2000	0.2	23	0.023998
2000	0.2	21	0.024072
2000	0.2	25	0.023924
2000	0.2	24	0.024825

3000	0.2	22	0.048902
3000	0.2	25	0.049044
3000	0.2	22	0.049552
3000	0.2	26	0.049731
3000	0.2	26	0.049482
3000	0.2	22	0.049505
3000	0.2	23	0.05009
3000	0.2	23	0.049332
3000	0.2	24	0.050033
3000	0.2	23	0.051649
3000	0.2	24	0.1144
3000	0.2	23	0.049288
3000	0.2	24	0.049073
3000	0.2	24	0.048987
3000	0.2	25	0.049685
3000	0.2	22	0.049543
3000	0.2	24	0.050272
3000	0.2	22	0.051155
3000	0.2	24	0.049156
3000	0.2	24	0.049174
3000	0.2	25	0.048738
3000	0.2	24	0.0495
3000	0.2	24	0.049405
3000	0.2	25	0.049604
3000	0.2	24	0.04999
3000	0.2	26	0.048441
3000	0.2	25	0.050959
3000	0.2	23	0.051474
3000	0.2	23	0.049676
3000	0.2	25	0.049313

4000	0.2	23	0.082266
4000	0.2	24	0.083186
4000	0.2	23	0.083495
4000	0.2	24	0.085446
4000	0.2	25	0.084386
4000	0.2	23	0.083699
4000	0.2	24	0.084177
4000	0.2	25	0.091861
4000	0.2	24	0.084476
4000	0.2	24	0.086699
4000	0.2	23	0.083313
4000	0.2	24	0.084751
4000	0.2	23	0.083646
4000	0.2	25	0.084054
4000	0.2	23	0.085657
4000	0.2	24	0.085616
4000	0.2	23	0.083808
4000	0.2	24	0.083733
4000	0.2	23	0.083276
4000	0.2	24	0.083581
4000	0.2	24	0.082985
4000	0.2	26	0.084741
4000	0.2	23	0.082652
4000	0.2	24	0.08448
4000	0.2	24	0.084484
4000	0.2	24	0.082624
4000	0.2	20	0.085517
4000	0.2	24	0.085559
4000	0.2	24	0.083656
4000	0.2	23	0.08342

5000	0.2	23	0.189422
5000	0.2	25	0.151411
5000	0.2	25	0.129881
5000	0.2	26	0.129556
5000	0.2	26	0.128125
5000	0.2	25	0.127279
5000	0.2	23	0.128562
5000	0.2	23	0.12909
5000	0.2	24	0.128602
5000	0.2	24	0.129558
5000	0.2	24	0.127232
5000	0.2	26	0.128371
5000	0.2	22	0.12869
5000	0.2	27	0.129065
5000	0.2	25	0.12669
5000	0.2	25	0.127861
5000	0.2	27	0.127751
5000	0.2	22	0.130018
5000	0.2	23	0.127217
5000	0.2	25	0.130486
5000	0.2	24	0.129015
5000	0.2	24	0.129051
5000	0.2	25	0.126973
5000	0.2	25	0.130522
5000	0.2	23	0.199283
5000	0.2	23	0.127102
5000	0.2	24	0.130237
5000	0.2	25	0.129211
5000	0.2	23	0.127973
5000	0.2	22	0.128521

6000	0.2	25	0.181432
6000	0.2	24	0.179289
6000	0.2	23	0.179728
6000	0.2	25	0.180201
6000	0.2	23	0.179926
6000	0.2	23	0.18039
6000	0.2	26	0.17997
6000	0.2	26	0.178908
6000	0.2	28	0.184333
6000	0.2	26	0.181407
6000	0.2	25	0.177705
6000	0.2	26	0.179863
6000	0.2	22	0.178671
6000	0.2	25	0.17901
6000	0.2	25	0.189108
6000	0.2	25	0.181618
6000	0.2	23	0.180781
6000	0.2	24	0.178589
6000	0.2	25	0.178517
6000	0.2	26	0.183465
6000	0.2	24	0.177577
6000	0.2	26	0.181368
6000	0.2	26	0.180706
6000	0.2	26	0.179139
6000	0.2	26	0.180593
6000	0.2	25	0.17854
6000	0.2	23	0.184296
6000	0.2	24	0.181422
6000	0.2	24	0.246168
6000	0.2	25	0.180786

7000	0.2	24	0.237606
7000	0.2	25	0.240698
7000	0.2	24	0.242209
7000	0.2	29	0.241784
7000	0.2	24	0.240567
7000	0.2	24	0.24699
7000	0.2	26	0.241108
7000	0.2	24	0.240475
7000	0.2	24	0.246096
7000	0.2	25	0.244787
7000	0.2	24	0.255687
7000	0.2	26	0.251722
7000	0.2	24	0.248219
7000	0.2	25	0.246991
7000	0.2	24	0.243956
7000	0.2	25	0.26548
7000	0.2	25	0.241895
7000	0.2	25	0.248866
7000	0.2	25	0.24309
7000	0.2	26	0.243486
7000	0.2	24	0.240457
7000	0.2	23	0.284159
7000	0.2	25	0.239416
7000	0.2	24	0.239155
7000	0.2	24	0.247769
7000	0.2	26	0.240708
7000	0.2	23	0.244127
7000	0.2	26	0.254051
7000	0.2	23	0.249451
7000	0.2	25	0.245125

8000	0.2	25	0.375108
8000	0.2	25	0.315724
8000	0.2	25	0.313809
8000	0.2	26	0.31468
8000	0.2	25	0.38183
8000	0.2	24	0.379913
8000	0.2	25	0.327716
8000	0.2	25	0.325282
8000	0.2	24	0.340228
8000	0.2	25	0.368674
8000	0.2	24	0.309232
8000	0.2	26	0.321332
8000	0.2	22	0.306858
8000	0.2	24	0.352497
8000	0.2	24	0.313855
8000	0.2	27	0.317542
8000	0.2	24	0.314696
8000	0.2	24	0.309221
8000	0.2	25	0.310487
8000	0.2	25	0.308495
8000	0.2	24	0.346436
8000	0.2	25	0.337694
8000	0.2	23	0.314664
8000	0.2	25	0.317039
8000	0.2	24	0.335324
8000	0.2	26	0.329056
8000	0.2	26	0.325941
8000	0.2	23	0.317782
8000	0.2	26	0.308872
8000	0.2	25	0.310679

9000	0.2	24	0.383787
9000	0.2	25	0.387499
9000	0.2	25	0.432952
9000	0.2	28	0.392199
9000	0.2	25	0.389657
9000	0.2	24	0.397532
9000	0.2	24	0.404579
9000	0.2	25	0.390799
9000	0.2	26	0.402005
9000	0.2	24	0.425667
9000	0.2	24	0.477703
9000	0.2	26	0.430791
9000	0.2	25	0.418318
9000	0.2	25	0.405191
9000	0.2	25	0.411839
9000	0.2	26	0.397702
9000	0.2	28	0.41113
9000	0.2	23	0.406075
9000	0.2	25	0.391019
9000	0.2	25	0.396704
9000	0.2	25	0.391377
9000	0.2	26	0.397598
9000	0.2	24	0.389189
9000	0.2	23	0.392083
9000	0.2	27	0.39716
9000	0.2	25	0.385684
9000	0.2	23	0.390912
9000	0.2	23	0.404226
9000	0.2	26	0.391969
9000	0.2	22	0.398259

10000	0.2	23	0.472732
10000	0.2	24	0.481629
10000	0.2	24	0.503064
10000	0.2	26	0.486696
10000	0.2	27	0.478955
10000	0.2	26	0.486294
10000	0.2	27	0.476671
10000	0.2	25	0.499363
10000	0.2	25	0.502732
10000	0.2	27	0.570222
10000	0.2	26	0.559863
10000	0.2	26	0.537845
10000	0.2	23	0.548337
10000	0.2	26	0.498862
10000	0.2	24	0.492009
10000	0.2	25	0.537394
10000	0.2	25	0.516304
10000	0.2	23	0.478904
10000	0.2	25	0.478929
10000	0.2	25	0.476889
10000	0.2	24	0.474093
10000	0.2	25	0.477855
10000	0.2	25	0.557334
10000	0.2	25	0.475583
10000	0.2	26	0.475001
10000	0.2	26	0.473555
10000	0.2	25	0.570641
10000	0.2	26	0.486082
10000	0.2	25	0.4761
10000	0.2	24	0.480341

11000	0.2	23	0.578644
11000	0.2	25	0.586672
11000	0.2	25	0.718769
11000	0.2	24	0.682269
11000	0.2	26	0.639196
11000	0.2	24	0.578492
11000	0.2	26	0.573045
11000	0.2	26	0.57077
11000	0.2	26	0.571361
11000	0.2	26	0.576118
11000	0.2	27	0.64942
11000	0.2	24	0.582695
11000	0.2	22	0.602758
11000	0.2	26	0.574038
11000	0.2	23	0.583391
11000	0.2	26	0.579804
11000	0.2	26	0.578649
11000	0.2	25	0.643011
11000	0.2	24	0.594515
11000	0.2	26	0.659512
11000	0.2	25	0.579105
11000	0.2	25	0.58991
11000	0.2	24	0.602579
11000	0.2	23	0.599192
11000	0.2	25	0.581134
11000	0.2	27	0.577016
11000	0.2	23	0.603332
11000	0.2	27	0.579924
11000	0.2	27	0.596932
11000	0.2	24	0.624353

12000	0.2	24	0.673841
12000	0.2	25	0.679274
12000	0.2	24	0.701483
12000	0.2	25	0.75108
12000	0.2	27	0.683605
12000	0.2	26	0.676954
12000	0.2	25	0.695385
12000	0.2	27	0.724227
12000	0.2	26	0.740859
12000	0.2	27	0.691721
12000	0.2	25	0.73731
12000	0.2	26	0.682384
12000	0.2	24	0.686018
12000	0.2	27	0.682273
12000	0.2	25	0.670249
12000	0.2	25	0.676551
12000	0.2	27	0.711325
12000	0.2	23	0.686349
12000	0.2	24	0.684193
12000	0.2	25	0.696119
12000	0.2	24	0.667941
12000	0.2	25	0.724584
12000	0.2	26	0.706847
12000	0.2	26	0.680687
12000	0.2	26	0.753748
12000	0.2	27	0.687688
12000	0.2	24	0.822407
12000	0.2	27	0.718334
12000	0.2	26	0.674013
12000	0.2	25	0.749976

13000	0.2	24	0.860382
13000	0.2	25	0.787912
13000	0.2	24	0.79216
13000	0.2	26	0.792516
13000	0.2	27	0.799542
13000	0.2	26	0.793607
13000	0.2	25	0.79679
13000	0.2	25	0.78379
13000	0.2	27	0.788698
13000	0.2	28	0.870183
13000	0.2	28	0.793028
13000	0.2	26	0.807867
13000	0.2	26	0.794972
13000	0.2	27	0.859204
13000	0.2	26	0.824749
13000	0.2	26	0.877992
13000	0.2	26	0.901742
13000	0.2	24	0.810091
13000	0.2	25	0.816003
13000	0.2	26	0.80045
13000	0.2	25	0.803876
13000	0.2	26	0.888114
13000	0.2	23	0.914704
13000	0.2	23	0.82426
13000	0.2	26	0.801551
13000	0.2	25	0.807857
13000	0.2	24	0.814747
13000	0.2	26	0.814725
13000	0.2	27	0.791822
13000	0.2	26	0.791424

14000	0.2	23	0.972378
14000	0.2	26	0.920231
14000	0.2	24	0.916624
14000	0.2	25	0.914432
14000	0.2	27	0.914117
14000	0.2	28	0.92239
14000	0.2	25	0.953838
14000	0.2	27	0.923955
14000	0.2	23	0.933181
14000	0.2	26	0.937359
14000	0.2	27	0.922758
14000	0.2	25	0.949707
14000	0.2	26	0.917385
14000	0.2	26	0.932668
14000	0.2	26	0.917054
14000	0.2	26	0.930833
14000	0.2	25	0.976288
14000	0.2	25	0.92953
14000	0.2	25	0.91197
14000	0.2	25	0.920354
14000	0.2	25	0.913282
14000	0.2	25	0.980339
14000	0.2	26	0.949477
14000	0.2	25	0.978635
14000	0.2	26	0.978868
14000	0.2	25	0.912597
14000	0.2	25	0.928826
14000	0.2	24	0.945855
14000	0.2	24	0.927397
14000	0.2	25	0.914865

15000	0.2	25	1.11182
15000	0.2	25	1.06367
15000	0.2	26	1.05704
15000	0.2	26	1.09195
15000	0.2	27	1.05998
15000	0.2	25	1.0489
15000	0.2	27	1.05117
15000	0.2	25	1.04786
15000	0.2	23	1.0799
15000	0.2	25	1.05299
15000	0.2	25	1.04718
15000	0.2	25	1.05175
15000	0.2	25	1.09562
15000	0.2	27	1.11533
15000	0.2	27	1.03758
15000	0.2	27	1.10548
15000	0.2	26	1.04825
15000	0.2	24	1.05396
15000	0.2	23	1.05173
15000	0.2	24	1.1149
15000	0.2	25	1.07613
15000	0.2	24	1.03911
15000	0.2	25	1.04961
15000	0.2	25	1.09401
15000	0.2	26	1.13549
15000	0.2	27	1.19936
15000	0.2	25	1.23337
15000	0.2	24	1.28677
15000	0.2	24	1.09218
15000	0.2	26	1.13384

16000	0.2	25	1.18744
16000	0.2	27	1.24035
16000	0.2	25	1.23438
16000	0.2	26	1.24968
16000	0.2	27	1.23721
16000	0.2	24	1.21114
16000	0.2	26	1.2276
16000	0.2	27	1.19222
16000	0.2	25	1.18967
16000	0.2	26	1.26667
16000	0.2	28	1.21176
16000	0.2	24	1.22883
16000	0.2	22	1.23623
16000	0.2	28	1.26571
16000	0.2	24	1.2628
16000	0.2	25	1.20227
16000	0.2	24	1.22938
16000	0.2	25	1.21799
16000	0.2	24	1.23313
16000	0.2	25	1.21042
16000	0.2	26	1.17689
16000	0.2	24	1.2786
16000	0.2	24	1.27189
16000	0.2	25	1.26825
16000	0.2	24	1.74516
16000	0.2	27	1.25846
16000	0.2	26	1.25584
16000	0.2	25	1.28392
16000	0.2	24	1.26016
16000	0.2	25	1.25277

17000	0.2	25	1.41222
17000	0.2	24	1.59147
17000	0.2	24	1.33984
17000	0.2	25	1.33211
17000	0.2	26	1.34973
17000	0.2	25	1.33642
17000	0.2	26	1.34897
17000	0.2	26	1.39289
17000	0.2	25	1.33362
17000	0.2	26	1.33289
17000	0.2	24	1.32897
17000	0.2	26	1.33218
17000	0.2	23	1.32438
17000	0.2	27	1.33326
17000	0.2	25	1.32008
17000	0.2	26	1.33965
17000	0.2	26	1.32306
17000	0.2	23	1.32921
17000	0.2	24	1.41323
17000	0.2	25	1.39498
17000	0.2	26	1.32875
17000	0.2	24	1.33036
17000	0.2	25	1.33057
17000	0.2	24	1.333
17000	0.2	24	1.34421
17000	0.2	29	1.31876
17000	0.2	26	1.37674
17000	0.2	26	1.34455
17000	0.2	24	1.33958
17000	0.2	25	1.33275

18000	0.2	26	1.49684
18000	0.2	25	1.49409
18000	0.2	24	1.5024
18000	0.2	26	1.49348
18000	0.2	26	1.49941
18000	0.2	24	1.5062
18000	0.2	26	1.50395
18000	0.2	25	1.56509
18000	0.2	26	1.50082
18000	0.2	24	1.50333
18000	0.2	25	1.50385
18000	0.2	26	1.4989
18000	0.2	22	1.49092
18000	0.2	26	1.51585
18000	0.2	26	1.49199
18000	0.2	26	1.49548
18000	0.2	23	1.49871
18000	0.2	23	1.56579
18000	0.2	25	1.49127
18000	0.2	26	1.5015
18000	0.2	25	1.56459
18000	0.2	25	1.49708
18000	0.2	26	1.50515
18000	0.2	25	1.49784
18000	0.2	22	1.49354
18000	0.2	26	1.49211
18000	0.2	24	1.50493
18000	0.2	26	1.50744
18000	0.2	24	1.54856
18000	0.2	26	1.50577

19000	0.2	26	1.7247
19000	0.2	24	1.66621
19000	0.2	26	1.66842
19000	0.2	26	1.66564
19000	0.2	26	1.66756
19000	0.2	24	1.72078
19000	0.2	26	1.67291
19000	0.2	25	1.65623
19000	0.2	26	1.6631
19000	0.2	25	1.66361
19000	0.2	25	1.67006
19000	0.2	23	1.6812
19000	0.2	25	1.66591
19000	0.2	27	1.72253
19000	0.2	27	1.68616
19000	0.2	26	1.66227
19000	0.2	23	1.65407
19000	0.2	24	1.64593
19000	0.2	25	1.65429
19000	0.2	26	1.75087
19000	0.2	24	1.65773
19000	0.2	24	1.65577
19000	0.2	27	1.73286
19000	0.2	24	1.72163
19000	0.2	23	1.77162
19000	0.2	26	1.65531
19000	0.2	25	1.68214
19000	0.2	26	1.69293
19000	0.2	23	1.66017
19000	0.2	26	1.72872

20000	0.2	25	1.91123
20000	0.2	23	1.89428
20000	0.2	26	1.86919
20000	0.2	27	1.83615
20000	0.2	26	1.84424
20000	0.2	26	1.87421
20000	0.2	26	1.8955
20000	0.2	25	1.83542
20000	0.2	27	1.86429
20000	0.2	25	1.87324
20000	0.2	26	1.85291
20000	0.2	25	1.86338
20000	0.2	25	1.9114
20000	0.2	27	1.9923
20000	0.2	23	2.00566
20000	0.2	25	1.93528
20000	0.2	26	1.85993
20000	0.2	23	1.83958
20000	0.2	25	1.84075
20000	0.2	26	1.84224
20000	0.2	27	1.84983
20000	0.2	24	1.84211
20000	0.2	26	1.85423
20000	0.2	25	1.84022
20000	0.2	24	1.86243
20000	0.2	27	1.83562
20000	0.2	24	1.84833
20000	0.2	27	1.8571
20000	0.2	23	1.84143
20000	0.2	25	1.8478

21000	0.2	27	2.12624
21000	0.2	23	2.01992
21000	0.2	26	2.01703
21000	0.2	25	2.01212
21000	0.2	27	2.0239
21000	0.2	25	2.04861
21000	0.2	26	2.05384
21000	0.2	25	2.00993
21000	0.2	26	2.02874
21000	0.2	26	2.03291
21000	0.2	25	2.02741
21000	0.2	23	2.02907
21000	0.2	26	2.01457
21000	0.2	26	2.03475
21000	0.2	25	2.01396
21000	0.2	25	2.02645
21000	0.2	22	2.01552
21000	0.2	24	2.00774
21000	0.2	25	2.07705
21000	0.2	25	2.01178
21000	0.2	27	2.01618
21000	0.2	25	2.01463
21000	0.2	26	2.03472
21000	0.2	25	2.01206
21000	0.2	24	2.02014
21000	0.2	26	2.01041
21000	0.2	25	2.33708
21000	0.2	27	2.06272
21000	0.2	24	2.03383
21000	0.2	25	2.0349

22000	0.2	26	2.22441
22000	0.2	25	2.22053
22000	0.2	26	2.23336
22000	0.2	25	2.27848
22000	0.2	29	2.2213
22000	0.2	24	2.29553
22000	0.2	25	2.22225
22000	0.2	23	2.25965
22000	0.2	25	2.27859
22000	0.2	26	2.24909
22000	0.2	26	2.27381
22000	0.2	24	2.48409
22000	0.2	23	2.30069
22000	0.2	25	2.345
22000	0.2	23	2.25484
22000	0.2	25	2.23229
22000	0.2	24	2.23248
22000	0.2	25	2.24584
22000	0.2	26	2.22525
22000	0.2	25	2.22636
22000	0.2	28	2.24244
22000	0.2	26	2.22894
22000	0.2	25	2.23941
22000	0.2	26	2.5106
22000	0.2	24	2.43063
22000	0.2	27	2.22583
22000	0.2	26	2.34112
22000	0.2	26	2.26828
22000	0.2	24	2.21375
22000	0.2	27	2.27677

23000	0.2	27	2.41069
23000	0.2	23	2.41597
23000	0.2	27	2.40722
23000	0.2	26	2.40031
23000	0.2	29	2.40081
23000	0.2	26	2.4203
23000	0.2	25	2.41024
23000	0.2	23	2.40091
23000	0.2	28	2.41566
23000	0.2	25	2.4196
23000	0.2	24	2.39973
23000	0.2	25	2.41973
23000	0.2	24	2.39165
23000	0.2	27	2.49063
23000	0.2	24	2.4012
23000	0.2	27	2.41637
23000	0.2	24	2.40601
23000	0.2	23	2.90902
23000	0.2	25	2.61163
23000	0.2	26	3.2352
23000	0.2	26	2.85419
23000	0.2	25	2.52685
23000	0.2	27	2.45998
23000	0.2	25	2.44161
23000	0.2	25	2.42492
23000	0.2	27	2.42795
23000	0.2	25	2.44049
23000	0.2	24	2.44391
23000	0.2	26	2.48821
23000	0.2	24	2.48474

24000	0.2	26	2.71985
24000	0.2	23	2.93548
24000	0.2	26	2.69342
24000	0.2	24	2.62821
24000	0.2	27	2.65269
24000	0.2	26	2.74706
24000	0.2	24	2.64396
24000	0.2	23	2.74163
24000	0.2	28	2.66995
24000	0.2	25	2.68023
24000	0.2	23	2.66698
24000	0.2	24	2.73952
24000	0.2	25	2.68323
24000	0.2	24	2.68562
24000	0.2	24	2.62804
24000	0.2	27	2.68883
24000	0.2	24	2.64635
24000	0.2	25	2.63241
24000	0.2	25	2.64006
24000	0.2	24	2.63783
24000	0.2	25	2.64218
24000	0.2	26	2.64552
24000	0.2	27	2.66089
24000	0.2	25	2.6345
24000	0.2	24	2.63258
24000	0.2	27	2.65394
24000	0.2	24	2.75889
24000	0.2	26	2.68073
24000	0.2	26	2.62837
24000	0.2	26	2.70665

25000	0.2	24	2.95747
25000	0.2	24	2.86029
25000	0.2	24	2.9055
25000	0.2	26	2.93893
25000	0.2	28	2.932
25000	0.2	27	2.86412
25000	0.2	26	2.88402
25000	0.2	25	2.83487
25000	0.2	27	2.88676
25000	0.2	28	2.89219
25000	0.2	23	2.92586
25000	0.2	24	2.93333
25000	0.2	26	2.84544
25000	0.2	27	2.83903
25000	0.2	24	2.82818
25000	0.2	27	2.86419
25000	0.2	27	2.80461
25000	0.2	25	2.81172
25000	0.2	25	2.80859
25000	0.2	26	2.87358
25000	0.2	24	2.90099
25000	0.2	26	2.82109
25000	0.2	26	2.83461
25000	0.2	25	2.83073
25000	0.2	24	2.82819
25000	0.2	27	2.80679
25000	0.2	24	2.89732
25000	0.2	24	2.91038
25000	0.2	25	2.8661
25000	0.2	26	2.83953

26000	0.2	24	3.06579
26000	0.2	23	3.0731
26000	0.2	26	3.06814
26000	0.2	25	3.09699
26000	0.2	27	3.10359
26000	0.2	26	3.08501
26000	0.2	25	3.06031
26000	0.2	28	3.06999
26000	0.2	26	3.14342
26000	0.2	26	3.08102
26000	0.2	24	3.08786
26000	0.2	24	3.06534
26000	0.2	26	3.06068
26000	0.2	26	3.10457
26000	0.2	25	3.05505
26000	0.2	26	3.07874
26000	0.2	26	3.05913
26000	0.2	25	3.0498
26000	0.2	26	3.13442
26000	0.2	25	3.0623
26000	0.2	27	3.05156
26000	0.2	25	3.08528
26000	0.2	26	3.08364
26000	0.2	25	3.05849
26000	0.2	27	3.0619
26000	0.2	27	3.04934
26000	0.2	27	3.11552
26000	0.2	25	3.16943
26000	0.2	27	3.07233
26000	0.2	27	3.08246

27000	0.2	26	3.34392
27000	0.2	23	3.29752
27000	0.2	25	3.30122
27000	0.2	27	3.31951
27000	0.2	26	3.29789
27000	0.2	28	3.38553
27000	0.2	25	3.30527
27000	0.2	25	3.29088
27000	0.2	26	3.29884
27000	0.2	27	3.31812
27000	0.2	24	3.28811
27000	0.2	24	3.34999
27000	0.2	24	3.31465
27000	0.2	25	3.32204
27000	0.2	25	3.29314
27000	0.2	26	3.31159
27000	0.2	27	3.28318
27000	0.2	24	3.28945
27000	0.2	25	3.359
27000	0.2	25	3.32282
27000	0.2	26	3.3622
27000	0.2	25	3.30738
27000	0.2	26	3.30623
27000	0.2	24	3.33367
27000	0.2	26	3.31033
27000	0.2	27	3.27904
27000	0.2	25	3.28638
27000	0.2	24	3.34076
27000	0.2	28	3.29692
27000	0.2	26	3.32384

28000	0.2	25	3.56353
28000	0.2	25	3.5862
28000	0.2	26	3.56515
28000	0.2	26	3.55673
28000	0.2	26	3.65899
28000	0.2	26	3.68164
28000	0.2	25	3.62316
28000	0.2	27	3.59359
28000	0.2	25	3.56398
28000	0.2	28	3.60076
28000	0.2	24	3.55549
28000	0.2	25	3.56632
28000	0.2	24	3.59347
28000	0.2	24	3.66605
28000	0.2	25	3.62733
28000	0.2	27	3.55869
28000	0.2	29	3.57424
28000	0.2	24	3.54767
28000	0.2	25	3.54619
28000	0.2	24	3.55424
28000	0.2	27	3.55134
28000	0.2	25	3.55632
28000	0.2	26	3.55285
28000	0.2	26	3.54497
28000	0.2	25	3.55954
28000	0.2	27	3.54325
28000	0.2	26	3.5448
28000	0.2	26	3.66393
28000	0.2	27	3.55227
28000	0.2	26	3.58557

29000	0.2	26	3.82775
29000	0.2	26	3.78421
29000	0.2	26	3.81054
29000	0.2	27	3.87187
29000	0.2	26	3.78628
29000	0.2	26	3.80547
29000	0.2	28	3.81215
29000	0.2	25	3.80229
29000	0.2	26	3.8123
29000	0.2	26	3.86454
29000	0.2	25	3.80313
29000	0.2	23	3.79885
29000	0.2	24	3.79829
29000	0.2	27	3.81713
29000	0.2	25	3.84828
29000	0.2	27	3.87671
29000	0.2	26	3.85309
29000	0.2	23	3.7818
29000	0.2	23	3.79332
29000	0.2	25	3.82485
29000	0.2	28	3.80888
29000	0.2	25	3.81894
29000	0.2	28	3.90937
29000	0.2	26	3.82804
29000	0.2	23	3.84662
29000	0.2	27	3.79604
29000	0.2	26	3.79761
29000	0.2	24	3.83453
29000	0.2	27	3.79784
29000	0.2	26	3.82266

30000	0.2	25	4.12109
30000	0.2	25	4.04417
30000	0.2	27	4.0564
30000	0.2	26	4.06169
30000	0.2	27	4.13823
30000	0.2	26	4.13725
30000	0.2	26	4.11492
30000	0.2	24	4.07195
30000	0.2	26	4.08584
30000	0.2	26	4.08409
30000	0.2	26	4.1377
30000	0.2	23	4.06779
30000	0.2	24	4.1464
30000	0.2	25	4.12894
30000	0.2	26	4.10884
30000	0.2	27	4.07683
30000	0.2	23	4.05815
30000	0.2	25	4.05975
30000	0.2	26	4.05936
30000	0.2	26	4.06828
30000	0.2	28	4.0624
30000	0.2	26	4.06423
30000	0.2	29	4.1445
30000	0.2	24	4.11038
30000	0.2	23	4.0817
30000	0.2	26	4.06558
30000	0.2	26	4.17715
30000	0.2	24	4.20333
30000	0.2	27	4.05204
30000	0.2	25	4.08204

