1000	0.15	26	0.006482
1000	0.15	24	0.006768
1000	0.15	30	0.005841
1000	0.15	23	0.006796
1000	0.15	21	0.00706
1000	0.15	20	0.007728
1000	0.15	26	0.006048
1000	0.15	25	0.006469
1000	0.15	26	0.006222
1000	0.15	23	0.005973
1000	0.15	23	0.006902
1000	0.15	26	0.005973
1000	0.15	23	0.006351
1000	0.15	21	0.007188
1000	0.15	21	0.007936
1000	0.15	24	0.006668
1000	0.15	28	0.006668
1000	0.15	27	0.006071
1000	0.15	23	0.006828
1000	0.15	23	0.006709
1000	0.15	26	0.006396
1000	0.15	26	0.006875
1000	0.15	23	0.007869
1000	0.15	21	0.008605
1000	0.15	20	0.007584
1000	0.15	26	0.00653
1000	0.15	22	0.006734
1000	0.15	28	0.007124
1000	0.15	22	0.006573
1000	0.15	23	0.014298

2000	0.15	24	0.028977
2000	0.15	27	0.035009
2000	0.15	28	0.021831
2000	0.15	27	0.021483
2000	0.15	31	0.018451
2000	0.15	29	0.020413
2000	0.15	20	0.024784
2000	0.15	29	0.02152
2000	0.15	22	0.018457
2000	0.15	32	0.019931
2000	0.15	25	0.021862
2000	0.15	29	0.019897
2000	0.15	26	0.022593
2000	0.15	30	0.02154
2000	0.15	24	0.062009
2000	0.15	26	0.041549
2000	0.15	28	0.028659
2000	0.15	30	0.021299
2000	0.15	26	0.02192
2000	0.15	30	0.018262
2000	0.15	28	0.019171
2000	0.15	29	0.020848
2000	0.15	26	0.020291
2000	0.15	26	0.040565
2000	0.15	31	0.019583
2000	0.15	30	0.022652
2000	0.15	28	0.019791
2000	0.15	25	0.019619
2000	0.15	27	0.020992
2000	0.15	29	0.019566

3000	0.15	31	0.049006
3000	0.15	30	0.037068
3000	0.15	31	0.036249
3000	0.15	27	0.05476
3000	0.15	29	0.042382
3000	0.15	32	0.040837
3000	0.15	28	0.041956
3000	0.15	29	0.047044
3000	0.15	30	0.041082
3000	0.15	27	0.048106
3000	0.15	26	0.050414
3000	0.15	20	0.060905
3000	0.15	32	0.039933
3000	0.15	28	0.052627
3000	0.15	25	0.052707
3000	0.15	30	0.044246
3000	0.15	23	0.045822
3000	0.15	29	0.050224
3000	0.15	28	0.043532
3000	0.15	30	0.040154
3000	0.15	30	0.043775
3000	0.15	30	0.041198
3000	0.15	26	0.052137
3000	0.15	32	0.037228
3000	0.15	29	0.041743
3000	0.15	30	0.044543
3000	0.15	34	0.042218
3000	0.15	30	0.041392
3000	0.15	30	0.054
3000	0.15	29	0.045699

4000	0.15	26	0.081708
4000	0.15	31	0.071219
4000	0.15	21	0.096841
4000	0.15	33	0.107851
4000	0.15	30	0.069481
4000	0.15	35	0.063206
4000	0.15	32	0.089444
4000	0.15	25	0.086095
4000	0.15	33	0.075646
4000	0.15	29	0.071044
4000	0.15	22	0.118761
4000	0.15	29	0.12551
4000	0.15	28	0.125335
4000	0.15	34	0.138424
4000	0.15	34	0.120987
4000	0.15	31	0.142769
4000	0.15	26	0.125046
4000	0.15	31	0.085059
4000	0.15	26	0.074956
4000	0.15	30	0.071991
4000	0.15	30	0.070688
4000	0.15	22	0.083554
4000	0.15	31	0.071858
4000	0.15	28	0.07677
4000	0.15	30	0.069125
4000	0.15	29	0.06363
4000	0.15	32	0.078725
4000	0.15	33	0.075022
4000	0.15	32	0.069177
4000	0.15	32	0.069039

5000	0.15	34	0.119738
5000	0.15	33	0.14868
5000	0.15	32	0.164259
5000	0.15	29	0.122949
5000	0.15	27	0.133298
5000	0.15	30	0.111586
5000	0.15	26	0.132089
5000	0.15	27	0.127346
5000	0.15	31	0.096219
5000	0.15	35	0.088013
5000	0.15	33	0.105247
5000	0.15	33	0.099262
5000	0.15	33	0.111653
5000	0.15	28	0.139984
5000	0.15	34	0.095897
5000	0.15	27	0.129249
5000	0.15	31	0.106814
5000	0.15	34	0.095909
5000	0.15	31	0.109448
5000	0.15	27	0.13378
5000	0.15	37	0.090427
5000	0.15	24	0.175861
5000	0.15	31	0.111848
5000	0.15	33	0.107411
5000	0.15	30	0.116347
5000	0.15	31	0.103355
5000	0.15	31	0.097584
5000	0.15	31	0.104713
5000	0.15	34	0.107034
5000	0.15	23	0.164155

6000	0.15	29	0.1751
6000	0.15	34	0.200033
6000	0.15	22	0.210312
6000	0.15	26	0.183447
6000	0.15	28	0.142138
6000	0.15	28	0.154618
6000	0.15	27	0.195427
6000	0.15	31	0.164453
6000	0.15	32	0.146796
6000	0.15	29	0.167427
6000	0.15	28	0.170211
6000	0.15	33	0.14358
6000	0.15	32	0.147929
6000	0.15	30	0.165109
6000	0.15	32	0.134367
6000	0.15	31	0.163302
6000	0.15	31	0.177865
6000	0.15	33	0.144566
6000	0.15	38	0.126716
6000	0.15	28	0.163223
6000	0.15	31	0.132466
6000	0.15	29	0.183438
6000	0.15	33	0.149244
6000	0.15	27	0.173317
6000	0.15	32	0.128708
6000	0.15	35	0.127443
6000	0.15	31	0.158153
6000	0.15	25	0.188823
6000	0.15	25	0.181928
6000	0.15	35	0.142479

7000	0.15	29	0.205047
7000	0.15	34	0.217253
7000	0.15	20	0.33921
7000	0.15	28	0.262655
7000	0.15	32	0.217432
7000	0.15	32	0.17395
7000	0.15	27	0.22505
7000	0.15	32	0.202159
7000	0.15	30	0.225106
7000	0.15	21	0.395185
7000	0.15	30	0.217773
7000	0.15	26	0.307432
7000	0.15	31	0.21592
7000	0.15	33	0.239558
7000	0.15	32	0.187074
7000	0.15	32	0.179397
7000	0.15	35	0.192375
7000	0.15	33	0.161588
7000	0.15	38	0.174005
7000	0.15	33	0.2118
7000	0.15	26	0.205863
7000	0.15	33	0.190871
7000	0.15	25	0.240455
7000	0.15	30	0.227489
7000	0.15	34	0.213157
7000	0.15	36	0.172379
7000	0.15	32	0.236183
7000	0.15	19	0.247917
7000	0.15	28	0.246893
7000	0.15	31	0.19311

8000	0.15	30	0.300151
8000	0.15	30	0.292738
8000	0.15	32	0.233775
8000	0.15	30	0.262293
8000	0.15	37	0.208218
8000	0.15	32	0.310117
8000	0.15	28	0.292548
8000	0.15	29	0.257695
8000	0.15	31	0.259982
8000	0.15	28	0.365006
8000	0.15	34	0.248094
8000	0.15	34	0.258387
8000	0.15	34	0.287843
8000	0.15	24	0.363101
8000	0.15	39	0.260205
8000	0.15	31	0.253412
8000	0.15	31	0.252108
8000	0.15	32	0.251151
8000	0.15	25	0.307197
8000	0.15	33	0.279415
8000	0.15	24	0.459856
8000	0.15	31	0.274471
8000	0.15	35	0.234891
8000	0.15	33	0.233015
8000	0.15	33	0.298319
8000	0.15	29	0.317294
8000	0.15	32	0.309074
8000	0.15	33	0.29155
8000	0.15	29	0.309029
8000	0.15	27	0.291726

9000	0.15	33	0.36425
9000	0.15	30	0.365728
9000	0.15	28	0.402156
9000	0.15	33	0.309143
9000	0.15	26	0.649403
9000	0.15	33	0.310594
9000	0.15	37	0.293703
9000	0.15	37	0.370435
9000	0.15	34	0.331986
9000	0.15	26	0.380188
9000	0.15	33	0.343861
9000	0.15	29	0.348454
9000	0.15	31	0.437875
9000	0.15	34	0.379542
9000	0.15	34	0.320505
9000	0.15	30	0.392152
9000	0.15	28	0.496896
9000	0.15	34	0.270566
9000	0.15	34	0.381569
9000	0.15	26	0.43438
9000	0.15	36	0.361074
9000	0.15	29	0.383081
9000	0.15	30	0.336008
9000	0.15	26	0.461193
9000	0.15	32	0.387134
9000	0.15	35	0.372651
9000	0.15	33	0.386825
9000	0.15	33	0.363457
9000	0.15	31	0.383273
9000	0.15	31	0.398669

10000	0.15	33	0.408023
10000	0.15	31	0.362293
10000	0.15	31	0.516091
10000	0.15	36	0.411037
10000	0.15	26	0.544126
10000	0.15	29	0.497835
10000	0.15	30	0.506466
10000	0.15	29	0.51888
10000	0.15	29	0.478464
10000	0.15	30	0.418117
10000	0.15	30	0.533598
10000	0.15	37	0.386209
10000	0.15	32	0.586834
10000	0.15	34	0.401195
10000	0.15	31	0.460737
10000	0.15	29	0.56015
10000	0.15	30	0.434954
10000	0.15	26	0.53565
10000	0.15	36	0.460816
10000	0.15	34	0.385326
10000	0.15	34	0.43106
10000	0.15	36	0.42786
10000	0.15	31	0.416939
10000	0.15	31	0.472346
10000	0.15	27	0.612925
10000	0.15	31	0.482442
10000	0.15	27	0.536538
10000	0.15	38	0.415735
10000	0.15	30	0.448395
10000	0.15	24	0.63061

11000	0.15	37	0.419857
11000	0.15	33	0.525057
11000	0.15	29	0.691272
11000	0.15	33	0.495252
11000	0.15	38	0.441586
11000	0.15	27	0.726956
11000	0.15	35	0.490283
11000	0.15	30	0.615905
11000	0.15	33	0.440284
11000	0.15	31	0.59124
11000	0.15	31	0.515135
11000	0.15	35	0.529167
11000	0.15	36	0.521804
11000	0.15	30	0.519009
11000	0.15	32	0.581619
11000	0.15	31	0.586041
11000	0.15	27	0.66241
11000	0.15	30	0.628201
11000	0.15	26	0.588232
11000	0.15	35	0.461845
11000	0.15	24	0.760282
11000	0.15	34	0.486289
11000	0.15	31	0.550026
11000	0.15	37	0.518913
11000	0.15	34	0.520893
11000	0.15	37	0.399962
11000	0.15	29	0.612258
11000	0.15	35	0.507763
11000	0.15	37	0.513829
11000	0.15	29	0.577418

12000	0.15	32	0.60672
12000	0.15	34	0.703319
12000	0.15	34	0.641635
12000	0.15	39	0.496064
12000	0.15	36	0.501941
12000	0.15	35	0.599882
12000	0.15	34	0.562068
12000	0.15	25	0.842603
12000	0.15	30	0.793822
12000	0.15	27	0.764486
12000	0.15	36	0.637658
12000	0.15	31	0.710348
12000	0.15	29	0.723486
12000	0.15	37	0.67088
12000	0.15	33	0.603943
12000	0.15	33	0.623326
12000	0.15	34	0.620821
12000	0.15	29	0.707692
12000	0.15	30	0.808592
12000	0.15	30	0.702109
12000	0.15	32	0.610982
12000	0.15	32	0.61916
12000	0.15	33	0.710468
12000	0.15	21	1.08901
12000	0.15	31	0.622515
12000	0.15	29	0.681361
12000	0.15	31	0.626155
12000	0.15	33	0.754832
12000	0.15	30	0.618809
12000	0.15	32	0.714447

13000	0.15	36	0.821617
13000	0.15	32	0.68719
13000	0.15	38	0.643685
13000	0.15	38	0.669844
13000	0.15	32	0.796261
13000	0.15	24	1.06132
13000	0.15	34	0.825692
13000	0.15	33	0.770254
13000	0.15	29	0.984002
13000	0.15	32	0.74817
13000	0.15	32	0.732482
13000	0.15	32	1.11415
13000	0.15	29	0.873251
13000	0.15	29	0.764201
13000	0.15	33	0.767538
13000	0.15	29	0.900529
13000	0.15	29	0.730966
13000	0.15	31	0.892159
13000	0.15	37	0.615938
13000	0.15	35	0.663263
13000	0.15	37	0.681209
13000	0.15	31	0.715782
13000	0.15	29	0.904668
13000	0.15	29	0.872309
13000	0.15	38	0.723826
13000	0.15	27	0.974346
13000	0.15	31	0.712231
13000	0.15	31	0.853223
13000	0.15	35	0.697277
13000	0.15	36	0.84856

14000	0.15	35	0.750293
14000	0.15	35	0.817199
14000	0.15	30	0.865718
14000	0.15	27	0.956348
14000	0.15	29	0.970818
14000	0.15	29	1.10335
14000	0.15	33	0.750932
14000	0.15	34	0.721529
14000	0.15	34	0.880978
14000	0.15	29	1.26824
14000	0.15	33	0.778191
14000	0.15	33	0.839153
14000	0.15	34	0.774082
14000	0.15	30	1.16874
14000	0.15	33	0.745573
14000	0.15	26	1.32464
14000	0.15	34	0.904148
14000	0.15	28	1.04454
14000	0.15	37	0.753472
14000	0.15	41	0.697406
14000	0.15	29	0.89469
14000	0.15	37	0.740978
14000	0.15	35	0.796223
14000	0.15	37	0.656803
14000	0.15	36	0.675846
14000	0.15	32	0.841923
14000	0.15	32	0.803385
14000	0.15	41	0.753383
14000	0.15	32	0.984928
14000	0.15	32	1.00075

15000	0.15	30	0.889645
15000	0.15	25	1.43025
15000	0.15	36	0.869094
15000	0.15	34	1.08771
15000	0.15	34	0.871742
15000	0.15	33	0.909597
15000	0.15	29	1.21347
15000	0.15	33	0.966924
15000	0.15	38	0.9843
15000	0.15	34	0.941003
15000	0.15	32	1.08767
15000	0.15	36	0.902651
15000	0.15	37	0.91665
15000	0.15	33	0.886245
15000	0.15	28	1.02867
15000	0.15	36	0.960388
15000	0.15	35	0.951095
15000	0.15	32	0.955027
15000	0.15	34	1.01966
15000	0.15	28	1.19415
15000	0.15	30	1.08571
15000	0.15	36	1.04373
15000	0.15	33	0.965424
15000	0.15	28	1.07882
15000	0.15	37	0.813897
15000	0.15	32	0.960382
15000	0.15	34	1.02732
15000	0.15	24	1.60959
15000	0.15	36	0.794411
15000	0.15	36	0.911584

16000	0.15	35	0.993534
16000	0.15	25	1.48586
16000	0.15	32	1.22208
16000	0.15	33	1.1126
16000	0.15	37	1.17382
16000	0.15	28	1.28542
16000	0.15	40	1.06862
16000	0.15	31	1.262
16000	0.15	33	0.995907
16000	0.15	36	0.961861
16000	0.15	31	1.22967
16000	0.15	37	0.996163
16000	0.15	39	0.990982
16000	0.15	28	1.18919
16000	0.15	38	0.904361
16000	0.15	32	1.08266
16000	0.15	25	1.44986
16000	0.15	32	1.22728
16000	0.15	35	1.05532
16000	0.15	33	1.19332
16000	0.15	33	1.30311
16000	0.15	34	1.1276
16000	0.15	36	1.14316
16000	0.15	29	1.43214
16000	0.15	24	1.72163
16000	0.15	36	1.05394
16000	0.15	32	1.26714
16000	0.15	34	1.05788
16000	0.15	36	1.19993
16000	0.15	33	1.09895

17000	0.15	32	1.21245
17000	0.15	35	1.30792
17000	0.15	31	1.45572
17000	0.15	34	1.37999
17000	0.15	31	1.49653
17000	0.15	29	1.38945
17000	0.15	33	1.26633
17000	0.15	36	1.19867
17000	0.15	42	1.12244
17000	0.15	36	1.16971
17000	0.15	35	1.39159
17000	0.15	38	1.03397
17000	0.15	34	1.15625
17000	0.15	32	1.31746
17000	0.15	29	1.69029
17000	0.15	36	0.98211
17000	0.15	34	1.38643
17000	0.15	35	1.16609
17000	0.15	34	1.22775
17000	0.15	34	1.26043
17000	0.15	36	1.19994
17000	0.15	36	1.22765
17000	0.15	27	1.66811
17000	0.15	29	1.50566
17000	0.15	36	1.46137
17000	0.15	36	1.35754
17000	0.15	32	1.34379
17000	0.15	31	1.1649
17000	0.15	32	1.48127
17000	0.15	37	1.20918

18000	0.15	35	1.43635
18000	0.15	32	1.63426
18000	0.15	34	1.41043
18000	0.15	32	1.50793
18000	0.15	36	1.22484
18000	0.15	33	1.4952
18000	0.15	39	1.13108
18000	0.15	31	1.92508
18000	0.15	31	1.60248
18000	0.15	38	1.26284
18000	0.15	31	1.56894
18000	0.15	36	1.39031
18000	0.15	34	1.50608
18000	0.15	33	1.69212
18000	0.15	39	1.30597
18000	0.15	28	2.04996
18000	0.15	34	1.38293
18000	0.15	34	1.30203
18000	0.15	34	2.11256
18000	0.15	35	1.29895
18000	0.15	28	2.01248
18000	0.15	38	1.13746
18000	0.15	28	1.5206
18000	0.15	38	1.26547
18000	0.15	32	1.49321
18000	0.15	29	1.57983
18000	0.15	36	1.4204
18000	0.15	32	1.44103
18000	0.15	30	2.10233
18000	0.15	31	1.52041

19000	0.15	30	2.28855
19000	0.15	32	1.8782
19000	0.15	35	1.61914
19000	0.15	27	1.98773
19000	0.15	29	2.13854
19000	0.15	28	2.0175
19000	0.15	34	1.47527
19000	0.15	32	1.5107
19000	0.15	36	1.49655
19000	0.15	38	1.43842
19000	0.15	33	1.64409
19000	0.15	37	1.46082
19000	0.15	35	1.78139
19000	0.15	29	1.9152
19000	0.15	38	1.48956
19000	0.15	35	1.66548
19000	0.15	29	1.93076
19000	0.15	31	1.87428
19000	0.15	37	1.68823
19000	0.15	35	1.49106
19000	0.15	33	1.92903
19000	0.15	33	1.57891
19000	0.15	27	1.98503
19000	0.15	32	1.83452
19000	0.15	31	1.67318
19000	0.15	32	1.51835
19000	0.15	36	1.79004
19000	0.15	31	1.81891
19000	0.15	35	1.33145
19000	0.15	34	1.69352

20000	0.15	33	1.7361
20000	0.15	32	2.09187
20000	0.15	36	1.6822
20000	0.15	30	2.04361
20000	0.15	33	2.22862
20000	0.15	36	1.46099
20000	0.15	31	1.82881
20000	0.15	32	1.53092
20000	0.15	34	1.87534
20000	0.15	34	1.68106
20000	0.15	38	1.53698
20000	0.15	37	1.59936
20000	0.15	28	2.03172
20000	0.15	34	1.82569
20000	0.15	30	2.06242
20000	0.15	31	2.03957
20000	0.15	36	1.5098
20000	0.15	33	1.92206
20000	0.15	34	1.7363
20000	0.15	32	1.88281
20000	0.15	37	1.93353
20000	0.15	29	2.10688
20000	0.15	32	2.08067
20000	0.15	40	1.51445
20000	0.15	30	2.11616
20000	0.15	30	2.18612
20000	0.15	29	2.13418
20000	0.15	36	1.70623
20000	0.15	29	2.46538
20000	0.15	34	1.77655

21000	0.15	30	2.64808
21000	0.15	29	2.91454
21000	0.15	35	1.76562
21000	0.15	35	2.10818
21000	0.15	32	2.14627
21000	0.15	25	2.84739
21000	0.15	31	2.54295
21000	0.15	30	2.20165
21000	0.15	36	1.98477
21000	0.15	31	2.25546
21000	0.15	33	2.10596
21000	0.15	30	1.90013
21000	0.15	31	2.2615
21000	0.15	32	2.18237
21000	0.15	25	2.67067
21000	0.15	32	1.96527
21000	0.15	33	1.76521
21000	0.15	31	2.0653
21000	0.15	37	1.74215
21000	0.15	35	2.00842
21000	0.15	36	1.88641
21000	0.15	29	2.06945
21000	0.15	35	1.88997
21000	0.15	30	2.5867
21000	0.15	38	1.62093
21000	0.15	37	1.80812
21000	0.15	28	2.60759
21000	0.15	27	3.40052
21000	0.15	32	3.61294
21000	0.15	28	2.43553

22000	0.15	34	2.33291
22000	0.15	38	1.81185
22000	0.15	37	1.96185
22000	0.15	35	2.14278
22000	0.15	37	2.51878
22000	0.15	29	2.60247
22000	0.15	37	1.91587
22000	0.15	26	2.71211
22000	0.15	32	2.06316
22000	0.15	37	1.74102
22000	0.15	32	2.95193
22000	0.15	31	2.61163
22000	0.15	33	2.05905
22000	0.15	32	2.37216
22000	0.15	34	1.99585
22000	0.15	36	2.07814
22000	0.15	31	2.2138
22000	0.15	36	1.97876
22000	0.15	36	2.00835
22000	0.15	36	2.26535
22000	0.15	37	1.77331
22000	0.15	34	2.23443
22000	0.15	34	2.32703
22000	0.15	35	2.20038
22000	0.15	31	2.69454
22000	0.15	33	2.18098
22000	0.15	38	1.91074
22000	0.15	35	2.0266
22000	0.15	33	2.10235
22000	0.15	35	2.42501

23000	0.15	33	2.19021
23000	0.15	35	2.30183
23000	0.15	35	2.33398
23000	0.15	28	3.30217
23000	0.15	37	2.1113
23000	0.15	31	2.87338
23000	0.15	33	2.32225
23000	0.15	32	2.97659
23000	0.15	37	1.98426
23000	0.15	31	2.68913
23000	0.15	36	2.70119
23000	0.15	36	2.18471
23000	0.15	35	2.50186
23000	0.15	32	2.58522
23000	0.15	29	3.34094
23000	0.15	32	2.48974
23000	0.15	35	2.12896
23000	0.15	32	2.75063
23000	0.15	32	2.64525
23000	0.15	36	2.04143
23000	0.15	30	2.35752
23000	0.15	29	2.76322
23000	0.15	26	2.88989
23000	0.15	40	2.16469
23000	0.15	37	2.48477
23000	0.15	33	2.22225
23000	0.15	32	2.40303
23000	0.15	34	2.46646
23000	0.15	31	2.89315
23000	0.15	39	2.47376

24000	0.15	39	2.34626
24000	0.15	30	3.23315
24000	0.15	37	2.14646
24000	0.15	37	2.13075
24000	0.15	29	3.22455
24000	0.15	27	3.21622
24000	0.15	29	3.90535
24000	0.15	37	2.67221
24000	0.15	27	2.74853
24000	0.15	38	2.25395
24000	0.15	33	2.48817
24000	0.15	29	2.80647
24000	0.15	36	2.40126
24000	0.15	32	2.62504
24000	0.15	33	2.59362
24000	0.15	34	2.77856
24000	0.15	37	2.19215
24000	0.15	28	3.46655
24000	0.15	32	2.33365
24000	0.15	36	2.43049
24000	0.15	35	2.53373
24000	0.15	37	2.39202
24000	0.15	38	2.3865
24000	0.15	34	2.4962
24000	0.15	34	3.97097
24000	0.15	33	3.19015
24000	0.15	30	2.96443
24000	0.15	36	2.03147
24000	0.15	35	2.69535
24000	0.15	31	2.65862

25000	0.15	39	2.34361
25000	0.15	22	4.39223
25000	0.15	28	3.32405
25000	0.15	38	2.68159
25000	0.15	31	3.80978
25000	0.15	39	2.28298
25000	0.15	37	2.74223
25000	0.15	33	2.73167
25000	0.15	35	2.49104
25000	0.15	35	2.4
25000	0.15	35	2.60182
25000	0.15	23	3.67485
25000	0.15	33	3.29521
25000	0.15	34	2.77801
25000	0.15	31	3.02928
25000	0.15	30	3.12766
25000	0.15	39	3.18068
25000	0.15	38	2.28603
25000	0.15	34	2.63641
25000	0.15	31	3.35354
25000	0.15	35	2.88047
25000	0.15	37	2.57676
25000	0.15	38	2.52093
25000	0.15	40	2.78139
25000	0.15	38	2.23942
25000	0.15	27	3.98637
25000	0.15	35	2.62966
25000	0.15	35	2.76327
25000	0.15	28	3.2684
25000	0.15	31	2.90243

26000	0.15	38	2.54592
26000	0.15	35	2.84531
26000	0.15	34	2.78244
26000	0.15	38	2.81571
26000	0.15	28	3.71755
26000	0.15	38	2.99902
26000	0.15	36	2.70027
26000	0.15	33	3.31673
26000	0.15	40	2.63295
26000	0.15	33	2.92888
26000	0.15	29	3.20661
26000	0.15	34	3.16187
26000	0.15	33	3.0966
26000	0.15	35	2.71709
26000	0.15	38	3.08424
26000	0.15	37	3.02497
26000	0.15	32	2.69229
26000	0.15	36	2.91614
26000	0.15	35	3.2179
26000	0.15	27	3.79014
26000	0.15	33	3.47569
26000	0.15	32	3.34153
26000	0.15	34	3.27116
26000	0.15	32	3.43407
26000	0.15	35	3.17922
26000	0.15	41	2.69682
26000	0.15	34	3.43925
26000	0.15	29	3.58237
26000	0.15	32	3.43146
26000	0.15	25	4.83614

27000	0.15	27	4.90075
27000	0.15	39	2.8814
27000	0.15	35	3.40311
27000	0.15	30	3.97955
27000	0.15	37	3.0092
27000	0.15	40	2.96837
27000	0.15	32	4.32451
27000	0.15	35	3.68593
27000	0.15	39	3.27338
27000	0.15	35	3.14147
27000	0.15	30	3.74838
27000	0.15	32	3.12244
27000	0.15	37	3.22292
27000	0.15	30	4.21223
27000	0.15	30	4.39345
27000	0.15	40	2.89109
27000	0.15	33	3.33522
27000	0.15	34	4.201
27000	0.15	29	4.18949
27000	0.15	36	3.0433
27000	0.15	39	2.58244
27000	0.15	36	2.76892
27000	0.15	38	2.77924
27000	0.15	29	4.11001
27000	0.15	35	3.3192
27000	0.15	34	2.8526
27000	0.15	35	2.5853
27000	0.15	33	3.2121
27000	0.15	34	2.43493
27000	0.15	35	3.29926

28000	0.15	28	5.61782
28000	0.15	35	3.65361
28000	0.15	32	4.21844
28000	0.15	30	4.13763
28000	0.15	33	3.47937
28000	0.15	37	3.22257
28000	0.15	36	3.15773
28000	0.15	36	3.02122
28000	0.15	29	4.57666
28000	0.15	37	3.27766
28000	0.15	37	3.40102
28000	0.15	33	3.44326
28000	0.15	37	3.17396
28000	0.15	37	2.89988
28000	0.15	38	2.96883
28000	0.15	40	3.07585
28000	0.15	32	3.57529
28000	0.15	36	3.3788
28000	0.15	34	3.34576
28000	0.15	33	3.67901
28000	0.15	35	3.46878
28000	0.15	37	3.25721
28000	0.15	36	4.00152
28000	0.15	35	3.98133
28000	0.15	32	3.39277
28000	0.15	38	3.04894
28000	0.15	39	3.53591
28000	0.15	34	4.55177
28000	0.15	38	3.04044
28000	0.15	37	3.38255

29000	0.15	29	4.9531
29000	0.15	40	3.32467
29000	0.15	37	3.68188
29000	0.15	35	3.78634
29000	0.15	35	4.51169
29000	0.15	33	3.93126
29000	0.15	28	5.68634
29000	0.15	38	3.43201
29000	0.15	40	4.42928
29000	0.15	32	4.27327
29000	0.15	29	4.5706
29000	0.15	33	3.73242
29000	0.15	41	3.14173
29000	0.15	34	3.96509
29000	0.15	35	3.56309
29000	0.15	39	3.28844
29000	0.15	37	3.82433
29000	0.15	31	5.42118
29000	0.15	37	3.13694
29000	0.15	38	4.25173
29000	0.15	36	4.00753
29000	0.15	37	3.29505
29000	0.15	34	4.17083
29000	0.15	34	4.09763
29000	0.15	32	5.70919
29000	0.15	32	3.89022
29000	0.15	31	3.66717
29000	0.15	33	4.07169
29000	0.15	33	4.19653
29000	0.15	33	3.80142

30000	0.15	35	3.81504
30000	0.15	34	3.58269
30000	0.15	35	3.3925
30000	0.15	37	3.43024
30000	0.15	35	3.37951
30000	0.15	36	4.08072
30000	0.15	33	3.79411
30000	0.15	35	3.98674
30000	0.15	35	3.76566
30000	0.15	39	3.41896
30000	0.15	37	3.98003
30000	0.15	36	3.75317
30000	0.15	38	3.48623
30000	0.15	34	5.61338
30000	0.15	38	3.79243
30000	0.15	38	3.715
30000	0.15	29	4.64636
30000	0.15	35	3.84704
30000	0.15	29	4.34086
30000	0.15	38	3.14829
30000	0.15	33	5.05742
30000	0.15	37	4.06623
30000	0.15	35	3.92527
30000	0.15	36	3.99053
30000	0.15	37	4.44426
30000	0.15	36	3.68072
30000	0.15	36	3.72141
30000	0.15	36	4.13857
30000	0.15	39	3.3872
30000	0.15	40	3.90295

