1000	0.15	32	0.005193
1000	0.15	33	0.004954
1000	0.15	35	0.005184
1000	0.15	35	0.005325
1000	0.15	36	0.005253
1000	0.15	34	0.00512
1000	0.15	35	0.005226
1000	0.15	34	0.00565
1000	0.15	36	0.005197
1000	0.15	32	0.00529
1000	0.15	35	0.005179
1000	0.15	35	0.005267
1000	0.15	35	0.005239
1000	0.15	36	0.005251
1000	0.15	34	0.005247
1000	0.15	33	0.005331
1000	0.15	33	0.005209
1000	0.15	36	0.005284
1000	0.15	34	0.005224
1000	0.15	34	0.005202
1000	0.15	34	0.005235
1000	0.15	34	0.005201
1000	0.15	33	0.00523
1000	0.15	36	0.0052
1000	0.15	33	0.005292
1000	0.15	31	0.00522
1000	0.15	33	0.005272
1000	0.15	38	0.005311
1000	0.15	38	0.005291
1000	0.15	34	0.005348

2000	0.15	38	0.016154
2000	0.15	37	0.015834
2000	0.15	37	0.015839
2000	0.15	37	0.01629
2000	0.15	40	0.015963
2000	0.15	37	0.016004
2000	0.15	38	0.015988
2000	0.15	38	0.015915
2000	0.15	38	0.015857
2000	0.15	37	0.027798
2000	0.15	34	0.01608
2000	0.15	36	0.016421
2000	0.15	38	0.016036
2000	0.15	39	0.01632
2000	0.15	37	0.016305
2000	0.15	37	0.016378
2000	0.15	36	0.0162
2000	0.15	36	0.016352
2000	0.15	38	0.015829
2000	0.15	36	0.016159
2000	0.15	38	0.016139
2000	0.15	37	0.016427
2000	0.15	37	0.016037
2000	0.15	37	0.017092
2000	0.15	37	0.016082
2000	0.15	36	0.015751
2000	0.15	38	0.043925
2000	0.15	36	0.016467
2000	0.15	38	0.016462
2000	0.15	34	0.016388

3000	0.15	38	0.032578
3000	0.15	38	0.032451
3000	0.15	36	0.032585
3000	0.15	39	0.03305
3000	0.15	37	0.032957
3000	0.15	37	0.033007
3000	0.15	40	0.03315
3000	0.15	39	0.036898
3000	0.15	39	0.049893
3000	0.15	39	0.033578
3000	0.15	38	0.032361
3000	0.15	39	0.032665
3000	0.15	37	0.032509
3000	0.15	37	0.042667
3000	0.15	38	0.035062
3000	0.15	38	0.033287
3000	0.15	39	0.03515
3000	0.15	39	0.035022
3000	0.15	40	0.03235
3000	0.15	37	0.032393
3000	0.15	40	0.032864
3000	0.15	40	0.033428
3000	0.15	37	0.03392
3000	0.15	39	0.073665
3000	0.15	36	0.032899
3000	0.15	41	0.032654
3000	0.15	37	0.033998
3000	0.15	37	0.034029
3000	0.15	40	0.034995
3000	0.15	40	0.033219

4000	0.15	35	0.05486
4000	0.15	39	0.054703
4000	0.15	36	0.054716
4000	0.15	41	0.055349
4000	0.15	36	0.054855
4000	0.15	39	0.055247
4000	0.15	41	0.055017
4000	0.15	39	0.054953
4000	0.15	39	0.054998
4000	0.15	40	0.056512
4000	0.15	40	0.054543
4000	0.15	38	0.055143
4000	0.15	39	0.054588
4000	0.15	38	0.055257
4000	0.15	41	0.05516
4000	0.15	41	0.056263
4000	0.15	38	0.055555
4000	0.15	41	0.056168
4000	0.15	40	0.054891
4000	0.15	42	0.055747
4000	0.15	36	0.054623
4000	0.15	41	0.054737
4000	0.15	37	0.055715
4000	0.15	39	0.05686
4000	0.15	41	0.066662
4000	0.15	38	0.054212
4000	0.15	40	0.055326
4000	0.15	39	0.055393
4000	0.15	41	0.054313
4000	0.15	39	0.054387

5000	0.15	39	0.081229
5000	0.15	41	0.08154
5000	0.15	39	0.08331
5000	0.15	41	0.084034
5000	0.15	42	0.083491
5000	0.15	41	0.082438
5000	0.15	40	0.084197
5000	0.15	38	0.082643
5000	0.15	43	0.082605
5000	0.15	38	0.083332
5000	0.15	42	0.082872
5000	0.15	39	0.082699
5000	0.15	37	0.082518
5000	0.15	40	0.083334
5000	0.15	41	0.082123
5000	0.15	39	0.083443
5000	0.15	41	0.082807
5000	0.15	41	0.08207
5000	0.15	41	0.082855
5000	0.15	42	0.082114
5000	0.15	40	0.083126
5000	0.15	40	0.082852
5000	0.15	38	0.082238
5000	0.15	38	0.084036
5000	0.15	40	0.08465
5000	0.15	37	0.082437
5000	0.15	40	0.084222
5000	0.15	37	0.082804
5000	0.15	38	0.082131
5000	0.15	38	0.083189

6000	0.15	40	0.113531
6000	0.15	41	0.114793
6000	0.15	41	0.115833
6000	0.15	42	0.118876
6000	0.15	39	0.114481
6000	0.15	41	0.114899
6000	0.15	41	0.114923
6000	0.15	39	0.114822
6000	0.15	40	0.114707
6000	0.15	43	0.115134
6000	0.15	40	0.113847
6000	0.15	38	0.176642
6000	0.15	41	0.114664
6000	0.15	43	0.116298
6000	0.15	42	0.113842
6000	0.15	39	0.11514
6000	0.15	39	0.117338
6000	0.15	40	0.114351
6000	0.15	39	0.115618
6000	0.15	39	0.114235
6000	0.15	42	0.114497
6000	0.15	39	0.114587
6000	0.15	39	0.114239
6000	0.15	39	0.115174
6000	0.15	40	0.114736
6000	0.15	38	0.114274
6000	0.15	41	0.117715
6000	0.15	38	0.116863
6000	0.15	38	0.114867
6000	0.15	40	0.1154

7000	0.15	38	0.153573
7000	0.15	40	0.152756
7000	0.15	39	0.203557
7000	0.15	41	0.153273
7000	0.15	42	0.152199
7000	0.15	40	0.152487
7000	0.15	41	0.15758
7000	0.15	37	0.153656
7000	0.15	43	0.153692
7000	0.15	42	0.159269
7000	0.15	39	0.150673
7000	0.15	39	0.154354
7000	0.15	41	0.152423
7000	0.15	41	0.152585
7000	0.15	45	0.219423
7000	0.15	39	0.155419
7000	0.15	41	0.153525
7000	0.15	42	0.154489
7000	0.15	41	0.153842
7000	0.15	42	0.153732
7000	0.15	41	0.153323
7000	0.15	40	0.152461
7000	0.15	38	0.153284
7000	0.15	39	0.152205
7000	0.15	42	0.153737
7000	0.15	39	0.151929
7000	0.15	40	0.154327
7000	0.15	38	0.153941
7000	0.15	40	0.154196
7000	0.15	41	0.154389

8000	0.15	41	0.235372
8000	0.15	41	0.194705
8000	0.15	40	0.201261
8000	0.15	41	0.201465
8000	0.15	41	0.194267
8000	0.15	41	0.19568
8000	0.15	40	0.194592
8000	0.15	39	0.197712
8000	0.15	40	0.194741
8000	0.15	42	0.197889
8000	0.15	41	0.19329
8000	0.15	41	0.198257
8000	0.15	39	0.196205
8000	0.15	44	0.194961
8000	0.15	43	0.26233
8000	0.15	40	0.19567
8000	0.15	40	0.200173
8000	0.15	42	0.19626
8000	0.15	40	0.195405
8000	0.15	40	0.195108
8000	0.15	38	0.193529
8000	0.15	39	0.198795
8000	0.15	41	0.199618
8000	0.15	40	0.194889
8000	0.15	43	0.194886
8000	0.15	40	0.194543
8000	0.15	41	0.195651
8000	0.15	36	0.195791
8000	0.15	37	0.194018
8000	0.15	43	0.264029

9000	0.15	41	0.243011
9000	0.15	42	0.243068
9000	0.15	40	0.245348
9000	0.15	39	0.245329
9000	0.15	40	0.243117
9000	0.15	40	0.247823
9000	0.15	40	0.246925
9000	0.15	40	0.243099
9000	0.15	39	0.245176
9000	0.15	41	0.245343
9000	0.15	41	0.243154
9000	0.15	41	0.244651
9000	0.15	41	0.244482
9000	0.15	40	0.244317
9000	0.15	40	0.26432
9000	0.15	42	0.264514
9000	0.15	37	0.26216
9000	0.15	40	0.260646
9000	0.15	41	0.261016
9000	0.15	41	0.261239
9000	0.15	39	0.384432
9000	0.15	42	0.266995
9000	0.15	40	0.263801
9000	0.15	40	0.261924
9000	0.15	41	0.386829
9000	0.15	41	0.262077
9000	0.15	40	0.266124
9000	0.15	41	0.26431
9000	0.15	40	0.262891
9000	0.15	41	0.265111

10000	0.15	38	0.316964
10000	0.15	41	0.319237
10000	0.15	42	0.318977
10000	0.15	41	0.419115
10000	0.15	41	0.313228
10000	0.15	40	0.298876
10000	0.15	41	0.298822
10000	0.15	39	0.365627
10000	0.15	41	0.298465
10000	0.15	40	0.298819
10000	0.15	38	0.297989
10000	0.15	40	0.299307
10000	0.15	42	0.297352
10000	0.15	40	0.302198
10000	0.15	42	0.324516
10000	0.15	40	0.300636
10000	0.15	41	0.299309
10000	0.15	41	0.297119
10000	0.15	40	0.301374
10000	0.15	41	0.339303
10000	0.15	41	0.296299
10000	0.15	41	0.298021
10000	0.15	40	0.304752
10000	0.15	40	0.299521
10000	0.15	42	0.300634
10000	0.15	41	0.299779
10000	0.15	41	0.316295
10000	0.15	40	0.30654
10000	0.15	42	0.301064
10000	0.15	41	0.301241

11000	0.15	40	0.375347
11000	0.15	39	0.494547
11000	0.15	43	0.362783
11000	0.15	42	0.361755
11000	0.15	42	0.357072
11000	0.15	38	0.356464
11000	0.15	39	0.357258
11000	0.15	42	0.357378
11000	0.15	44	0.356611
11000	0.15	41	0.36009
11000	0.15	40	0.354996
11000	0.15	41	0.358003
11000	0.15	42	0.358298
11000	0.15	41	0.357208
11000	0.15	40	0.352911
11000	0.15	40	0.357606
11000	0.15	38	0.356714
11000	0.15	42	0.359441
11000	0.15	42	0.354501
11000	0.15	41	0.361058
11000	0.15	41	0.35445
11000	0.15	41	0.357444
11000	0.15	42	0.357275
11000	0.15	38	0.359932
11000	0.15	42	0.356733
11000	0.15	39	0.353292
11000	0.15	43	0.42024
11000	0.15	41	0.359543
11000	0.15	41	0.357206
11000	0.15	42	0.356741

12000	0.15	41	0.423326
12000	0.15	44	0.421722
12000	0.15	43	0.419992
12000	0.15	42	0.421004
12000	0.15	42	0.417927
12000	0.15	42	0.420967
12000	0.15	44	0.489219
12000	0.15	40	0.416827
12000	0.15	42	0.421103
12000	0.15	44	0.426104
12000	0.15	43	0.418515
12000	0.15	43	0.420988
12000	0.15	43	0.421076
12000	0.15	41	0.420185
12000	0.15	43	0.417448
12000	0.15	41	0.433985
12000	0.15	40	0.48891
12000	0.15	41	0.417619
12000	0.15	41	0.434108
12000	0.15	42	0.420906
12000	0.15	39	0.417804
12000	0.15	39	0.418586
12000	0.15	41	0.419692
12000	0.15	39	0.423814
12000	0.15	43	0.42561
12000	0.15	41	0.41914
12000	0.15	41	0.46796
12000	0.15	40	0.422119
12000	0.15	41	0.421674
12000	0.15	44	0.420628

13000	0.15	40	0.553269
13000	0.15	41	0.491611
13000	0.15	43	0.487855
13000	0.15	41	0.492436
13000	0.15	39	0.488213
13000	0.15	42	0.507707
13000	0.15	42	0.493596
13000	0.15	40	0.498836
13000	0.15	43	0.494424
13000	0.15	39	0.49105
13000	0.15	42	0.497257
13000	0.15	43	0.496487
13000	0.15	42	0.48777
13000	0.15	42	0.490087
13000	0.15	39	0.488059
13000	0.15	43	0.489761
13000	0.15	40	0.49033
13000	0.15	40	0.486448
13000	0.15	41	0.489892
13000	0.15	43	0.499734
13000	0.15	40	0.490862
13000	0.15	43	0.486257
13000	0.15	39	0.488352
13000	0.15	42	0.491868
13000	0.15	44	0.488253
13000	0.15	40	0.484297
13000	0.15	41	0.488314
13000	0.15	44	0.497111
13000	0.15	43	0.488728
13000	0.15	44	0.49151

14000	0.15	42	0.623929
14000	0.15	44	0.564608
14000	0.15	43	0.569584
14000	0.15	44	0.567488
14000	0.15	42	0.598689
14000	0.15	43	0.567435
14000	0.15	42	0.566468
14000	0.15	39	0.563699
14000	0.15	42	0.56602
14000	0.15	41	0.572283
14000	0.15	42	0.559791
14000	0.15	43	0.566863
14000	0.15	40	0.563744
14000	0.15	42	0.5648
14000	0.15	41	0.560996
14000	0.15	42	0.565743
14000	0.15	40	0.563616
14000	0.15	42	0.559866
14000	0.15	41	0.565162
14000	0.15	41	0.566212
14000	0.15	39	0.562147
14000	0.15	43	0.562908
14000	0.15	44	0.562076
14000	0.15	43	0.565435
14000	0.15	45	0.563413
14000	0.15	41	0.561013
14000	0.15	40	0.564378
14000	0.15	42	0.569379
14000	0.15	42	0.565763
14000	0.15	43	0.564626

15000	0.15	45	0.638091
15000	0.15	42	0.646124
15000	0.15	41	0.643557
15000	0.15	40	0.645536
15000	0.15	40	0.64387
15000	0.15	44	0.642409
15000	0.15	41	0.644541
15000	0.15	41	0.647048
15000	0.15	42	0.641903
15000	0.15	41	0.644305
15000	0.15	40	0.649621
15000	0.15	41	0.683804
15000	0.15	42	0.640762
15000	0.15	43	0.643194
15000	0.15	39	0.637162
15000	0.15	41	0.642655
15000	0.15	40	0.642987
15000	0.15	41	0.636283
15000	0.15	39	0.707314
15000	0.15	40	0.658548
15000	0.15	40	0.640232
15000	0.15	43	0.644599
15000	0.15	43	0.640931
15000	0.15	42	0.641879
15000	0.15	41	0.638082
15000	0.15	41	0.718584
15000	0.15	42	0.646056
15000	0.15	43	0.650939
15000	0.15	42	0.644304
15000	0.15	41	0.642377

16000	0.15	45	0.723265
16000	0.15	41	0.726259
16000	0.15	43	0.724832
16000	0.15	41	0.725413
16000	0.15	40	0.725866
16000	0.15	42	0.727977
16000	0.15	44	0.7486
16000	0.15	43	0.722661
16000	0.15	43	0.73233
16000	0.15	42	0.725785
16000	0.15	39	0.724932
16000	0.15	41	0.726915
16000	0.15	45	0.72262
16000	0.15	39	0.735081
16000	0.15	39	0.727248
16000	0.15	42	0.742535
16000	0.15	42	0.72463
16000	0.15	42	0.719562
16000	0.15	41	0.720192
16000	0.15	42	0.725446
16000	0.15	42	0.732407
16000	0.15	40	0.73091
16000	0.15	42	0.896224
16000	0.15	41	0.720129
16000	0.15	40	1.03908
16000	0.15	43	0.766099
16000	0.15	44	0.726872
16000	0.15	43	0.79858
16000	0.15	41	0.825769
16000	0.15	45	0.92566

17000	0.15	45	0.836114
17000	0.15	43	1.05794
17000	0.15	42	0.948476
17000	0.15	40	0.809774
17000	0.15	41	0.92579
17000	0.15	42	0.838706
17000	0.15	44	0.835776
17000	0.15	42	0.820564
17000	0.15	41	0.835275
17000	0.15	42	0.933578
17000	0.15	42	0.835376
17000	0.15	42	0.877142
17000	0.15	42	0.824187
17000	0.15	44	0.848115
17000	0.15	43	0.836784
17000	0.15	42	0.828289
17000	0.15	40	0.831188
17000	0.15	44	0.829266
17000	0.15	40	0.814036
17000	0.15	41	0.828393
17000	0.15	43	0.835171
17000	0.15	39	0.882201
17000	0.15	41	0.827589
17000	0.15	42	0.815538
17000	0.15	43	0.810962
17000	0.15	42	0.808504
17000	0.15	42	0.813047
17000	0.15	44	0.82349
17000	0.15	39	0.814599
17000	0.15	41	0.817411

18000	0.15	43	0.909479
18000	0.15	43	0.913309
18000	0.15	41	0.91752
18000	0.15	41	0.911957
18000	0.15	42	0.922918
18000	0.15	42	0.97551
18000	0.15	44	0.929559
18000	0.15	43	0.923278
18000	0.15	43	0.9171
18000	0.15	41	0.920152
18000	0.15	38	0.916149
18000	0.15	43	0.919516
18000	0.15	45	0.929797
18000	0.15	41	0.924756
18000	0.15	41	0.939497
18000	0.15	41	0.914739
18000	0.15	42	0.923936
18000	0.15	42	0.907454
18000	0.15	40	0.969913
18000	0.15	43	0.914997
18000	0.15	40	0.909137
18000	0.15	42	0.908864
18000	0.15	40	0.961283
18000	0.15	43	0.910276
18000	0.15	43	0.912889
18000	0.15	42	0.905305
18000	0.15	43	0.913526
18000	0.15	43	0.922331
18000	0.15	40	0.917492
18000	0.15	42	0.913874

19000	0.15	43	1.01006
19000	0.15	43	1.05536
19000	0.15	42	1.01645
19000	0.15	42	1.01714
19000	0.15	39	1.03563
19000	0.15	40	1.03132
19000	0.15	44	1.01764
19000	0.15	40	1.07402
19000	0.15	43	1.01293
19000	0.15	38	1.01279
19000	0.15	43	1.01168
19000	0.15	41	1.01557
19000	0.15	44	1.01621
19000	0.15	41	1.02204
19000	0.15	43	1.00918
19000	0.15	42	1.01409
19000	0.15	41	1.01018
19000	0.15	40	1.0231
19000	0.15	43	1.01764
19000	0.15	40	1.01195
19000	0.15	38	1.01243
19000	0.15	39	1.01418
19000	0.15	40	1.02322
19000	0.15	41	1.00966
19000	0.15	42	1.01183
19000	0.15	43	1.00559
19000	0.15	44	1.01041
19000	0.15	43	1.03408
19000	0.15	42	1.01733
19000	0.15	43	1.02585

20000	0.15	40	1.12404
20000	0.15	44	1.18656
20000	0.15	41	1.11831
20000	0.15	42	1.121
20000	0.15	40	1.12142
20000	0.15	38	1.15971
20000	0.15	44	1.13596
20000	0.15	42	1.12799
20000	0.15	44	1.12651
20000	0.15	40	1.12515
20000	0.15	42	1.1202
20000	0.15	42	1.15716
20000	0.15	44	1.19796
20000	0.15	42	1.19941
20000	0.15	43	1.12445
20000	0.15	42	1.12548
20000	0.15	42	1.12075
20000	0.15	42	1.13045
20000	0.15	43	1.12723
20000	0.15	41	1.12487
20000	0.15	40	1.25621
20000	0.15	41	1.17294
20000	0.15	40	1.16558
20000	0.15	41	1.12643
20000	0.15	44	1.1258
20000	0.15	45	1.12318
20000	0.15	42	1.13357
20000	0.15	41	1.17173
20000	0.15	42	1.15348
20000	0.15	43	1.12533

21000	0.15	40	1.29143
21000	0.15	42	1.23295
21000	0.15	41	1.24453
21000	0.15	42	1.22606
21000	0.15	42	1.22715
21000	0.15	44	1.22931
21000	0.15	41	1.22747
21000	0.15	41	1.22312
21000	0.15	42	1.30101
21000	0.15	41	1.26595
21000	0.15	45	1.23106
21000	0.15	41	1.23145
21000	0.15	43	1.22295
21000	0.15	43	1.23251
21000	0.15	42	1.22547
21000	0.15	43	1.22738
21000	0.15	40	1.23861
21000	0.15	44	1.22262
21000	0.15	43	1.21871
21000	0.15	40	1.22567
21000	0.15	39	1.22442
21000	0.15	43	1.22628
21000	0.15	41	1.23798
21000	0.15	43	1.22946
21000	0.15	44	1.22814
21000	0.15	43	1.21611
21000	0.15	43	1.22522
21000	0.15	42	1.30239
21000	0.15	42	1.22786
21000	0.15	44	1.22912

22000	0.15	42	1.34655
22000	0.15	43	1.34158
22000	0.15	43	1.35677
22000	0.15	41	1.34162
22000	0.15	43	1.34903
22000	0.15	43	1.37404
22000	0.15	42	1.34444
22000	0.15	42	1.41697
22000	0.15	41	1.34438
22000	0.15	42	1.35633
22000	0.15	44	1.34697
22000	0.15	40	1.34895
22000	0.15	43	1.34987
22000	0.15	44	1.35012
22000	0.15	44	1.35829
22000	0.15	42	1.35457
22000	0.15	39	1.34366
22000	0.15	44	1.40754
22000	0.15	43	1.34438
22000	0.15	41	1.41044
22000	0.15	41	1.3516
22000	0.15	43	1.38313
22000	0.15	44	1.34907
22000	0.15	44	1.34196
22000	0.15	43	1.34662
22000	0.15	45	1.34639
22000	0.15	44	1.34425
22000	0.15	41	1.35726
22000	0.15	40	1.35613
22000	0.15	44	1.35143

23000	0.15	43	1.48969
23000	0.15	43	1.45798
23000	0.15	42	1.4631
23000	0.15	41	1.48652
23000	0.15	43	1.5292
23000	0.15	41	1.46674
23000	0.15	42	1.46922
23000	0.15	41	1.45895
23000	0.15	41	1.46351
23000	0.15	43	1.47032
23000	0.15	43	1.46158
23000	0.15	43	1.47154
23000	0.15	41	1.51304
23000	0.15	42	1.47251
23000	0.15	42	1.46412
23000	0.15	43	1.46522
23000	0.15	41	1.45957
23000	0.15	44	1.46795
23000	0.15	42	1.46018
23000	0.15	41	1.4845
23000	0.15	38	1.47952
23000	0.15	41	1.45675
23000	0.15	44	1.47129
23000	0.15	42	1.46098
23000	0.15	43	1.45992
23000	0.15	43	1.45889
23000	0.15	41	1.45312
23000	0.15	42	1.48051
23000	0.15	42	1.45968
23000	0.15	43	1.46517

24000	0.15	43	1.63482
24000	0.15	44	1.60013
24000	0.15	42	1.61249
24000	0.15	43	1.61331
24000	0.15	40	1.58778
24000	0.15	41	1.58808
24000	0.15	41	1.59279
24000	0.15	38	1.60385
24000	0.15	43	1.5952
24000	0.15	43	1.59744
24000	0.15	43	1.60082
24000	0.15	43	1.59587
24000	0.15	42	1.59383
24000	0.15	42	1.5964
24000	0.15	41	1.60904
24000	0.15	42	1.59595
24000	0.15	41	1.5866
24000	0.15	45	1.58721
24000	0.15	43	1.5847
24000	0.15	42	1.59453
24000	0.15	40	1.58653
24000	0.15	43	1.5901
24000	0.15	40	1.60781
24000	0.15	42	1.58158
24000	0.15	44	1.58757
24000	0.15	43	1.57763
24000	0.15	41	1.5863
24000	0.15	44	1.59803
24000	0.15	42	1.59733
24000	0.15	43	1.59356

25000	0.15	45	1.70566
25000	0.15	43	1.71202
25000	0.15	44	1.73894
25000	0.15	41	1.71084
25000	0.15	39	1.71953
25000	0.15	43	1.72352
25000	0.15	42	1.71877
25000	0.15	41	1.70827
25000	0.15	43	1.71445
25000	0.15	44	1.72317
25000	0.15	43	1.78751
25000	0.15	43	1.71593
25000	0.15	43	1.86078
25000	0.15	42	1.71877
25000	0.15	41	1.71138
25000	0.15	41	1.71428
25000	0.15	40	1.70624
25000	0.15	43	1.71447
25000	0.15	43	1.7103
25000	0.15	41	1.78203
25000	0.15	40	1.71112
25000	0.15	43	1.70882
25000	0.15	43	1.71251
25000	0.15	43	1.72267
25000	0.15	43	1.7399
25000	0.15	43	1.74527
25000	0.15	41	1.77881
25000	0.15	42	1.72435
25000	0.15	41	1.70889
25000	0.15	44	1.72006

26000	0.15	44	1.89126
26000	0.15	43	1.87932
26000	0.15	45	1.86098
26000	0.15	45	1.88507
26000	0.15	43	1.8666
26000	0.15	44	1.85774
26000	0.15	43	1.86398
26000	0.15	40	1.94219
26000	0.15	40	1.85794
26000	0.15	42	1.8732
26000	0.15	42	1.85504
26000	0.15	40	1.87117
26000	0.15	42	1.85845
26000	0.15	41	1.87043
26000	0.15	42	1.84766
26000	0.15	40	1.85695
26000	0.15	42	1.85044
26000	0.15	44	1.86249
26000	0.15	44	1.8495
26000	0.15	38	1.88634
26000	0.15	39	1.86367
26000	0.15	40	1.85315
26000	0.15	43	1.86298
26000	0.15	43	1.85753
26000	0.15	40	1.8493
26000	0.15	43	1.8567
26000	0.15	44	1.92398
26000	0.15	45	1.87871
26000	0.15	43	1.9065
26000	0.15	42	1.85764

27000	0.15	43	1.99088
27000	0.15	44	1.99437
27000	0.15	44	1.99516
27000	0.15	45	1.99992
27000	0.15	40	1.98636
27000	0.15	43	2.01156
27000	0.15	43	1.99121
27000	0.15	41	2.00427
27000	0.15	40	2.00914
27000	0.15	42	2.00936
27000	0.15	42	2.07998
27000	0.15	42	2.00398
27000	0.15	40	1.99877
27000	0.15	42	2.01451
27000	0.15	43	1.98864
27000	0.15	41	2.02501
27000	0.15	42	2.00258
27000	0.15	43	2.00291
27000	0.15	43	1.99947
27000	0.15	42	2.00223
27000	0.15	41	1.99667
27000	0.15	43	2.01424
27000	0.15	43	1.99712
27000	0.15	42	2.00102
27000	0.15	41	1.99252
27000	0.15	44	1.98263
27000	0.15	42	1.99224
27000	0.15	44	2.00661
27000	0.15	44	2.05542
27000	0.15	43	1.99705

28000	0.15	44	2.14225
28000	0.15	44	2.14377
28000	0.15	43	2.14482
28000	0.15	44	2.14846
28000	0.15	41	2.14444
28000	0.15	42	2.15353
28000	0.15	40	2.18885
28000	0.15	41	2.15224
28000	0.15	42	2.23065
28000	0.15	46	2.16812
28000	0.15	40	2.1452
28000	0.15	43	2.16285
28000	0.15	42	2.14522
28000	0.15	42	2.15167
28000	0.15	42	2.14464
28000	0.15	41	2.15784
28000	0.15	42	2.1458
28000	0.15	44	2.14275
28000	0.15	44	2.13965
28000	0.15	42	2.15664
28000	0.15	41	2.15164
28000	0.15	41	2.15285
28000	0.15	43	2.1497
28000	0.15	43	2.21198
28000	0.15	40	2.15104
28000	0.15	40	2.13945
28000	0.15	42	2.16021
28000	0.15	43	2.23791
28000	0.15	44	2.15561
28000	0.15	44	2.16083

29000	0.15	44	2.29385
29000	0.15	44	2.31764
29000	0.15	44	2.30331
29000	0.15	42	2.3557
29000	0.15	42	2.3572
29000	0.15	42	2.29621
29000	0.15	44	2.36162
29000	0.15	40	2.30707
29000	0.15	41	2.34238
29000	0.15	45	2.38305
29000	0.15	41	2.32889
29000	0.15	44	2.30497
29000	0.15	40	2.28806
29000	0.15	43	2.31588
29000	0.15	43	2.29903
29000	0.15	42	2.30601
29000	0.15	40	2.37858
29000	0.15	42	2.29652
29000	0.15	43	2.30041
29000	0.15	44	2.30807
29000	0.15	42	2.29633
29000	0.15	40	2.35452
29000	0.15	42	2.29543
29000	0.15	44	2.29529
29000	0.15	41	2.30439
29000	0.15	40	2.30626
29000	0.15	43	2.29367
29000	0.15	43	2.31177
29000	0.15	44	2.37094
29000	0.15	43	2.3089

30000	0.15	42	2.59133
30000	0.15	45	2.48553
30000	0.15	42	2.44964
30000	0.15	44	2.45614
30000	0.15	41	2.44805
30000	0.15	40	2.45403
30000	0.15	43	2.44745
30000	0.15	39	2.48796
30000	0.15	41	2.46415
30000	0.15	44	2.532
30000	0.15	41	2.52279
30000	0.15	42	2.45587
30000	0.15	41	2.45362
30000	0.15	43	2.50028
30000	0.15	43	2.44379
30000	0.15	42	2.46638
30000	0.15	41	2.45061
30000	0.15	43	2.45771
30000	0.15	43	2.522
30000	0.15	42	2.46947
30000	0.15	43	2.46943
30000	0.15	43	2.46182
30000	0.15	42	2.46359
30000	0.15	43	2.44226
30000	0.15	42	2.44883
30000	0.15	41	2.43681
30000	0.15	42	2.44529
30000	0.15	44	2.52768
30000	0.15	42	2.45381
30000	0.15	42	2.45824

