1000	0.1	53	0.016436
1000	0.1	56	0.01319
1000	0.1	55	0.010786
1000	0.1	48	0.013093
1000	0.1	50	0.01059
1000	0.1	40	0.010691
1000	0.1	55	0.00744
1000	0.1	52	0.004626
1000	0.1	49	0.004527
1000	0.1	45	0.004643
1000	0.1	47	0.00522
1000	0.1	50	0.004624
1000	0.1	48	0.00492
1000	0.1	39	0.005708
1000	0.1	44	0.00564
1000	0.1	42	0.005253
1000	0.1	57	0.004808
1000	0.1	52	0.004949
1000	0.1	49	0.005019
1000	0.1	47	0.004611
1000	0.1	46	0.005023
1000	0.1	49	0.005333
1000	0.1	44	0.005139
1000	0.1	38	0.006329
1000	0.1	41	0.005428
1000	0.1	51	0.004873
1000	0.1	44	0.005348
1000	0.1	49	0.005032
1000	0.1	43	0.005113
1000	0.1	44	0.005452

2000	0.1	48	0.01818
2000	0.1	56	0.013965
2000	0.1	55	0.014827
2000	0.1	64	0.015599
2000	0.1	59	0.013243
2000	0.1	60	0.013715
2000	0.1	48	0.017306
2000	0.1	60	0.014955
2000	0.1	52	0.013805
2000	0.1	59	0.04363
2000	0.1	49	0.032371
2000	0.1	63	0.024012
2000	0.1	51	0.018946
2000	0.1	54	0.014355
2000	0.1	53	0.015832
2000	0.1	56	0.014472
2000	0.1	58	0.01315
2000	0.1	57	0.035114
2000	0.1	46	0.030727
2000	0.1	64	0.020903
2000	0.1	59	0.017568
2000	0.1	57	0.014047
2000	0.1	53	0.014565
2000	0.1	52	0.017024
2000	0.1	57	0.014061
2000	0.1	55	0.014819
2000	0.1	59	0.013434
2000	0.1	62	0.013534
2000	0.1	53	0.015027
2000	0.1	59	0.013667

3000	0.1	59	0.031567
3000	0.1	64	0.024847
3000	0.1	61	0.024584
3000	0.1	49	0.034727
3000	0.1	53	0.028362
3000	0.1	63	0.026404
3000	0.1	56	0.02716
3000	0.1	54	0.030257
3000	0.1	63	0.027347
3000	0.1	55	0.03212
3000	0.1	53	0.03207
3000	0.1	41	0.041267
3000	0.1	64	0.026454
3000	0.1	52	0.030412
3000	0.1	48	0.033321
3000	0.1	60	0.028738
3000	0.1	50	0.032363
3000	0.1	50	0.034264
3000	0.1	58	0.0277
3000	0.1	68	0.025818
3000	0.1	66	0.02822
3000	0.1	64	0.026052
3000	0.1	54	0.033589
3000	0.1	65	0.024681
3000	0.1	59	0.027974
3000	0.1	57	0.029239
3000	0.1	65	0.026707
3000	0.1	64	0.026654
3000	0.1	55	0.035463
3000	0.1	59	0.029157

4000	0.1	56	0.050766
4000	0.1	59	0.047307
4000	0.1	51	0.05571
4000	0.1	69	0.039129
4000	0.1	61	0.044665
4000	0.1	70	0.039684
4000	0.1	73	0.040765
4000	0.1	49	0.056933
4000	0.1	61	0.048039
4000	0.1	57	0.045128
4000	0.1	43	0.071278
4000	0.1	67	0.052894
4000	0.1	57	0.050228
4000	0.1	67	0.04599
4000	0.1	57	0.048757
4000	0.1	60	0.048821
4000	0.1	53	0.055282
4000	0.1	68	0.039301
4000	0.1	55	0.049841
4000	0.1	61	0.046827
4000	0.1	56	0.049279
4000	0.1	52	0.055656
4000	0.1	64	0.046605
4000	0.1	62	0.04878
4000	0.1	65	0.048592
4000	0.1	61	0.043456
4000	0.1	60	0.048997
4000	0.1	65	0.047253
4000	0.1	60	0.043917
4000	0.1	65	0.043588

5000	0.1	68	0.068088
5000	0.1	68	0.06161
5000	0.1	64	0.069765
5000	0.1	60	0.076402
5000	0.1	51	0.085013
5000	0.1	57	0.074376
5000	0.1	56	0.077213
5000	0.1	59	0.073892
5000	0.1	67	0.060458
5000	0.1	71	0.056312
5000	0.1	68	0.066443
5000	0.1	67	0.062046
5000	0.1	66	0.067521
5000	0.1	55	0.086087
5000	0.1	72	0.060804
5000	0.1	53	0.079942
5000	0.1	65	0.065673
5000	0.1	67	0.061977
5000	0.1	68	0.090826
5000	0.1	55	0.083478
5000	0.1	73	0.058322
5000	0.1	49	0.103268
5000	0.1	61	0.069682
5000	0.1	65	0.087668
5000	0.1	63	0.070999
5000	0.1	68	0.067665
5000	0.1	62	0.063127
5000	0.1	65	0.084714
5000	0.1	70	0.132743
5000	0.1	51	0.098173

6000	0.1	62	0.103414
6000	0.1	64	0.085704
6000	0.1	47	0.12872
6000	0.1	54	0.115421
6000	0.1	63	0.096527
6000	0.1	63	0.093872
6000	0.1	56	0.121247
6000	0.1	66	0.09364
6000	0.1	63	0.095366
6000	0.1	65	0.102705
6000	0.1	58	0.112027
6000	0.1	68	0.093081
6000	0.1	63	0.094077
6000	0.1	62	0.102268
6000	0.1	64	0.087461
6000	0.1	62	0.104267
6000	0.1	56	0.108348
6000	0.1	65	0.086973
6000	0.1	74	0.081942
6000	0.1	60	0.103347
6000	0.1	66	0.089631
6000	0.1	57	0.116946
6000	0.1	67	0.0898
6000	0.1	57	0.107526
6000	0.1	68	0.083541
6000	0.1	67	0.083153
6000	0.1	65	0.09498
6000	0.1	53	0.117602
6000	0.1	55	0.11455
6000	0.1	68	0.089709

7000	0.1	65	0.128145
7000	0.1	73	0.111708
7000	0.1	48	0.201518
7000	0.1	60	0.15089
7000	0.1	63	0.130878
7000	0.1	70	0.104587
7000	0.1	64	0.129557
7000	0.1	67	0.121517
7000	0.1	60	0.135471
7000	0.1	45	0.21383
7000	0.1	66	0.127857
7000	0.1	57	0.170176
7000	0.1	63	0.135231
7000	0.1	66	0.137262
7000	0.1	66	0.118614
7000	0.1	70	0.115015
7000	0.1	68	0.115872
7000	0.1	81	0.098937
7000	0.1	70	0.109307
7000	0.1	69	0.134199
7000	0.1	60	0.13126
7000	0.1	71	0.113798
7000	0.1	49	0.158175
7000	0.1	65	0.137752
7000	0.1	68	0.125411
7000	0.1	77	0.106412
7000	0.1	70	0.133167
7000	0.1	48	0.163319
7000	0.1	58	0.150375
7000	0.1	66	0.123073

8000	0.1	56	0.180802
8000	0.1	63	0.237491
8000	0.1	68	0.150296
8000	0.1	67	0.162167
8000	0.1	76	0.131641
8000	0.1	63	0.181533
8000	0.1	54	0.175564
8000	0.1	69	0.154422
8000	0.1	66	0.164673
8000	0.1	52	0.221004
8000	0.1	68	0.150786
8000	0.1	70	0.153071
8000	0.1	68	0.175352
8000	0.1	48	0.232884
8000	0.1	73	0.155241
8000	0.1	70	0.147906
8000	0.1	71	0.14418
8000	0.1	66	0.151844
8000	0.1	55	0.181316
8000	0.1	67	0.162617
8000	0.1	45	0.246108
8000	0.1	65	0.155613
8000	0.1	70	0.143334
8000	0.1	68	0.139401
8000	0.1	65	0.170856
8000	0.1	58	0.191312
8000	0.1	67	0.175901
8000	0.1	66	0.166377
8000	0.1	63	0.177235
8000	0.1	60	0.190155

9000	0.1	69	0.205496
9000	0.1	66	0.271258
9000	0.1	55	0.263633
9000	0.1	69	0.200983
9000	0.1	53	0.390248
9000	0.1	71	0.178044
9000	0.1	72	0.169713
9000	0.1	69	0.207624
9000	0.1	71	0.193711
9000	0.1	53	0.224901
9000	0.1	72	0.19461
9000	0.1	62	0.213515
9000	0.1	57	0.252961
9000	0.1	59	0.227902
9000	0.1	74	0.189751
9000	0.1	61	0.228698
9000	0.1	60	0.286597
9000	0.1	77	0.16121
9000	0.1	72	0.211857
9000	0.1	53	0.279259
9000	0.1	73	0.204379
9000	0.1	60	0.235778
9000	0.1	66	0.206317
9000	0.1	60	0.265712
9000	0.1	59	0.216214
9000	0.1	65	0.244008
9000	0.1	64	0.225967
9000	0.1	70	0.201815
9000	0.1	60	0.22562
9000	0.1	69	0.232619

10000	0.1	73	0.237607
10000	0.1	76	0.213378
10000	0.1	65	0.272126
10000	0.1	68	0.227294
10000	0.1	62	0.304977
10000	0.1	64	0.307591
10000	0.1	64	0.277059
10000	0.1	63	0.293023
10000	0.1	60	0.264771
10000	0.1	61	0.246577
10000	0.1	61	0.287576
10000	0.1	77	0.224109
10000	0.1	62	0.310848
10000	0.1	68	0.228591
10000	0.1	68	0.260719
10000	0.1	53	0.3359
10000	0.1	63	0.272374
10000	0.1	59	0.310949
10000	0.1	64	0.270831
10000	0.1	72	0.222659
10000	0.1	67	0.251062
10000	0.1	66	0.243655
10000	0.1	67	0.245086
10000	0.1	65	0.267625
10000	0.1	58	0.383065
10000	0.1	65	0.29213
10000	0.1	58	0.297947
10000	0.1	75	0.224789
10000	0.1	69	0.246707
10000	0.1	50	0.377185

11000	0.1	77	0.233902
11000	0.1	66	0.314395
11000	0.1	57	0.464374
11000	0.1	72	0.299221
11000	0.1	74	0.264568
11000	0.1	56	0.424349
11000	0.1	71	0.277803
11000	0.1	61	0.374549
11000	0.1	74	0.246145
11000	0.1	66	0.318692
11000	0.1	71	0.293255
11000	0.1	70	0.295888
11000	0.1	73	0.279374
11000	0.1	68	0.283022
11000	0.1	64	0.326188
11000	0.1	65	0.321097
11000	0.1	58	0.365955
11000	0.1	59	0.352591
11000	0.1	65	0.326436
11000	0.1	76	0.259835
11000	0.1	51	0.429928
11000	0.1	70	0.279865
11000	0.1	57	0.328971
11000	0.1	75	0.307434
11000	0.1	75	0.303992
11000	0.1	75	0.224429
11000	0.1	66	0.300651
11000	0.1	74	0.258852
11000	0.1	69	0.308676
11000	0.1	56	0.329156

12000	0.1	72	0.323615
12000	0.1	70	0.382605
12000	0.1	72	0.345974
12000	0.1	77	0.287815
12000	0.1	80	0.289224
12000	0.1	71	0.334169
12000	0.1	72	0.314856
12000	0.1	56	0.468185
12000	0.1	59	0.482914
12000	0.1	58	0.44359
12000	0.1	75	0.360706
12000	0.1	58	0.425808
12000	0.1	58	0.441629
12000	0.1	72	0.366281
12000	0.1	68	0.344809
12000	0.1	69	0.360692
12000	0.1	72	0.346732
12000	0.1	70	0.40239
12000	0.1	63	0.474962
12000	0.1	58	0.412237
12000	0.1	65	0.348668
12000	0.1	73	0.338585
12000	0.1	68	0.417405
12000	0.1	44	0.706719
12000	0.1	67	0.350619
12000	0.1	62	0.43402
12000	0.1	60	0.400106
12000	0.1	68	0.445219
12000	0.1	66	0.349187
12000	0.1	67	0.403301

13000	0.1	72	0.453745
13000	0.1	69	0.395481
13000	0.1	75	0.362559
13000	0.1	76	0.392461
13000	0.1	69	0.446232
13000	0.1	54	0.643945
13000	0.1	68	0.518258
13000	0.1	65	0.484611
13000	0.1	59	0.5731
13000	0.1	70	0.446549
13000	0.1	68	0.441562
13000	0.1	67	0.602996
13000	0.1	56	0.49289
13000	0.1	63	0.444508
13000	0.1	70	0.446178
13000	0.1	61	0.487101
13000	0.1	66	0.443221
13000	0.1	69	0.483434
13000	0.1	72	0.368149
13000	0.1	72	0.384241
13000	0.1	73	0.422612
13000	0.1	67	0.42565
13000	0.1	64	0.545508
13000	0.1	65	0.487138
13000	0.1	75	0.412586
13000	0.1	61	0.622655
13000	0.1	72	0.42489
13000	0.1	70	0.483146
13000	0.1	70	0.411202
13000	0.1	71	0.472153

14000	0.1	76	0.413968
14000	0.1	70	0.445166
14000	0.1	61	0.518916
14000	0.1	62	0.611179
14000	0.1	67	0.543917
14000	0.1	65	0.660097
14000	0.1	69	0.435285
14000	0.1	78	0.433593
14000	0.1	66	0.477008
14000	0.1	63	0.751554
14000	0.1	72	0.443415
14000	0.1	71	0.545022
14000	0.1	71	0.445146
14000	0.1	57	0.754092
14000	0.1	69	0.454575
14000	0.1	56	0.746548
14000	0.1	68	0.548311
14000	0.1	62	0.595505
14000	0.1	75	0.417177
14000	0.1	78	0.397654
14000	0.1	61	0.531082
14000	0.1	78	0.408189
14000	0.1	71	0.484398
14000	0.1	80	0.373956
14000	0.1	81	0.390665
14000	0.1	74	0.488313
14000	0.1	72	0.454792
14000	0.1	76	0.450141
14000	0.1	69	0.533328
14000	0.1	65	0.55826

15000	0.1	67	0.548732
15000	0.1	50	0.826725
15000	0.1	73	0.504752
15000	0.1	63	0.614601
15000	0.1	72	0.518301
15000	0.1	73	0.531747
15000	0.1	66	0.704639
15000	0.1	78	0.55783
15000	0.1	74	0.545939
15000	0.1	74	0.532195
15000	0.1	66	0.65985
15000	0.1	78	0.540997
15000	0.1	78	0.535124
15000	0.1	74	0.525839
15000	0.1	62	0.650553
15000	0.1	71	0.562481
15000	0.1	74	0.581855
15000	0.1	69	0.551004
15000	0.1	72	0.589512
15000	0.1	64	0.692242
15000	0.1	59	0.683654
15000	0.1	73	0.607335
15000	0.1	73	0.577938
15000	0.1	62	0.637003
15000	0.1	80	0.476703
15000	0.1	70	0.562791
15000	0.1	76	0.611527
15000	0.1	47	0.946567
15000	0.1	84	0.473772
15000	0.1	76	0.555234

16000	0.1	75	0.5413
16000	0.1	58	0.850449
16000	0.1	64	0.724987
16000	0.1	73	0.670188
16000	0.1	70	0.664582
16000	0.1	62	0.751328
16000	0.1	74	0.593657
16000	0.1	63	0.6805
16000	0.1	74	0.56232
16000	0.1	73	0.574123
16000	0.1	61	0.725456
16000	0.1	80	0.589252
16000	0.1	82	0.549061
16000	0.1	59	0.694108
16000	0.1	83	0.50708
16000	0.1	75	0.601297
16000	0.1	56	0.905111
16000	0.1	62	0.778339
16000	0.1	76	0.691657
16000	0.1	68	0.680954
16000	0.1	65	0.751568
16000	0.1	77	0.623895
16000	0.1	74	0.682509
16000	0.1	61	0.830971
16000	0.1	52	1.09658
16000	0.1	71	0.613052
16000	0.1	63	0.706748
16000	0.1	73	0.600056
16000	0.1	71	0.670029
16000	0.1	69	0.643808

17000	0.1	72	0.704123
17000	0.1	69	0.704924
17000	0.1	63	0.860431
17000	0.1	70	0.879301
17000	0.1	64	0.807143
17000	0.1	63	0.854121
17000	0.1	68	0.799618
17000	0.1	71	0.682245
17000	0.1	79	0.640779
17000	0.1	76	0.656446
17000	0.1	74	0.807438
17000	0.1	84	0.582303
17000	0.1	76	0.632965
17000	0.1	69	0.721723
17000	0.1	55	0.920612
17000	0.1	80	0.551419
17000	0.1	70	0.808235
17000	0.1	71	0.706476
17000	0.1	73	0.689217
17000	0.1	72	0.681102
17000	0.1	76	0.700692
17000	0.1	74	0.688173
17000	0.1	56	0.959759
17000	0.1	63	0.903033
17000	0.1	73	0.792042
17000	0.1	70	0.741128
17000	0.1	68	0.801289
17000	0.1	74	0.686423
17000	0.1	59	0.904873
17000	0.1	72	0.664069

18000	0.1	70	0.814592
18000	0.1	62	0.977437
18000	0.1	77	0.818211
18000	0.1	66	0.915686
18000	0.1	76	0.7217
18000	0.1	66	0.875852
18000	0.1	75	0.689061
18000	0.1	57	1.13168
18000	0.1	62	0.9638
18000	0.1	79	0.733194
18000	0.1	65	0.989528
18000	0.1	74	0.828317
18000	0.1	68	0.929284
18000	0.1	64	0.979842
18000	0.1	82	0.733716
18000	0.1	53	1.129
18000	0.1	77	0.739815
18000	0.1	73	0.71913
18000	0.1	63	1.18263
18000	0.1	75	0.748094
18000	0.1	56	1.07462
18000	0.1	80	0.620371
18000	0.1	61	0.91498
18000	0.1	73	0.766036
18000	0.1	68	0.823657
18000	0.1	66	0.942371
18000	0.1	70	0.767343
18000	0.1	72	0.806649
18000	0.1	59	1.11861
18000	0.1	70	0.891968

19000	0.1	57	1.35197
19000	0.1	64	1.05018
19000	0.1	73	0.892813
19000	0.1	59	1.16286
19000	0.1	56	1.20105
19000	0.1	64	1.19944
19000	0.1	74	0.886658
19000	0.1	79	0.850186
19000	0.1	71	0.893407
19000	0.1	71	0.861058
19000	0.1	72	0.951641
19000	0.1	76	0.865047
19000	0.1	72	1.01206
19000	0.1	63	1.07707
19000	0.1	81	0.838281
19000	0.1	75	0.914623
19000	0.1	63	1.07051
19000	0.1	65	1.16011
19000	0.1	72	0.983596
19000	0.1	79	0.820933
19000	0.1	62	1.15037
19000	0.1	75	0.95429
19000	0.1	59	1.2048
19000	0.1	69	1.09137
19000	0.1	68	1.02186
19000	0.1	75	0.874456
19000	0.1	71	0.962402
19000	0.1	64	1.03029
19000	0.1	76	0.796357
19000	0.1	70	0.982407

20000	0.1	70	1.02757
20000	0.1	66	1.19076
20000	0.1	71	0.887339
20000	0.1	63	1.17025
20000	0.1	69	1.27054
20000	0.1	82	0.866249
20000	0.1	68	1.07213
20000	0.1	73	0.916056
20000	0.1	72	1.05284
20000	0.1	76	0.951002
20000	0.1	74	0.824017
20000	0.1	77	0.937095
20000	0.1	64	1.1242
20000	0.1	69	1.02126
20000	0.1	63	1.23703
20000	0.1	64	1.25513
20000	0.1	82	0.871254
20000	0.1	72	1.07897
20000	0.1	75	1.01333
20000	0.1	72	1.05922
20000	0.1	76	1.04524
20000	0.1	65	1.23454
20000	0.1	72	1.26211
20000	0.1	80	0.870712
20000	0.1	63	1.28501
20000	0.1	63	1.29087
20000	0.1	61	1.24944
20000	0.1	73	1.00503
20000	0.1	64	1.38448
20000	0.1	70	1.06006

21000	0.1	58	1.73243
21000	0.1	54	1.82013
21000	0.1	75	1.09213
21000	0.1	71	1.17898
21000	0.1	67	1.24849
21000	0.1	58	1.70752
21000	0.1	64	1.58705
21000	0.1	62	1.31371
21000	0.1	76	1.18325
21000	0.1	62	1.431
21000	0.1	73	1.15703
21000	0.1	72	1.13852
21000	0.1	62	1.32458
21000	0.1	63	1.35286
21000	0.1	54	1.57155
21000	0.1	69	1.11129
21000	0.1	73	0.990068
21000	0.1	73	1.17644
21000	0.1	78	1.02912
21000	0.1	75	1.11565
21000	0.1	70	1.12749
21000	0.1	65	1.16778
21000	0.1	70	1.23963
21000	0.1	62	1.64986
21000	0.1	82	0.950127
21000	0.1	78	0.99229
21000	0.1	56	1.50677
21000	0.1	50	1.98255
21000	0.1	63	2.13591
21000	0.1	59	1.47268

22000	0.1	69	1.32352
22000	0.1	78	1.06448
22000	0.1	80	1.08759
22000	0.1	74	1.19614
22000	0.1	77	1.40099
22000	0.1	61	1.44562
22000	0.1	81	1.09061
22000	0.1	57	1.56345
22000	0.1	64	1.30036
22000	0.1	78	1.02431
22000	0.1	67	1.73245
22000	0.1	64	1.49686
22000	0.1	78	1.22917
22000	0.1	71	1.31274
22000	0.1	70	1.0737
22000	0.1	73	1.18492
22000	0.1	66	1.32098
22000	0.1	75	1.19386
22000	0.1	82	1.14096
22000	0.1	75	1.2713
22000	0.1	72	1.09763
22000	0.1	70	1.46805
22000	0.1	70	1.37556
22000	0.1	68	1.37741
22000	0.1	59	1.49272
22000	0.1	73	1.20567
22000	0.1	78	1.06088
22000	0.1	73	1.2314
22000	0.1	71	1.26338
22000	0.1	68	1.46598

23000	0.1	74	1.24223
23000	0.1	78	1.30703
23000	0.1	71	1.30902
23000	0.1	60	2.0051
23000	0.1	76	1.18499
23000	0.1	63	1.49625
23000	0.1	64	1.40953
23000	0.1	67	1.62174
23000	0.1	79	1.17034
23000	0.1	61	1.59796
23000	0.1	71	1.41196
23000	0.1	78	1.24806
23000	0.1	72	1.44127
23000	0.1	70	1.46928
23000	0.1	55	2.05639
23000	0.1	70	1.43231
23000	0.1	78	1.19567
23000	0.1	67	1.61338
23000	0.1	65	1.66433
23000	0.1	75	1.18276
23000	0.1	67	1.33569
23000	0.1	68	1.66607
23000	0.1	55	1.83972
23000	0.1	78	1.23581
23000	0.1	71	1.40804
23000	0.1	72	1.34408
23000	0.1	70	1.38467
23000	0.1	73	1.38119
23000	0.1	64	1.74138
23000	0.1	74	1.3713

24000	0.1	77	1.30046
24000	0.1	65	1.93911
24000	0.1	76	1.24653
24000	0.1	76	1.23473
24000	0.1	58	1.8821
24000	0.1	59	1.87386
24000	0.1	58	2.26378
24000	0.1	68	1.52037
24000	0.1	62	1.60586
24000	0.1	81	1.28651
24000	0.1	71	1.41332
24000	0.1	62	1.71038
24000	0.1	73	1.54616
24000	0.1	70	1.52293
24000	0.1	71	1.51921
24000	0.1	73	1.52147
24000	0.1	80	1.24028
24000	0.1	59	2.10292
24000	0.1	72	1.34755
24000	0.1	76	1.33632
24000	0.1	71	1.45029
24000	0.1	79	1.38902
24000	0.1	76	1.36258
24000	0.1	71	1.62088
24000	0.1	66	2.16675
24000	0.1	67	1.79083
24000	0.1	63	1.67933
24000	0.1	78	1.16662
24000	0.1	74	1.51604
24000	0.1	64	1.62742

25000	0.1	81	1.30004
25000	0.1	51	2.51719
25000	0.1	58	1.84305
25000	0.1	79	1.5442
25000	0.1	57	2.33257
25000	0.1	78	1.40704
25000	0.1	78	1.52077
25000	0.1	67	1.70333
25000	0.1	79	1.53373
25000	0.1	74	1.42518
25000	0.1	73	1.44789
25000	0.1	51	2.39615
25000	0.1	74	1.98468
25000	0.1	79	1.6325
25000	0.1	72	1.73212
25000	0.1	61	1.94555
25000	0.1	69	1.73334
25000	0.1	78	1.29536
25000	0.1	72	1.5645
25000	0.1	67	1.9371
25000	0.1	71	1.60992
25000	0.1	77	1.52672
25000	0.1	78	1.82707
25000	0.1	79	1.57606
25000	0.1	81	1.24282
25000	0.1	57	2.13837
25000	0.1	76	1.60552
25000	0.1	73	1.52255
25000	0.1	62	1.78431
25000	0.1	65	1.68285

26000	0.1	79	1.47321
26000	0.1	70	1.66595
26000	0.1	74	1.67642
26000	0.1	77	1.60126
26000	0.1	60	2.35027
26000	0.1	76	1.74622
26000	0.1	82	1.61762
26000	0.1	66	1.90314
26000	0.1	82	1.47783
26000	0.1	78	1.59216
26000	0.1	70	1.73458
26000	0.1	69	1.82292
26000	0.1	69	1.83948
26000	0.1	78	1.5469
26000	0.1	82	1.70832
26000	0.1	75	1.75304
26000	0.1	74	1.60898
26000	0.1	77	1.55465
26000	0.1	73	1.78059
26000	0.1	59	2.20336
26000	0.1	69	1.82016
26000	0.1	72	1.80964
26000	0.1	77	1.78716
26000	0.1	68	1.92649
26000	0.1	65	1.70838
26000	0.1	80	1.36098
26000	0.1	73	1.87437
26000	0.1	59	1.98417
26000	0.1	68	1.93057
26000	0.1	49	2.85988

27000	0.1	56	2.77511
27000	0.1	77	1.64698
27000	0.1	70	1.72212
27000	0.1	61	2.31809
27000	0.1	82	1.66184
27000	0.1	78	1.68465
27000	0.1	65	2.43467
27000	0.1	70	1.89547
27000	0.1	80	1.82071
27000	0.1	73	1.67642
27000	0.1	67	2.0657
27000	0.1	74	1.82877
27000	0.1	72	1.98672
27000	0.1	66	2.47926
27000	0.1	66	2.39251
27000	0.1	85	1.65777
27000	0.1	70	1.79952
27000	0.1	60	2.32619
27000	0.1	55	2.5229
27000	0.1	76	1.84416
27000	0.1	84	1.55218
27000	0.1	82	1.58836
27000	0.1	79	1.59319
27000	0.1	63	2.45301
27000	0.1	71	1.86445
27000	0.1	79	1.71586
27000	0.1	81	1.43392
27000	0.1	72	1.90343
27000	0.1	80	1.44342
27000	0.1	69	1.93622

28000	0.1	58	3.19709
28000	0.1	73	2.00995
28000	0.1	66	2.33558
28000	0.1	65	2.22675
28000	0.1	74	1.97375
28000	0.1	82	1.81664
28000	0.1	81	1.8217
28000	0.1	79	1.69668
28000	0.1	63	2.57148
28000	0.1	81	1.84051
28000	0.1	78	2.00176
28000	0.1	75	1.94177
28000	0.1	75	1.83252
28000	0.1	86	1.67745
28000	0.1	83	1.73775
28000	0.1	81	1.79963
28000	0.1	65	2.19379
28000	0.1	73	1.89231
28000	0.1	72	1.89829
28000	0.1	75	2.16069
28000	0.1	76	1.87103
28000	0.1	75	1.96015
28000	0.1	77	2.15448
28000	0.1	75	2.16112
28000	0.1	70	2.07539
28000	0.1	74	1.72312
28000	0.1	69	1.9524
28000	0.1	65	2.61343
28000	0.1	81	1.6608
28000	0.1	75	1.90096

29000	0.1	59	3.32674
29000	0.1	84	1.85662
29000	0.1	71	2.17096
29000	0.1	73	2.21828
29000	0.1	71	2.45908
29000	0.1	74	2.15206
29000	0.1	57	3.43714
29000	0.1	76	2.04257
29000	0.1	82	2.40136
29000	0.1	69	2.44268
29000	0.1	64	2.68972
29000	0.1	69	2.22605
29000	0.1	78	1.96562
29000	0.1	70	2.24308
29000	0.1	75	2.0249
29000	0.1	79	1.9167
29000	0.1	74	2.13608
29000	0.1	59	2.77778
29000	0.1	85	1.93605
29000	0.1	76	2.15543
29000	0.1	72	2.09692
29000	0.1	77	1.83511
29000	0.1	72	2.24011
29000	0.1	68	2.33008
29000	0.1	60	3.12148
29000	0.1	69	2.45628
29000	0.1	74	2.16735
29000	0.1	71	2.47708
29000	0.1	65	2.37147
29000	0.1	67	2.19406

30000	0.1	76	2.17999
30000	0.1	72	2.11415
30000	0.1	82	1.91848
30000	0.1	81	1.9202
30000	0.1	70	1.97116
30000	0.1	74	2.1993
30000	0.1	77	2.19111
30000	0.1	68	2.37784
30000	0.1	83	2.05844
30000	0.1	78	1.94291
30000	0.1	74	2.16133
30000	0.1	76	2.12779
30000	0.1	81	1.93973
30000	0.1	63	3.16459
30000	0.1	77	2.03392
30000	0.1	76	2.19229
30000	0.1	61	2.59551
30000	0.1	72	2.24241
30000	0.1	64	2.53552
30000	0.1	83	1.75596
30000	0.1	68	2.87491
30000	0.1	75	2.23277
30000	0.1	72	2.32502
30000	0.1	76	2.22717
30000	0.1	73	2.79383
30000	0.1	72	2.61254
30000	0.1	74	2.34745
30000	0.1	79	2.338
30000	0.1	85	1.84881
30000	0.1	82	2.29491

