1000	0.2	16	0.026626
1000	0.2	16	0.018743
1000	0.2	18	0.016959
1000	0.2	14	0.017251
1000	0.2	15	0.015961
1000	0.2	12	0.017332
1000	0.2	20	0.011405
1000	0.2	16	0.01324
1000	0.2	17	0.007317
1000	0.2	15	0.007348
1000	0.2	12	0.008745
1000	0.2	16	0.00752
1000	0.2	16	0.007569
1000	0.2	14	0.010348
1000	0.2	13	0.009637
1000	0.2	14	0.008732
1000	0.2	16	0.008542
1000	0.2	17	0.008196
1000	0.2	17	0.008985
1000	0.2	16	0.015913
1000	0.2	15	0.007793
1000	0.2	16	0.013515
1000	0.2	15	0.010104
1000	0.2	10	0.019567
1000	0.2	15	0.016123
1000	0.2	17	0.008572
1000	0.2	14	0.009225
1000	0.2	15	0.009159
1000	0.2	16	0.007882
1000	0.2	15	0.019266

2000	0.2	14	0.041213
2000	0.2	18	0.02867
2000	0.2	19	0.029865
2000	0.2	15	0.028594
2000	0.2	19	0.026265
2000	0.2	21	0.029636
2000	0.2	14	0.033187
2000	0.2	18	0.029642
2000	0.2	16	0.025998
2000	0.2	19	0.028998
2000	0.2	17	0.032074
2000	0.2	19	0.02775
2000	0.2	15	0.031807
2000	0.2	17	0.031529
2000	0.2	18	0.029911
2000	0.2	17	0.031384
2000	0.2	19	0.026193
2000	0.2	17	0.03009
2000	0.2	13	0.028926
2000	0.2	19	0.026487
2000	0.2	17	0.02672
2000	0.2	19	0.029038
2000	0.2	17	0.027466
2000	0.2	15	0.040372
2000	0.2	16	0.027063
2000	0.2	18	0.050339
2000	0.2	20	0.029447
2000	0.2	19	0.028363
2000	0.2	13	0.028946
2000	0.2	17	0.028291

3000	0.2	19	0.070647
3000	0.2	18	0.056652
3000	0.2	21	0.054677
3000	0.2	18	0.083361
3000	0.2	17	0.128741
3000	0.2	21	0.129474
3000	0.2	16	0.132387
3000	0.2	18	0.117651
3000	0.2	19	0.087861
3000	0.2	18	0.130278
3000	0.2	17	0.144144
3000	0.2	11	0.13231
3000	0.2	18	0.05948
3000	0.2	18	0.069421
3000	0.2	14	0.085122
3000	0.2	19	0.125161
3000	0.2	15	0.13313
3000	0.2	14	0.138501
3000	0.2	17	0.065618
3000	0.2	19	0.061428
3000	0.2	17	0.066828
3000	0.2	21	0.064601
3000	0.2	15	0.075591
3000	0.2	19	0.054217
3000	0.2	18	0.060455
3000	0.2	18	0.08165
3000	0.2	21	0.065396
3000	0.2	17	0.05964
3000	0.2	17	0.080145
3000	0.2	17	0.070327

4000	0.2	16	0.127681
4000	0.2	19	0.136532
4000	0.2	13	0.191627
4000	0.2	21	0.094554
4000	0.2	18	0.107013
4000	0.2	22	0.131224
4000	0.2	22	0.108042
4000	0.2	15	0.128323
4000	0.2	15	0.111117
4000	0.2	16	0.107261
4000	0.2	13	0.178513
4000	0.2	19	0.115958
4000	0.2	18	0.106358
4000	0.2	22	0.099575
4000	0.2	18	0.109172
4000	0.2	18	0.110333
4000	0.2	18	0.114458
4000	0.2	18	0.089779
4000	0.2	15	0.10789
4000	0.2	19	0.101824
4000	0.2	17	0.093638
4000	0.2	16	0.117222
4000	0.2	19	0.102173
4000	0.2	17	0.108109
4000	0.2	19	0.089696
4000	0.2	19	0.085964
4000	0.2	18	0.11466
4000	0.2	16	0.108395
4000	0.2	17	0.101452
4000	0.2	19	0.100235

5000	0.2	20	0.159689
5000	0.2	20	0.137508
5000	0.2	21	0.167818
5000	0.2	17	0.183237
5000	0.2	19	0.197384
5000	0.2	19	0.161757
5000	0.2	16	0.210018
5000	0.2	19	0.191192
5000	0.2	20	0.13981
5000	0.2	22	0.129792
5000	0.2	19	0.155727
5000	0.2	22	0.15241
5000	0.2	23	0.174163
5000	0.2	16	0.223984
5000	0.2	20	0.140337
5000	0.2	16	0.19239
5000	0.2	20	0.155983
5000	0.2	19	0.14026
5000	0.2	22	0.164872
5000	0.2	17	0.199089
5000	0.2	23	0.13212
5000	0.2	16	0.276165
5000	0.2	19	0.17066
5000	0.2	19	0.167581
5000	0.2	17	0.170929
5000	0.2	18	0.154898
5000	0.2	18	0.141049
5000	0.2	22	0.148125
5000	0.2	19	0.163509
5000	0.2	13	0.259497

6000	0.2	17	0.286992
6000	0.2	21	0.211876
6000	0.2	15	0.316859
6000	0.2	17	0.279312
6000	0.2	18	0.202106
6000	0.2	18	0.243413
6000	0.2	16	0.287214
6000	0.2	21	0.255561
6000	0.2	18	0.217218
6000	0.2	16	0.255687
6000	0.2	18	0.240945
6000	0.2	19	0.208042
6000	0.2	14	0.218099
6000	0.2	18	0.23646
6000	0.2	21	0.201182
6000	0.2	17	0.243495
6000	0.2	15	0.275936
6000	0.2	19	0.225291
6000	0.2	23	0.186568
6000	0.2	18	0.240378
6000	0.2	18	0.185313
6000	0.2	18	0.262901
6000	0.2	19	0.232353
6000	0.2	16	0.266988
6000	0.2	22	0.190956
6000	0.2	22	0.187406
6000	0.2	19	0.238637
6000	0.2	15	0.294912
6000	0.2	13	0.269532
6000	0.2	22	0.212808

7000	0.2	20	0.311236
7000	0.2	21	0.273094
7000	0.2	13	0.482717
7000	0.2	17	0.398728
7000	0.2	19	0.345763
7000	0.2	23	0.280493
7000	0.2	19	0.376051
7000	0.2	19	0.319025
7000	0.2	17	0.346805
7000	0.2	12	0.59821
7000	0.2	17	0.349639
7000	0.2	15	0.477196
7000	0.2	19	0.321406
7000	0.2	18	0.386909
7000	0.2	22	0.279498
7000	0.2	21	0.264325
7000	0.2	19	0.289488
7000	0.2	21	0.256077
7000	0.2	22	0.267263
7000	0.2	21	0.320784
7000	0.2	17	0.319931
7000	0.2	19	0.298665
7000	0.2	13	0.333043
7000	0.2	18	0.347336
7000	0.2	20	0.332942
7000	0.2	21	0.267503
7000	0.2	20	0.360853
7000	0.2	13	0.335456
7000	0.2	16	0.370985
7000	0.2	18	0.290467

8000	0.2	18	0.43952
8000	0.2	18	0.442993
8000	0.2	21	0.341063
8000	0.2	19	0.393071
8000	0.2	21	0.322947
8000	0.2	20	0.447882
8000	0.2	16	0.439592
8000	0.2	19	0.404837
8000	0.2	17	0.378504
8000	0.2	16	0.475126
8000	0.2	23	0.369415
8000	0.2	20	0.405891
8000	0.2	24	0.417743
8000	0.2	14	0.478904
8000	0.2	22	0.394742
8000	0.2	19	0.390993
8000	0.2	20	0.398993
8000	0.2	19	0.379587
8000	0.2	17	0.448935
8000	0.2	19	0.42283
8000	0.2	11	0.693786
8000	0.2	18	0.430446
8000	0.2	20	0.367601
8000	0.2	23	0.354457
8000	0.2	16	0.457112
8000	0.2	16	0.447008
8000	0.2	20	0.459966
8000	0.2	19	0.447547
8000	0.2	18	0.471641
8000	0.2	18	0.394883

9000	0.2	21	0.546787
9000	0.2	20	0.574489
9000	0.2	16	0.593911
9000	0.2	20	0.462551
9000	0.2	15	0.88925
9000	0.2	20	0.480702
9000	0.2	19	0.458788
9000	0.2	20	0.540668
9000	0.2	21	0.510214
9000	0.2	16	0.55436
9000	0.2	20	0.518028
9000	0.2	19	0.493873
9000	0.2	17	0.619868
9000	0.2	16	0.548532
9000	0.2	20	0.486105
9000	0.2	18	0.561112
9000	0.2	17	0.699774
9000	0.2	22	0.434915
9000	0.2	20	0.585501
9000	0.2	15	0.564981
9000	0.2	20	0.541558
9000	0.2	15	0.541954
9000	0.2	17	0.48887
9000	0.2	16	0.651423
9000	0.2	21	0.584807
9000	0.2	18	0.485526
9000	0.2	20	0.563449
9000	0.2	20	0.568671
9000	0.2	17	0.55249
9000	0.2	19	0.569377

10000	0.2	21	0.607448
10000	0.2	22	0.546829
10000	0.2	19	0.803982
10000	0.2	22	0.645547
10000	0.2	18	0.830772
10000	0.2	17	0.663682
10000	0.2	19	0.750039
10000	0.2	18	0.763939
10000	0.2	20	0.722824
10000	0.2	19	0.615044
10000	0.2	18	0.894487
10000	0.2	22	0.642975
10000	0.2	19	0.911995
10000	0.2	21	0.681942
10000	0.2	18	0.757272
10000	0.2	16	0.77785
10000	0.2	20	0.58988
10000	0.2	17	0.75664
10000	0.2	19	0.662724
10000	0.2	20	0.576597
10000	0.2	18	0.634447
10000	0.2	20	0.649651
10000	0.2	20	0.596168
10000	0.2	20	0.691465
10000	0.2	14	0.808866
10000	0.2	18	0.647102
10000	0.2	16	0.807825
10000	0.2	23	0.678677
10000	0.2	20	0.733804
10000	0.2	14	0.894108

11000	0.2	23	0.665239
11000	0.2	20	0.747558
11000	0.2	14	0.863909
11000	0.2	18	0.690281
11000	0.2	22	0.640995
11000	0.2	13	1.03553
11000	0.2	19	0.735186
11000	0.2	20	0.836576
11000	0.2	20	0.686902
11000	0.2	19	0.917514
11000	0.2	20	0.761049
11000	0.2	20	0.78948
11000	0.2	21	0.788424
11000	0.2	18	0.791659
11000	0.2	19	0.886318
11000	0.2	19	0.874334
11000	0.2	17	0.999282
11000	0.2	14	0.930342
11000	0.2	18	0.879522
11000	0.2	21	0.679212
11000	0.2	15	1.11342
11000	0.2	19	0.718864
11000	0.2	16	0.763414
11000	0.2	23	0.742269
11000	0.2	22	0.752292
11000	0.2	23	0.637406
11000	0.2	20	0.83778
11000	0.2	21	0.740206
11000	0.2	19	0.716147
11000	0.2	17	0.872431

12000	0.2	20	0.912313
12000	0.2	20	1.01434
12000	0.2	23	1.00384
12000	0.2	24	0.748348
12000	0.2	25	0.747235
12000	0.2	20	0.922832
12000	0.2	22	0.837168
12000	0.2	16	1.24058
12000	0.2	18	1.11273
12000	0.2	17	1.10178
12000	0.2	21	0.952258
12000	0.2	20	0.977239
12000	0.2	18	0.978701
12000	0.2	19	1.01662
12000	0.2	20	0.897294
12000	0.2	19	0.918728
12000	0.2	20	0.929998
12000	0.2	20	1.01706
12000	0.2	19	1.12561
12000	0.2	18	0.994184
12000	0.2	18	0.88029
12000	0.2	20	0.959433
12000	0.2	21	1.00687
12000	0.2	10	1.36451
12000	0.2	19	0.909919
12000	0.2	18	0.905113
12000	0.2	17	0.851092
12000	0.2	19	1.04318
12000	0.2	20	0.92881
12000	0.2	19	1.04805

13000	0.2	19	1.22063
13000	0.2	20	1.01514
13000	0.2	23	0.9742
13000	0.2	22	0.948722
13000	0.2	21	1.15654
13000	0.2	13	1.42588
13000	0.2	19	1.23432
13000	0.2	19	1.13752
13000	0.2	15	1.37219
13000	0.2	21	1.05247
13000	0.2	20	1.0509
13000	0.2	19	1.63236
13000	0.2	15	1.32321
13000	0.2	18	1.1287
13000	0.2	20	1.09753
13000	0.2	18	1.37427
13000	0.2	19	1.02097
13000	0.2	21	1.36626
13000	0.2	20	0.916644
13000	0.2	21	0.959721
13000	0.2	19	0.947015
13000	0.2	19	1.02187
13000	0.2	19	1.23814
13000	0.2	17	1.28757
13000	0.2	22	1.07034
13000	0.2	15	1.30257
13000	0.2	22	1.06468
13000	0.2	19	1.25863
13000	0.2	19	1.01007
13000	0.2	21	1.27608

14000	0.2	20	1.13313
14000	0.2	21	1.11545
14000	0.2	19	1.20298
14000	0.2	15	1.23563
14000	0.2	18	1.39276
14000	0.2	17	1.38724
14000	0.2	20	1.10411
14000	0.2	23	1.05222
14000	0.2	20	1.37235
14000	0.2	17	1.74028
14000	0.2	19	1.18944
14000	0.2	22	1.12437
14000	0.2	22	1.14391
14000	0.2	16	1.53179
14000	0.2	20	1.07215
14000	0.2	14	1.89276
14000	0.2	23	1.23871
14000	0.2	19	1.50561
14000	0.2	22	1.14604
14000	0.2	22	1.02023
14000	0.2	19	1.28129
14000	0.2	23	1.14435
14000	0.2	18	1.13572
14000	0.2	24	0.976935
14000	0.2	24	0.991886
14000	0.2	19	1.22791
14000	0.2	21	1.21838
14000	0.2	22	1.07911
14000	0.2	21	1.4886
14000	0.2	17	1.51376

15000	0.2	19	1.25796
15000	0.2	13	2.01685
15000	0.2	23	1.31988
15000	0.2	16	1.64306
15000	0.2	22	1.24431
15000	0.2	20	1.3504
15000	0.2	19	1.72785
15000	0.2	22	1.39406
15000	0.2	21	1.49722
15000	0.2	24	1.41949
15000	0.2	17	1.53517
15000	0.2	22	1.2785
15000	0.2	22	1.3407
15000	0.2	19	1.28013
15000	0.2	16	1.35636
15000	0.2	23	1.39492
15000	0.2	23	1.36595
15000	0.2	19	1.40717
15000	0.2	20	1.46234
15000	0.2	17	1.76521
15000	0.2	17	1.42136
15000	0.2	22	1.49574
15000	0.2	19	1.35295
15000	0.2	16	1.58725
15000	0.2	22	1.20776
15000	0.2	19	1.39558
15000	0.2	23	1.45021
15000	0.2	14	2.22658
15000	0.2	21	1.15213
15000	0.2	22	1.28112

16000	0.2	23	1.56574
16000	0.2	13	2.15661
16000	0.2	18	1.6829
16000	0.2	19	1.57815
16000	0.2	21	1.73804
16000	0.2	17	1.87145
16000	0.2	21	1.58293
16000	0.2	18	1.96605
16000	0.2	20	1.49005
16000	0.2	22	1.35306
16000	0.2	19	1.75337
16000	0.2	22	1.42267
16000	0.2	26	1.51077
16000	0.2	16	1.76281
16000	0.2	23	1.3617
16000	0.2	21	1.65607
16000	0.2	13	1.93294
16000	0.2	17	1.75687
16000	0.2	20	1.53219
16000	0.2	20	1.74412
16000	0.2	19	1.86212
16000	0.2	22	1.676
16000	0.2	19	1.59363
16000	0.2	16	2.00652
16000	0.2	17	2.1973
16000	0.2	22	1.53163
16000	0.2	17	1.8937
16000	0.2	20	1.59001
16000	0.2	21	1.80418
16000	0.2	20	1.58866

17000	0.2	20	1.82656
17000	0.2	21	2.08519
17000	0.2	17	2.11968
17000	0.2	21	1.83397
17000	0.2	20	2.29453
17000	0.2	18	1.92085
17000	0.2	20	1.69794
17000	0.2	21	1.78141
17000	0.2	23	1.69124
17000	0.2	21	1.78542
17000	0.2	20	2.00768
17000	0.2	25	1.53665
17000	0.2	22	1.7965
17000	0.2	22	2.03607
17000	0.2	15	2.60806
17000	0.2	24	1.52117
17000	0.2	19	1.973
17000	0.2	20	1.61735
17000	0.2	23	1.82373
17000	0.2	23	1.93674
17000	0.2	22	1.74015
17000	0.2	22	1.85838
17000	0.2	17	2.44329
17000	0.2	18	2.09202
17000	0.2	20	2.22617
17000	0.2	21	2.06766
17000	0.2	17	1.89723
17000	0.2	20	1.6972
17000	0.2	16	2.06345
17000	0.2	21	1.85252

18000	0.2	20	2.09269
18000	0.2	16	2.27979
18000	0.2	21	2.06283
18000	0.2	19	2.10656
18000	0.2	19	1.77523
18000	0.2	20	2.15423
18000	0.2	18	1.57847
18000	0.2	15	2.68505
18000	0.2	18	2.25413
18000	0.2	20	1.86008
18000	0.2	19	2.12031
18000	0.2	22	1.96934
18000	0.2	19	2.05407
18000	0.2	18	2.41607
18000	0.2	25	1.94635
18000	0.2	13	3.05277
18000	0.2	21	2.14332
18000	0.2	22	1.97753
18000	0.2	17	3.08211
18000	0.2	19	1.9813
18000	0.2	16	3.11878
18000	0.2	21	1.81273
18000	0.2	17	2.21543
18000	0.2	19	1.79686
18000	0.2	18	2.26041
18000	0.2	20	2.20453
18000	0.2	19	2.16879
18000	0.2	18	2.1524
18000	0.2	16	3.19019
18000	0.2	19	2.12026

19000	0.2	14	3.13452
19000	0.2	17	2.79517
19000	0.2	18	2.41174
19000	0.2	15	2.81248
19000	0.2	19	3.118
19000	0.2	17	2.73151
19000	0.2	19	2.07362
19000	0.2	22	2.22542
19000	0.2	20	2.09386
19000	0.2	22	1.98876
19000	0.2	21	2.34685
19000	0.2	22	2.08468
19000	0.2	19	2.56906
19000	0.2	17	2.78628
19000	0.2	21	2.26358
19000	0.2	20	2.47829
19000	0.2	17	2.84833
19000	0.2	17	2.45898
19000	0.2	20	2.43016
19000	0.2	21	2.23887
19000	0.2	18	2.65147
19000	0.2	22	2.26592
19000	0.2	16	2.81623
19000	0.2	17	2.56533
19000	0.2	18	2.26732
19000	0.2	19	2.19375
19000	0.2	21	2.70854
19000	0.2	19	2.62316
19000	0.2	24	1.90214
19000	0.2	20	2.37979

20000	0.2	19	2.47105
20000	0.2	20	3.05656
20000	0.2	20	2.64383
20000	0.2	18	2.87916
20000	0.2	19	3.1325
20000	0.2	20	2.08668
20000	0.2	18	2.59338
20000	0.2	20	2.16153
20000	0.2	21	2.87515
20000	0.2	18	2.55267
20000	0.2	22	2.44736
20000	0.2	22	2.36052
20000	0.2	20	3.00592
20000	0.2	20	2.7494
20000	0.2	19	2.98045
20000	0.2	17	2.85246
20000	0.2	21	2.22186
20000	0.2	19	2.82082
20000	0.2	22	2.51347
20000	0.2	20	2.79538
20000	0.2	23	2.94105
20000	0.2	19	2.91358
20000	0.2	19	2.88668
20000	0.2	22	2.28277
20000	0.2	16	2.8927
20000	0.2	18	3.05329
20000	0.2	17	3.07878
20000	0.2	21	2.51629
20000	0.2	17	3.65953
20000	0.2	18	2.52286

21000	0.2	15	3.44747
21000	0.2	13	3.77172
21000	0.2	21	2.45612
21000	0.2	18	3.16903
21000	0.2	19	3.04479
21000	0.2	13	4.04779
21000	0.2	19	3.47293
21000	0.2	18	3.15174
21000	0.2	22	2.84923
21000	0.2	17	2.99074
21000	0.2	20	3.18974
21000	0.2	21	2.67765
21000	0.2	20	3.21435
21000	0.2	18	3.05759
21000	0.2	15	3.91075
21000	0.2	18	2.95817
21000	0.2	20	2.70385
21000	0.2	19	2.99764
21000	0.2	22	2.52902
21000	0.2	21	3.03278
21000	0.2	21	2.62336
21000	0.2	20	3.13617
21000	0.2	22	2.62415
21000	0.2	19	3.40072
21000	0.2	23	2.35828
21000	0.2	24	2.68426
21000	0.2	16	3.68505
21000	0.2	15	4.63838
21000	0.2	17	4.77992
21000	0.2	17	3.32826

22000	0.2	20	3.55532
22000	0.2	20	2.67321
22000	0.2	22	2.90416
22000	0.2	20	3.1805
22000	0.2	20	3.66379
22000	0.2	19	3.88672
22000	0.2	23	2.78653
22000	0.2	15	3.95183
22000	0.2	18	2.79409
22000	0.2	20	2.53865
22000	0.2	19	4.20713
22000	0.2	18	3.72299
22000	0.2	21	2.97083
22000	0.2	16	3.61721
22000	0.2	21	3.13838
22000	0.2	21	3.10026
22000	0.2	19	3.14906
22000	0.2	20	2.95541
22000	0.2	21	2.86674
22000	0.2	22	3.22259
22000	0.2	20	2.46132
22000	0.2	17	2.86776
22000	0.2	21	3.38173
22000	0.2	18	3.07549
22000	0.2	18	3.98481
22000	0.2	20	3.41972
22000	0.2	23	2.94748
22000	0.2	20	2.8303
22000	0.2	18	2.99279
22000	0.2	21	3.40945

23000	0.2	20	3.2153
23000	0.2	22	3.33375
23000	0.2	21	3.45858
23000	0.2	16	4.49697
23000	0.2	20	3.0902
23000	0.2	19	4.37533
23000	0.2	18	3.29236
23000	0.2	17	4.44341
23000	0.2	22	2.83081
23000	0.2	20	3.85804
23000	0.2	20	4.20699
23000	0.2	21	3.17066
23000	0.2	20	3.62087
23000	0.2	19	3.82203
23000	0.2	15	4.4585
23000	0.2	20	3.63579
23000	0.2	23	3.15895
23000	0.2	17	3.95599
23000	0.2	16	3.54028
23000	0.2	21	2.9115
23000	0.2	19	3.54207
23000	0.2	19	3.75124
23000	0.2	14	3.82088
23000	0.2	22	3.13236
23000	0.2	21	3.72594
23000	0.2	19	3.11439
23000	0.2	19	3.44915
23000	0.2	21	3.68733
23000	0.2	19	4.03182
23000	0.2	21	3.68026

24000	0.2	23	3.51723
24000	0.2	15	4.52309
24000	0.2	21	3.1643
24000	0.2	21	3.20448
24000	0.2	15	4.62578
24000	0.2	17	4.61278
24000	0.2	19	3.74378
24000	0.2	16	3.84239
24000	0.2	22	3.31805
24000	0.2	21	3.6445
24000	0.2	20	4.08603
24000	0.2	23	3.37727
24000	0.2	22	3.82969
24000	0.2	18	3.73903
24000	0.2	21	4.26224
24000	0.2	19	3.75885
24000	0.2	21	3.82184
24000	0.2	22	3.50495
24000	0.2	22	3.32058
24000	0.2	21	3.55807
24000	0.2	19	3.75885
24000	0.2	21	3.82184
24000	0.2	22	3.50495
24000	0.2	23	3.54019
24000	0.2	21	3.2426
24000	0.2	17	4.42134
24000	0.2	23	3.11737
24000	0.2	20	3.95035
24000	0.2	20	3.95035
24000	0.2	19	3.60804

25000	0.2	25	3.48661
25000	0.2	17	4.84715
25000	0.2	22	3.82467
25000	0.2	20	3.22981
25000	0.2	24	4.04162
25000	0.2	17	3.836
25000	0.2	22	3.44193
25000	0.2	20	3.56519
25000	0.2	20	3.94127
25000	0.2	12	4.71133
25000	0.2	19	4.5892
25000	0.2	22	3.92003
25000	0.2	21	4.42361
25000	0.2	15	4.10737
25000	0.2	21	4.80469
25000	0.2	22	3.34533
25000	0.2	19	3.78895
25000	0.2	22	3.82467
25000	0.2	20	3.22981
25000	0.2	24	4.04162
25000	0.2	20	4.94676
25000	0.2	18	4.26226
25000	0.2	20	3.79024
25000	0.2	20	3.50461
25000	0.2	23	4.26242
25000	0.2	23	3.39184
25000	0.2	24	3.71817
25000	0.2	22	4.13045
25000	0.2	18	4.9861
25000	0.2	19	4.21215

26000	0.2	22	3.80041
26000	0.2	20	4.31341
26000	0.2	20	3.92091
26000	0.2	23	3.85533
26000	0.2	15	4.85905
26000	0.2	21	4.26113
26000	0.2	23	3.74381
26000	0.2	20	4.74415
26000	0.2	24	3.85022
26000	0.2	19	4.36512
26000	0.2	21	4.81789
26000	0.2	18	4.54021
26000	0.2	16	4.26232
26000	0.2	22	3.93347
26000	0.2	23	4.42088
26000	0.2	22	4.40954
26000	0.2	21	3.88879
26000	0.2	21	4.52
26000	0.2	23	4.66262
26000	0.2	15	5.36841
26000	0.2	16	5.20336
26000	0.2	20	4.98361
26000	0.2	20	5.08293
26000	0.2	18	5.04434
26000	0.2	19	4.82028
26000	0.2	22	3.27292
26000	0.2	19	4.638
26000	0.2	19	4.87966
26000	0.2	18	4.55062
26000	0.2	19	4.87966

27000	0.2	21	4.18091
27000	0.2	19	5.09171
27000	0.2	17	5.53544
27000	0.2	22	4.28592
27000	0.2	21	4.01861
27000	0.2	17	5.54021
27000	0.2	19	4.7144
27000	0.2	19	5.08155
27000	0.2	22	4.27775
27000	0.2	20	4.28106
27000	0.2	18	4.81922
27000	0.2	20	4.10236
27000	0.2	21	4.30597
27000	0.2	17	5.75949
27000	0.2	21	4.18091
27000	0.2	22	4.1213
27000	0.2	19	4.76138
27000	0.2	17	5.63731
27000	0.2	17	5.68697
27000	0.2	18	4.25669
27000	0.2	22	3.6762
27000	0.2	23	3.96436
27000	0.2	21	3.93362
27000	0.2	17	5.38385
27000	0.2	19	4.7144
27000	0.2	21	3.90488
27000	0.2	23	3.96316
27000	0.2	20	4.42562
27000	0.2	24	3.5314
27000	0.2	20	4.58044

28000	0.2	20	5.42689
28000	0.2	16	6.25925
28000	0.2	17	6.24069
28000	0.2	22	5.18243
28000	0.2	21	4.6065
28000	0.2	20	4.38938
28000	0.2	22	4.32424
28000	0.2	23	4.64196
28000	0.2	21	4.87071
28000	0.2	21	5.03136
28000	0.2	22	4.67789
28000	0.2	23	4.23883
28000	0.2	21	4.20191
28000	0.2	23	4.29218
28000	0.2	16	5.05217
28000	0.2	21	4.96002
28000	0.2	21	4.95649
28000	0.2	23	5.31635
28000	0.2	20	5.09084
28000	0.2	19	4.44539
28000	0.2	20	5.42689
28000	0.2	16	6.25925
28000	0.2	24	5.97093
28000	0.2	21	5.80525
28000	0.2	17	4.38999
28000	0.2	22	4.59585
28000	0.2	19	5.10759
28000	0.2	20	6.25697
28000	0.2	22	4.42454
28000	0.2	22	4.83722

29000	0.2	23	5.12177
29000	0.2	21	5.36147
29000	0.2	19	5.21869
29000	0.2	22	6.79737
29000	0.2	19	5.98582
29000	0.2	20	5.92069
29000	0.2	22	4.65899
29000	0.2	22	4.65899
29000	0.2	22	6.56416
29000	0.2	19	5.98582
29000	0.2	17	6.52095
29000	0.2	19	5.23374
29000	0.2	22	4.21719
29000	0.2	20	5.68396
29000	0.2	20	5.12352
29000	0.2	19	4.49725
29000	0.2	21	5.18774
29000	0.2	15	6.5454
29000	0.2	21	4.06931
29000	0.2	19	5.19049
29000	0.2	19	5.81521
29000	0.2	20	5.4134
29000	0.2	22	4.59105
29000	0.2	20	5.99417
29000	0.2	18	5.43065
29000	0.2	19	5.19049
29000	0.2	18	5.2491
29000	0.2	21	5.52219
29000	0.2	18	6.25435
29000	0.2	20	5.47997

30000	0.2	20	5.5163
30000	0.2	19	5.12054
30000	0.2	24	4.9904
30000	0.2	22	4.98014
30000	0.2	19	4.87093
30000	0.2	18	6.13601
30000	0.2	21	5.50464
30000	0.2	19	5.59803
30000	0.2	23	5.62531
30000	0.2	22	5.04117
30000	0.2	22	6.00362
30000	0.2	18	5.54071
30000	0.2	19	5.15598
30000	0.2	19	5.15598
30000	0.2	22	5.78208
30000	0.2	23	5.18201
30000	0.2	19	6.93809
30000	0.2	18	5.5376
30000	0.2	17	6.09504
30000	0.2	23	4.72336
30000	0.2	19	7.23832
30000	0.2	21	5.94765
30000	0.2	19	5.3964
30000	0.2	21	6.01556
30000	0.2	21	6.0689
30000	0.2	22	5.00464
30000	0.2	19	5.38692
30000	0.2	23	6.03968
30000	0.2	24	5.00334
30000	0.2	20	5.37749

