1000	0.1	68	0.014069
1000	0.1	68	0.00397
1000	0.1	63	0.003761
1000	0.1	67	0.006316
1000	0.1	70	0.003807
1000	0.1	64	0.003793
1000	0.1	64	0.003765
1000	0.1	64	0.003807
1000	0.1	68	0.003772
1000	0.1	64	0.003974
1000	0.1	65	0.003797
1000	0.1	65	0.003842
1000	0.1	65	0.00378
1000	0.1	63	0.00379
1000	0.1	66	0.00378
1000	0.1	63	0.003795
1000	0.1	68	0.003787
1000	0.1	67	0.003797
1000	0.1	68	0.00379
1000	0.1	65	0.003802
1000	0.1	64	0.012047
1000	0.1	63	0.004171
1000	0.1	68	0.004007
1000	0.1	66	0.003806
1000	0.1	65	0.003828
1000	0.1	68	0.003845
1000	0.1	64	0.003854
1000	0.1	66	0.00382
1000	0.1	68	0.003805
1000	0.1	67	0.003829

2000	0.1	69	0.010319
2000	0.1	71	0.016833
2000	0.1	71	0.010478
2000	0.1	70	0.010644
2000	0.1	73	0.01017
2000	0.1	74	0.033757
2000	0.1	72	0.01045
2000	0.1	69	0.010383
2000	0.1	74	0.026997
2000	0.1	70	0.010409
2000	0.1	69	0.010547
2000	0.1	71	0.010504
2000	0.1	74	0.010399
2000	0.1	71	0.010405
2000	0.1	71	0.010467
2000	0.1	72	0.010506
2000	0.1	75	0.010657
2000	0.1	72	0.026507
2000	0.1	69	0.010381
2000	0.1	70	0.01042
2000	0.1	71	0.010342
2000	0.1	73	0.010471
2000	0.1	69	0.010415
2000	0.1	72	0.010491
2000	0.1	72	0.010521
2000	0.1	76	0.010362
2000	0.1	71	0.010503
2000	0.1	76	0.010485
2000	0.1	73	0.010539
2000	0.1	71	0.010408

3000	0.1	77	0.019683
3000	0.1	74	0.019776
3000	0.1	78	0.019791
3000	0.1	76	0.058693
3000	0.1	72	0.01943
3000	0.1	78	0.019723
3000	0.1	74	0.020165
3000	0.1	75	0.02002
3000	0.1	81	0.019653
3000	0.1	74	0.02006
3000	0.1	74	0.019584
3000	0.1	79	0.019451
3000	0.1	77	0.0194
3000	0.1	77	0.019866
3000	0.1	73	0.047169
3000	0.1	78	0.019963
3000	0.1	74	0.019483
3000	0.1	76	0.019893
3000	0.1	77	0.019861
3000	0.1	78	0.019837
3000	0.1	75	0.019438
3000	0.1	80	0.020033
3000	0.1	78	0.019329
3000	0.1	76	0.020013
3000	0.1	75	0.020001
3000	0.1	75	0.019685
3000	0.1	78	0.020253
3000	0.1	74	0.019537
3000	0.1	71	0.019814
3000	0.1	76	0.020154

4000	0.1	77	0.079073
4000	0.1	77	0.031651
4000	0.1	76	0.033631
4000	0.1	78	0.031633
4000	0.1	75	0.031505
4000	0.1	78	0.031969
4000	0.1	80	0.032294
4000	0.1	76	0.032028
4000	0.1	80	0.032136
4000	0.1	74	0.03232
4000	0.1	79	0.032119
4000	0.1	79	0.032705
4000	0.1	78	0.033501
4000	0.1	78	0.032142
4000	0.1	73	0.032019
4000	0.1	83	0.032213
4000	0.1	73	0.0324
4000	0.1	79	0.031606
4000	0.1	78	0.031925
4000	0.1	82	0.036458
4000	0.1	78	0.031985
4000	0.1	79	0.032275
4000	0.1	82	0.033553
4000	0.1	73	0.031862
4000	0.1	77	0.032246
4000	0.1	82	0.03186
4000	0.1	82	0.032446
4000	0.1	80	0.031796
4000	0.1	75	0.031528
4000	0.1	80	0.032241

5000	0.1	78	0.046754
5000	0.1	81	0.046978
5000	0.1	78	0.046534
5000	0.1	81	0.046686
5000	0.1	79	0.046841
5000	0.1	79	0.046831
5000	0.1	79	0.046868
5000	0.1	75	0.046426
5000	0.1	80	0.048475
5000	0.1	77	0.047141
5000	0.1	78	0.046655
5000	0.1	82	0.047095
5000	0.1	81	0.046909
5000	0.1	82	0.046642
5000	0.1	80	0.047089
5000	0.1	79	0.046653
5000	0.1	81	0.047633
5000	0.1	77	0.046868
5000	0.1	81	0.04652
5000	0.1	83	0.047029
5000	0.1	80	0.04684
5000	0.1	83	0.046495
5000	0.1	80	0.046335
5000	0.1	78	0.04745
5000	0.1	77	0.047054
5000	0.1	76	0.046766
5000	0.1	79	0.048491
5000	0.1	77	0.047068
5000	0.1	81	0.046887
5000	0.1	78	0.04776

6000	0.1	75	0.064504
6000	0.1	79	0.124367
6000	0.1	78	0.065417
6000	0.1	82	0.0638
6000	0.1	83	0.063722
6000	0.1	84	0.064999
6000	0.1	79	0.064155
6000	0.1	75	0.06387
6000	0.1	79	0.064504
6000	0.1	77	0.064172
6000	0.1	78	0.064617
6000	0.1	82	0.0641
6000	0.1	78	0.063997
6000	0.1	81	0.063646
6000	0.1	80	0.063741
6000	0.1	83	0.064559
6000	0.1	81	0.064201
6000	0.1	81	0.063448
6000	0.1	77	0.063723
6000	0.1	83	0.063797
6000	0.1	82	0.064283
6000	0.1	88	0.063983
6000	0.1	83	0.063664
6000	0.1	84	0.076713
6000	0.1	79	0.067725
6000	0.1	81	0.064281
6000	0.1	82	0.064479
6000	0.1	79	0.064845
6000	0.1	80	0.063896
6000	0.1	78	0.064033

7000	0.1	82	0.150719
7000	0.1	80	0.083814
7000	0.1	80	0.084261
7000	0.1	84	0.084167
7000	0.1	80	0.083482
7000	0.1	83	0.084516
7000	0.1	80	0.084446
7000	0.1	80	0.083808
7000	0.1	81	0.083951
7000	0.1	82	0.085126
7000	0.1	80	0.083333
7000	0.1	81	0.08548
7000	0.1	82	0.083893
7000	0.1	79	0.083675
7000	0.1	77	0.083248
7000	0.1	82	0.084844
7000	0.1	80	0.083676
7000	0.1	78	0.083761
7000	0.1	83	0.08409
7000	0.1	81	0.083282
7000	0.1	81	0.084713
7000	0.1	83	0.083783
7000	0.1	83	0.129796
7000	0.1	84	0.085101
7000	0.1	83	0.084529
7000	0.1	83	0.083261
7000	0.1	80	0.084451
7000	0.1	80	0.084129
7000	0.1	82	0.083726
7000	0.1	77	0.084097

8000	0.1	81	0.105322
8000	0.1	78	0.105485
8000	0.1	80	0.128814
8000	0.1	85	0.107316
8000	0.1	82	0.105673
8000	0.1	81	0.105936
8000	0.1	84	0.105831
8000	0.1	82	0.106661
8000	0.1	80	0.10597
8000	0.1	81	0.135664
8000	0.1	80	0.1053
8000	0.1	79	0.105677
8000	0.1	77	0.105626
8000	0.1	81	0.105265
8000	0.1	79	0.107169
8000	0.1	83	0.106252
8000	0.1	83	0.106239
8000	0.1	79	0.109139
8000	0.1	81	0.105192
8000	0.1	81	0.10797
8000	0.1	85	0.107553
8000	0.1	84	0.105502
8000	0.1	84	0.105258
8000	0.1	83	0.10554
8000	0.1	83	0.172222
8000	0.1	81	0.105241
8000	0.1	81	0.107542
8000	0.1	82	0.106352
8000	0.1	82	0.105794
8000	0.1	81	0.106857

9000	0.1	78	0.13012
9000	0.1	76	0.215626
9000	0.1	78	0.129946
9000	0.1	82	0.131351
9000	0.1	82	0.132234
9000	0.1	79	0.130041
9000	0.1	82	0.135703
9000	0.1	81	0.129524
9000	0.1	85	0.132492
9000	0.1	78	0.130727
9000	0.1	82	0.129639
9000	0.1	84	0.134112
9000	0.1	82	0.129918
9000	0.1	81	0.131099
9000	0.1	80	0.130268
9000	0.1	85	0.131658
9000	0.1	89	0.13309
9000	0.1	81	0.132919
9000	0.1	83	0.129418
9000	0.1	78	0.129661
9000	0.1	80	0.131447
9000	0.1	84	0.130378
9000	0.1	85	0.130095
9000	0.1	81	0.133844
9000	0.1	81	0.129451
9000	0.1	80	0.129888
9000	0.1	80	0.131374
9000	0.1	80	0.132024
9000	0.1	81	0.129842
9000	0.1	84	0.130759

10000	0.1	82	0.15798
10000	0.1	81	0.157241
10000	0.1	81	0.158826
10000	0.1	83	0.158305
10000	0.1	86	0.15769
10000	0.1	80	0.160522
10000	0.1	84	0.159814
10000	0.1	86	0.15788
10000	0.1	84	0.160033
10000	0.1	82	0.160342
10000	0.1	81	0.157435
10000	0.1	79	0.157852
10000	0.1	83	0.16358
10000	0.1	83	0.158055
10000	0.1	82	0.158997
10000	0.1	84	0.158457
10000	0.1	79	0.162166
10000	0.1	84	0.156753
10000	0.1	85	0.157957
10000	0.1	82	0.161755
10000	0.1	82	0.158648
10000	0.1	83	0.157339
10000	0.1	85	0.158023
10000	0.1	81	0.16088
10000	0.1	82	0.157667
10000	0.1	82	0.157693
10000	0.1	81	0.158451
10000	0.1	81	0.165036
10000	0.1	81	0.157506
10000	0.1	87	0.16419

11000	0.1	78	0.189751
11000	0.1	85	0.18729
11000	0.1	83	0.187302
11000	0.1	83	0.191754
11000	0.1	86	0.187271
11000	0.1	83	0.187445
11000	0.1	82	0.187625
11000	0.1	84	0.189207
11000	0.1	82	0.188663
11000	0.1	82	0.188062
11000	0.1	79	0.186344
11000	0.1	84	0.188409
11000	0.1	85	0.188686
11000	0.1	85	0.18709
11000	0.1	81	0.189542
11000	0.1	84	0.192724
11000	0.1	84	0.199296
11000	0.1	84	0.186933
11000	0.1	77	0.187172
11000	0.1	86	0.188098
11000	0.1	82	0.189528
11000	0.1	85	0.188383
11000	0.1	84	0.187062
11000	0.1	82	0.194811
11000	0.1	80	0.187029
11000	0.1	82	0.186243
11000	0.1	83	0.188057
11000	0.1	81	0.192668
11000	0.1	82	0.188543
11000	0.1	84	0.187002

12000	0.1	86	0.222448
12000	0.1	89	0.224604
12000	0.1	84	0.218808
12000	0.1	84	0.221744
12000	0.1	81	0.218334
12000	0.1	80	0.218072
12000	0.1	84	0.22152
12000	0.1	87	0.223888
12000	0.1	84	0.218511
12000	0.1	84	0.222156
12000	0.1	85	0.229974
12000	0.1	83	0.218556
12000	0.1	86	0.218641
12000	0.1	85	0.274043
12000	0.1	82	0.216346
12000	0.1	85	0.218404
12000	0.1	86	0.219232
12000	0.1	81	0.221394
12000	0.1	83	0.219122
12000	0.1	81	0.218456
12000	0.1	84	0.22678
12000	0.1	83	0.219928
12000	0.1	83	0.218381
12000	0.1	80	0.220069
12000	0.1	85	0.220102
12000	0.1	82	0.217702
12000	0.1	85	0.219282
12000	0.1	83	0.223308
12000	0.1	85	0.219587
12000	0.1	85	0.218957

13000	0.1	83	0.254552
13000	0.1	84	0.25377
13000	0.1	82	0.257111
13000	0.1	88	0.259733
13000	0.1	83	0.254151
13000	0.1	82	0.256767
13000	0.1	82	0.26275
13000	0.1	83	0.252272
13000	0.1	83	0.254989
13000	0.1	82	0.25849
13000	0.1	85	0.253025
13000	0.1	80	0.256214
13000	0.1	87	0.257762
13000	0.1	81	0.254178
13000	0.1	84	0.251017
13000	0.1	84	0.255294
13000	0.1	85	0.253532
13000	0.1	81	0.253338
13000	0.1	88	0.253522
13000	0.1	82	0.293719
13000	0.1	83	0.257394
13000	0.1	85	0.253453
13000	0.1	85	0.25367
13000	0.1	81	0.258142
13000	0.1	83	0.253004
13000	0.1	84	0.252005
13000	0.1	80	0.259491
13000	0.1	81	0.254095
13000	0.1	82	0.253009
13000	0.1	86	0.270795

14000	0.1	79	0.316594
14000	0.1	85	0.29027
14000	0.1	85	0.295923
14000	0.1	85	0.2914
14000	0.1	85	0.29564
14000	0.1	84	0.305993
14000	0.1	83	0.293165
14000	0.1	81	0.294134
14000	0.1	84	0.291751
14000	0.1	83	0.291121
14000	0.1	83	0.290153
14000	0.1	82	0.293345
14000	0.1	86	0.296467
14000	0.1	86	0.29091
14000	0.1	85	0.292174
14000	0.1	88	0.299607
14000	0.1	83	0.291414
14000	0.1	82	0.290628
14000	0.1	91	0.290225
14000	0.1	84	0.291322
14000	0.1	81	0.299958
14000	0.1	87	0.290965
14000	0.1	85	0.291648
14000	0.1	86	0.295709
14000	0.1	86	0.28982
14000	0.1	84	0.28909
14000	0.1	82	0.292935
14000	0.1	84	0.292104
14000	0.1	84	0.295238
14000	0.1	85	0.29048

15000	0.1	85	0.329453
15000	0.1	84	0.333371
15000	0.1	85	0.33225
15000	0.1	82	0.330611
15000	0.1	89	0.350645
15000	0.1	83	0.333793
15000	0.1	83	0.331771
15000	0.1	82	0.330614
15000	0.1	82	0.330059
15000	0.1	85	0.334655
15000	0.1	81	0.329259
15000	0.1	88	0.334457
15000	0.1	86	0.331462
15000	0.1	84	0.330207
15000	0.1	85	0.33075
15000	0.1	87	0.339545
15000	0.1	82	0.335721
15000	0.1	84	0.331246
15000	0.1	86	0.335821
15000	0.1	87	0.331497
15000	0.1	83	0.33166
15000	0.1	83	0.333557
15000	0.1	83	0.38206
15000	0.1	81	0.332448
15000	0.1	83	0.331869
15000	0.1	86	0.335745
15000	0.1	81	0.333239
15000	0.1	84	0.332281
15000	0.1	84	0.333362
15000	0.1	83	0.331784

16000	0.1	82	0.368338
16000	0.1	84	0.370657
16000	0.1	85	0.369916
16000	0.1	85	0.37249
16000	0.1	87	0.3772
16000	0.1	89	0.374438
16000	0.1	81	0.373982
16000	0.1	85	0.371707
16000	0.1	87	0.374014
16000	0.1	82	0.371468
16000	0.1	83	0.373611
16000	0.1	84	0.371229
16000	0.1	84	0.375206
16000	0.1	80	0.370815
16000	0.1	86	0.370595
16000	0.1	88	0.37112
16000	0.1	82	0.377818
16000	0.1	83	0.372579
16000	0.1	83	0.374289
16000	0.1	87	0.375048
16000	0.1	83	0.374161
16000	0.1	85	0.37302
16000	0.1	86	0.369016
16000	0.1	84	0.373219
16000	0.1	85	0.369993
16000	0.1	88	0.370927
16000	0.1	83	0.369845
16000	0.1	87	0.375995
16000	0.1	83	0.371745
16000	0.1	84	0.373958

17000	0.1	81	0.413088
17000	0.1	84	0.415966
17000	0.1	87	0.414119
17000	0.1	87	0.487257
17000	0.1	84	0.414539
17000	0.1	88	0.423606
17000	0.1	83	0.417367
17000	0.1	83	0.42017
17000	0.1	82	0.415296
17000	0.1	85	0.426091
17000	0.1	84	0.413369
17000	0.1	84	0.421457
17000	0.1	87	0.416328
17000	0.1	85	0.422362
17000	0.1	88	0.413125
17000	0.1	88	0.421297
17000	0.1	84	0.415205
17000	0.1	85	0.416457
17000	0.1	84	0.416077
17000	0.1	82	0.420343
17000	0.1	87	0.419815
17000	0.1	85	0.417608
17000	0.1	83	0.414447
17000	0.1	87	0.418335
17000	0.1	86	0.42089
17000	0.1	85	0.41652
17000	0.1	87	0.415064
17000	0.1	83	0.424639
17000	0.1	86	0.416053
17000	0.1	84	0.423384

18000	0.1	82	0.465218
18000	0.1	85	0.466312
18000	0.1	84	0.468222
18000	0.1	86	0.469916
18000	0.1	79	0.465293
18000	0.1	89	0.473995
18000	0.1	84	0.464676
18000	0.1	83	0.466
18000	0.1	83	0.472515
18000	0.1	87	0.467589
18000	0.1	83	0.466638
18000	0.1	84	0.466544
18000	0.1	87	0.472293
18000	0.1	88	0.47461
18000	0.1	86	0.467609
18000	0.1	87	0.464863
18000	0.1	82	0.469538
18000	0.1	81	0.464105
18000	0.1	83	0.463867
18000	0.1	81	0.468595
18000	0.1	85	0.468383
18000	0.1	87	0.469139
18000	0.1	85	0.467807
18000	0.1	81	0.465891
18000	0.1	86	0.460834
18000	0.1	88	0.46623
18000	0.1	85	0.467342
18000	0.1	88	0.468966
18000	0.1	86	0.469303
18000	0.1	86	0.467239

19000	0.1	82	0.510597
19000	0.1	86	0.516194
19000	0.1	88	0.518396
19000	0.1	87	0.518132
19000	0.1	85	0.524313
19000	0.1	85	0.538511
19000	0.1	85	0.51171
19000	0.1	86	0.51927
19000	0.1	84	0.513186
19000	0.1	86	0.517815
19000	0.1	83	0.536617
19000	0.1	86	0.518332
19000	0.1	85	0.517068
19000	0.1	88	0.514302
19000	0.1	85	0.508761
19000	0.1	85	0.534605
19000	0.1	88	0.511837
19000	0.1	88	0.516247
19000	0.1	87	0.528685
19000	0.1	83	0.514866
19000	0.1	82	0.528501
19000	0.1	86	0.512516
19000	0.1	85	0.511027
19000	0.1	85	0.525701
19000	0.1	84	0.511075
19000	0.1	86	0.531843
19000	0.1	86	0.511839
19000	0.1	87	0.549554
19000	0.1	84	0.524551
19000	0.1	83	0.512767

20000	0.1	88	0.571748
20000	0.1	87	0.580081
20000	0.1	86	0.565388
20000	0.1	86	0.584154
20000	0.1	88	0.57542
20000	0.1	83	0.565093
20000	0.1	89	0.566019
20000	0.1	83	0.585084
20000	0.1	86	0.564922
20000	0.1	83	0.634026
20000	0.1	83	0.580678
20000	0.1	85	0.575938
20000	0.1	86	0.570723
20000	0.1	89	0.574478
20000	0.1	84	0.570436
20000	0.1	87	0.566966
20000	0.1	86	0.586525
20000	0.1	85	0.570903
20000	0.1	87	0.575263
20000	0.1	85	0.583007
20000	0.1	84	0.580877
20000	0.1	86	0.566643
20000	0.1	85	0.567894
20000	0.1	85	0.574727
20000	0.1	86	0.567993
20000	0.1	87	0.58246
20000	0.1	87	0.567016
20000	0.1	86	0.568214
20000	0.1	85	0.577901
20000	0.1	84	0.570477

21000	0.1	85	0.613512
21000	0.1	89	0.627
21000	0.1	85	0.637821
21000	0.1	89	0.616497
21000	0.1	84	0.618925
21000	0.1	82	0.631233
21000	0.1	88	0.633072
21000	0.1	84	0.615448
21000	0.1	88	0.640977
21000	0.1	85	0.62766
21000	0.1	85	0.630547
21000	0.1	86	0.615678
21000	0.1	87	0.633792
21000	0.1	87	0.631312
21000	0.1	82	0.615764
21000	0.1	85	0.620804
21000	0.1	89	0.629983
21000	0.1	86	0.619734
21000	0.1	89	0.619781
21000	0.1	85	0.6336
21000	0.1	85	0.651993
21000	0.1	85	0.615659
21000	0.1	89	0.616772
21000	0.1	85	0.627618
21000	0.1	86	0.630782
21000	0.1	89	0.61358
21000	0.1	84	0.622916
21000	0.1	88	0.644858
21000	0.1	82	0.638955
21000	0.1	85	0.618175

22000	0.1	84	0.68868
22000	0.1	88	0.722735
22000	0.1	84	0.690458
22000	0.1	88	0.686164
22000	0.1	87	0.673789
22000	0.1	84	0.692524
22000	0.1	90	0.700754
22000	0.1	88	0.683681
22000	0.1	87	0.690365
22000	0.1	87	0.676931
22000	0.1	87	0.696054
22000	0.1	83	0.696419
22000	0.1	83	0.692009
22000	0.1	86	0.677312
22000	0.1	85	0.683882
22000	0.1	87	0.691263
22000	0.1	86	0.706851
22000	0.1	84	0.71409
22000	0.1	89	0.673411
22000	0.1	87	0.681678
22000	0.1	84	0.727117
22000	0.1	85	0.694213
22000	0.1	83	0.679812
22000	0.1	85	0.67376
22000	0.1	87	0.688569
22000	0.1	88	0.691492
22000	0.1	87	0.686802
22000	0.1	89	0.690015
22000	0.1	85	0.678596
22000	0.1	83	0.70402

23000	0.1	83	0.743359
23000	0.1	90	0.746686
23000	0.1	85	0.743578
23000	0.1	87	0.741549
23000	0.1	86	0.732232
23000	0.1	83	0.752101
23000	0.1	88	0.769128
23000	0.1	85	0.766579
23000	0.1	85	0.762945
23000	0.1	86	0.751318
23000	0.1	86	0.735362
23000	0.1	87	0.733477
23000	0.1	84	0.742884
23000	0.1	88	0.758556
23000	0.1	84	0.735197
23000	0.1	85	0.750654
23000	0.1	87	0.774538
23000	0.1	85	0.732633
23000	0.1	86	0.732203
23000	0.1	89	0.739584
23000	0.1	84	0.754549
23000	0.1	83	0.747924
23000	0.1	86	0.749832
23000	0.1	84	0.773365
23000	0.1	88	0.737578
23000	0.1	88	0.729418
23000	0.1	87	0.741258
23000	0.1	87	0.773804
23000	0.1	87	0.767349
23000	0.1	86	0.750347

24000	0.1	82	0.807025
24000	0.1	85	0.8104
24000	0.1	90	0.817978
24000	0.1	87	0.792887
24000	0.1	86	0.809784
24000	0.1	87	0.799438
24000	0.1	88	0.796323
24000	0.1	85	0.801476
24000	0.1	87	0.80823
24000	0.1	86	0.814224
24000	0.1	86	0.810753
24000	0.1	85	0.822694
24000	0.1	87	0.839016
24000	0.1	87	0.803973
24000	0.1	88	0.82757
24000	0.1	85	0.837378
24000	0.1	88	0.795149
24000	0.1	85	0.803075
24000	0.1	86	0.801399
24000	0.1	87	0.800894
24000	0.1	85	0.80745
24000	0.1	84	0.805498
24000	0.1	85	0.814545
24000	0.1	84	0.806764
24000	0.1	88	0.808947
24000	0.1	88	0.813602
24000	0.1	86	0.794032
24000	0.1	88	0.8065
24000	0.1	89	0.809933
24000	0.1	85	0.81607

25000	0.1	80	0.853928
25000	0.1	85	0.856174
25000	0.1	88	0.872526
25000	0.1	82	0.886678
25000	0.1	87	0.863796
25000	0.1	83	0.876719
25000	0.1	85	0.874262
25000	0.1	85	0.86296
25000	0.1	88	0.871585
25000	0.1	85	0.871059
25000	0.1	88	0.86087
25000	0.1	85	0.869094
25000	0.1	85	0.872824
25000	0.1	86	0.877599
25000	0.1	81	0.888051
25000	0.1	83	0.874074
25000	0.1	86	0.871977
25000	0.1	85	0.868786
25000	0.1	84	0.870642
25000	0.1	88	0.872321
25000	0.1	86	0.881136
25000	0.1	84	0.902132
25000	0.1	84	0.865629
25000	0.1	86	0.870164
25000	0.1	87	0.901254
25000	0.1	87	0.884133
25000	0.1	86	0.894747
25000	0.1	86	0.883973
25000	0.1	86	0.877787
25000	0.1	84	0.88104

26000	0.1	84	0.947148
26000	0.1	83	0.937911
26000	0.1	84	0.945353
26000	0.1	87	0.939582
26000	0.1	85	0.937137
26000	0.1	82	0.945501
26000	0.1	86	0.930701
26000	0.1	83	0.945719
26000	0.1	86	0.929726
26000	0.1	84	0.935735
26000	0.1	87	0.941956
26000	0.1	85	0.930413
26000	0.1	86	0.937936
26000	0.1	82	0.951046
26000	0.1	83	0.921314
26000	0.1	86	0.944198
26000	0.1	86	0.946392
26000	0.1	86	0.933261
26000	0.1	87	0.941696
26000	0.1	83	0.968315
26000	0.1	85	0.929555
26000	0.1	86	0.939904
26000	0.1	88	0.94966
26000	0.1	86	0.93996
26000	0.1	86	0.936737
26000	0.1	89	0.979186
26000	0.1	88	0.940046
26000	0.1	86	0.936006
26000	0.1	87	0.942683
26000	0.1	83	0.939037

27000	0.1	85	1.00489
27000	0.1	84	1.00919
27000	0.1	89	1.0074
27000	0.1	89	1.01003
27000	0.1	82	1.02304
27000	0.1	80	1.0468
27000	0.1	83	0.99365
27000	0.1	86	1.02309
27000	0.1	88	1.00396
27000	0.1	84	1.03567
27000	0.1	88	1.01572
27000	0.1	85	1.00061
27000	0.1	88	1.00791
27000	0.1	86	1.04352
27000	0.1	87	0.995827
27000	0.1	90	1.03261
27000	0.1	88	0.99895
27000	0.1	86	1.03778
27000	0.1	86	1.00968
27000	0.1	83	1.00412
27000	0.1	81	1.00202
27000	0.1	87	1.01781
27000	0.1	86	1.01031
27000	0.1	86	1.00651
27000	0.1	85	0.999462
27000	0.1	88	1.02767
27000	0.1	87	1.04063
27000	0.1	83	1.00146
27000	0.1	84	1.0143
27000	0.1	84	1.0133

28000	0.1	85	1.08319
28000	0.1	87	1.0798
28000	0.1	85	1.09108
28000	0.1	82	1.0825
28000	0.1	85	1.08545
28000	0.1	83	1.08512
28000	0.1	86	1.12153
28000	0.1	85	1.08335
28000	0.1	89	1.08778
28000	0.1	84	1.08649
28000	0.1	86	1.11762
28000	0.1	84	1.1364
28000	0.1	86	1.08314
28000	0.1	85	1.11034
28000	0.1	87	1.08334
28000	0.1	87	1.13941
28000	0.1	89	1.12418
28000	0.1	90	1.10142
28000	0.1	87	1.08486
28000	0.1	85	1.08343
28000	0.1	85	1.12727
28000	0.1	87	1.08663
28000	0.1	83	1.06883
28000	0.1	85	1.1357
28000	0.1	87	1.07488
28000	0.1	90	1.08344
28000	0.1	85	1.08505
28000	0.1	87	1.07243
28000	0.1	85	1.18722
28000	0.1	86	1.23567

29000	0.1	85	1.22505
29000	0.1	85	1.13439
29000	0.1	86	1.13122
29000	0.1	85	1.13931
29000	0.1	86	1.16255
29000	0.1	84	1.15613
29000	0.1	87	1.1419
29000	0.1	85	1.16952
29000	0.1	86	1.13903
29000	0.1	84	1.14084
29000	0.1	85	1.14692
29000	0.1	84	1.13797
29000	0.1	86	1.18799
29000	0.1	86	1.14057
29000	0.1	89	1.14043
29000	0.1	87	1.14289
29000	0.1	90	1.14007
29000	0.1	86	1.14095
29000	0.1	86	1.13524
29000	0.1	87	1.13809
29000	0.1	86	1.13964
29000	0.1	84	1.20311
29000	0.1	89	1.16223
29000	0.1	87	1.13452
29000	0.1	85	1.13637
29000	0.1	91	1.13353
29000	0.1	85	1.13646
29000	0.1	87	1.14201
29000	0.1	85	1.1368
29000	0.1	85	1.1856

30000	0.1	86	1.23917
30000	0.1	88	1.21497
30000	0.1	84	1.21273
30000	0.1	87	1.22663
30000	0.1	86	1.21328
30000	0.1	84	1.2168
30000	0.1	84	1.21152
30000	0.1	84	1.21674
30000	0.1	84	1.22036
30000	0.1	85	1.27072
30000	0.1	88	1.28202
30000	0.1	85	1.22525
30000	0.1	87	1.21908
30000	0.1	88	1.21618
30000	0.1	90	1.22057
30000	0.1	85	1.21932
30000	0.1	86	1.21582
30000	0.1	88	1.21822
30000	0.1	86	1.21419
30000	0.1	85	1.2449
30000	0.1	84	1.25382
30000	0.1	83	1.21635
30000	0.1	85	1.21623
30000	0.1	86	1.21909
30000	0.1	87	1.21509
30000	0.1	89	1.21592
30000	0.1	83	1.22054
30000	0.1	88	1.29104
30000	0.1	87	1.21378
30000	0.1	89	1.21793

