40
18
67.5201689576 27.1043483564
63.7741240916 12.0119092172
18.043775785 57.6285027222
5.65763957531 71.0532337107
73.9143202324 91.1865734741
50.3389017693 95.465048891
74.4270183281 57.1909049016
41.6177470129 46.7043890418
83.7315970185 61.7250248105
87.1874966033 66.1003480995
24.1053233331 53.3950581417
72.0541535972 70.2557970253
33.2450486217 5.37874350178
80.5956186513 19.6194528086
27.4436575561 93.0854904604
98.3912430154 96.8652598615
77.3084683543 73.6398835695
15.2940681414 15.8087993454
27.0127076993 2.83290169972
87.021746547 77.7346161979
33.7262747861 8.30517415346
11.7535113224 87.3084680587
19.3189067815 26.6544106701
50.573440768 87.992261989
92.9117415312 44.2389722851
98.3937375204 63.9919173911
45.3433865885 33.4330650482
98.6601740671 48.9894170422
33.1735311786 31.3413066456
47.3341858944 35.2973618762
14.3267169818 42.5702912361
78.3638285993 72.3656345455
21.060927668 46.4606905956
63.5164867588 74.3064483461
90.6985157661 49.2025661038
55.3223439495 15.0433587637
53.1914052019 88.7880660262
45.4709595706 34.1199515483
83.2412795151 56.1017783329
24.1754942591 66.8141115061
58.4311692593 63.0974441993
68.5420149611 38.4730193894
28.2558637907 2.78968235146
60.2200287253 62.6840269887
83.9964606512 29.4537942351
69.37845756 74.0488358406
2.43192785795 70.3143843604
65.7829518697 45.6983310013
84.7214978363 68.5173097599
83.1415653681 11.8598809258
35.671933814 35.8614188277
50.2616714196 50.9131339467
58.1182129532 60.2740925053
14.880133379 22.1117437981
37.9684123548 55.9901154892
98.9602380884 27.532146362
26.4095373767 49.1284551324
22.7622367252 7.55996291958
17.3051435897 87.856614033
58.6332567615 68.6437130552
4.95339066723 52.37464971
16.2676478439 48.9144987798
68.0761986065 2.20010068868
39.8273203097 94.4637456281
33.664383855 33.6779006014
75.3605407572 92.9456773394
67.6986811 38.7736534934
58.7155577582 39.4205658658
19.3065873202 49.5340888943
32.255012181 55.8818169646
65.6266973927 7.66382701195
48.2278934888 5.75228808842
18.1939318915 53.8303616911
83.3655260315 92.2275922895
24.803513759 79.7230756961
81.0183476113 59.7887496838
53.2292970513 69.4284260638
6.00971452062 95.6162532164
94.363152695 91.8637210743
39.4495963734 0.788708708918
62.9905995509 99.3192073417
48.7905796874 32.2743423607
4.18886368196 35.3827065102
41.2075615616 80.4971192302
74.2401491967 74.0830625866
14.7625637829 50.9359806882
78.1694509998 39.1332471491
55.8545265429 1.15175975462
43.8384681929 9.35687375162
95.3705394735 95.6133310161
22.0223484107 79.8416034748
49.5274165867 21.9696178746
5.14188039978 6.40349531914
6.4685426745 1.05898783252
88.1515092042 41.4447673209
96.8792880083 38.2548370618
57.5123777876 73.0162787883
76.5064259033 5.07425783541
81.4499539845 9.37764309473
17.8054632143 0.512505854843
