1000	0.1	68	0.004407
1000	0.1	67	0.004375
1000	0.1	64	0.004481
1000	0.1	67	0.00435
1000	0.1	69	0.004694
1000	0.1	65	0.003217
1000	0.1	62	0.004308
1000	0.1	64	0.004141
1000	0.1	68	0.00443
1000	0.1	63	0.004313
1000	0.1	63	0.003271
1000	0.1	65	0.003966
1000	0.1	66	0.004805
1000	0.1	65	0.003268
1000	0.1	65	0.004074
1000	0.1	62	0.004555
1000	0.1	67	0.004514
1000	0.1	68	0.004114
1000	0.1	68	0.004099
1000	0.1	65	0.00313
1000	0.1	67	0.004092
1000	0.1	63	0.003065
1000	0.1	68	0.004433
1000	0.1	66	0.00326
1000	0.1	67	0.00408
1000	0.1	67	0.004651
1000	0.1	64	0.004138
1000	0.1	66	0.003098
1000	0.1	68	0.003271
1000	0.1	66	0.004406

2000	0.1	68	0.010772
2000	0.1	72	0.009294
2000	0.1	71	0.008427
2000	0.1	70	0.011368
2000	0.1	74	0.010949
2000	0.1	74	0.01063
2000	0.1	71	0.011012
2000	0.1	68	0.008403
2000	0.1	72	0.008581
2000	0.1	71	0.011582
2000	0.1	69	0.010807
2000	0.1	77	0.011635
2000	0.1	74	0.010222
2000	0.1	72	0.008536
2000	0.1	70	0.011157
2000	0.1	74	0.010673
2000	0.1	75	0.008148
2000	0.1	73	0.011511
2000	0.1	69	0.008341
2000	0.1	70	0.009487
2000	0.1	71	0.010428
2000	0.1	73	0.010778
2000	0.1	70	0.008513
2000	0.1	76	0.01048
2000	0.1	71	0.008404
2000	0.1	75	0.011315
2000	0.1	73	0.011268
2000	0.1	74	0.011597
2000	0.1	72	0.008446
2000	0.1	71	0.010984

3000	0.1	76	0.015925
3000	0.1	74	0.018545
3000	0.1	78	0.019411
3000	0.1	77	0.01942
3000	0.1	74	0.016443
3000	0.1	78	0.019001
3000	0.1	72	0.019895
3000	0.1	75	0.019014
3000	0.1	78	0.018851
3000	0.1	73	0.020007
3000	0.1	75	0.015949
3000	0.1	79	0.018603
3000	0.1	77	0.015828
3000	0.1	75	0.016125
3000	0.1	75	0.015911
3000	0.1	77	0.017616
3000	0.1	75	0.020879
3000	0.1	76	0.019518
3000	0.1	76	0.018897
3000	0.1	79	0.021362
3000	0.1	74	0.01617
3000	0.1	79	0.019446
3000	0.1	78	0.019217
3000	0.1	75	0.01926
3000	0.1	75	0.015979
3000	0.1	73	0.015944
3000	0.1	78	0.019195
3000	0.1	72	0.021632
3000	0.1	73	0.017188
3000	0.1	76	0.018337

4000	0.1	77	0.028899
4000	0.1	77	0.029478
4000	0.1	76	0.029121
4000	0.1	77	0.030267
4000	0.1	75	0.026578
4000	0.1	79	0.029927
4000	0.1	81	0.026122
4000	0.1	76	0.02845
4000	0.1	80	0.029516
4000	0.1	75	0.030065
4000	0.1	79	0.027867
4000	0.1	79	0.030132
4000	0.1	80	0.028866
4000	0.1	78	0.030105
4000	0.1	74	0.03472
4000	0.1	83	0.029665
4000	0.1	73	0.025767
4000	0.1	78	0.025185
4000	0.1	79	0.034103
4000	0.1	82	0.028619
4000	0.1	78	0.034667
4000	0.1	79	0.029723
4000	0.1	82	0.033255
4000	0.1	74	0.029239
4000	0.1	79	0.029713
4000	0.1	81	0.025531
4000	0.1	84	0.029121
4000	0.1	80	0.02611
4000	0.1	75	0.025475
4000	0.1	80	0.033765

5000	0.1	78	0.036774
5000	0.1	80	0.044914
5000	0.1	79	0.037339
5000	0.1	82	0.037483
5000	0.1	79	0.041216
5000	0.1	80	0.040091
5000	0.1	79	0.041364
5000	0.1	75	0.042864
5000	0.1	80	0.042393
5000	0.1	79	0.040818
5000	0.1	78	0.040237
5000	0.1	84	0.037142
5000	0.1	81	0.037691
5000	0.1	83	0.039528
5000	0.1	80	0.036673
5000	0.1	80	0.038473
5000	0.1	81	0.04388
5000	0.1	76	0.039793
5000	0.1	81	0.042831
5000	0.1	83	0.037445
5000	0.1	78	0.043681
5000	0.1	83	0.041751
5000	0.1	80	0.036766
5000	0.1	79	0.037564
5000	0.1	79	0.050603
5000	0.1	80	0.037764
5000	0.1	79	0.040709
5000	0.1	77	0.037599
5000	0.1	79	0.037898
5000	0.1	79	0.051395

6000	0.1	74	0.054754
6000	0.1	79	0.054555
6000	0.1	78	0.051719
6000	0.1	81	0.055807
6000	0.1	82	0.056376
6000	0.1	82	0.057701
6000	0.1	78	0.058539
6000	0.1	75	0.056873
6000	0.1	78	0.056875
6000	0.1	78	0.053521
6000	0.1	79	0.052108
6000	0.1	82	0.05704
6000	0.1	77	0.054657
6000	0.1	82	0.055592
6000	0.1	80	0.054722
6000	0.1	81	0.056444
6000	0.1	81	0.05169
6000	0.1	79	0.056677
6000	0.1	77	0.056232
6000	0.1	83	0.055318
6000	0.1	82	0.053629
6000	0.1	88	0.050751
6000	0.1	84	0.050109
6000	0.1	83	0.050244
6000	0.1	79	0.055265
6000	0.1	80	0.056792
6000	0.1	84	0.056805
6000	0.1	81	0.057746
6000	0.1	80	0.060773
6000	0.1	79	0.055321

7000	0.1	81	0.072924
7000	0.1	80	0.069583
7000	0.1	80	0.072725
7000	0.1	84	0.071707
7000	0.1	81	0.067928
7000	0.1	83	0.072599
7000	0.1	80	0.067514
7000	0.1	80	0.066766
7000	0.1	81	0.074622
7000	0.1	81	0.078565
7000	0.1	80	0.06686
7000	0.1	80	0.072628
7000	0.1	82	0.068854
7000	0.1	81	0.066703
7000	0.1	79	0.071392
7000	0.1	82	0.068019
7000	0.1	84	0.073071
7000	0.1	78	0.068491
7000	0.1	80	0.072036
7000	0.1	83	0.07232
7000	0.1	82	0.075228
7000	0.1	85	0.073493
7000	0.1	84	0.073158
7000	0.1	84	0.066993
7000	0.1	85	0.067867
7000	0.1	84	0.07203
7000	0.1	82	0.073816
7000	0.1	81	0.071143
7000	0.1	83	0.071235
7000	0.1	77	0.074565

8000	0.1	81	0.086145
8000	0.1	81	0.089919
8000	0.1	79	0.088588
8000	0.1	84	0.08853
8000	0.1	83	0.08856
8000	0.1	81	0.086593
8000	0.1	85	0.089314
8000	0.1	82	0.085822
8000	0.1	82	0.090758
8000	0.1	81	0.091022
8000	0.1	79	0.089493
8000	0.1	79	0.090378
8000	0.1	77	0.088925
8000	0.1	80	0.088896
8000	0.1	80	0.093075
8000	0.1	83	0.087079
8000	0.1	84	0.090991
8000	0.1	79	0.098215
8000	0.1	78	0.111803
8000	0.1	80	0.092527
8000	0.1	85	0.09147
8000	0.1	83	0.098094
8000	0.1	83	0.085824
8000	0.1	83	0.0912
8000	0.1	83	0.095134
8000	0.1	80	0.09538
8000	0.1	84	0.089513
8000	0.1	82	0.095496
8000	0.1	84	0.092658
8000	0.1	81	0.089848

9000	0.1	80	0.109596
9000	0.1	77	0.110239
9000	0.1	78	0.111146
9000	0.1	82	0.137143
9000	0.1	83	0.113236
9000	0.1	81	0.104252
9000	0.1	83	0.104415
9000	0.1	81	0.103398
9000	0.1	85	0.109357
9000	0.1	78	0.105926
9000	0.1	81	0.115424
9000	0.1	84	0.114562
9000	0.1	80	0.109999
9000	0.1	80	0.113328
9000	0.1	80	0.106039
9000	0.1	84	0.119996
9000	0.1	88	0.126079
9000	0.1	82	0.111869
9000	0.1	82	0.113558
9000	0.1	78	0.116699
9000	0.1	79	0.146401
9000	0.1	84	0.12389
9000	0.1	85	0.143779
9000	0.1	81	0.15008
9000	0.1	82	0.147553
9000	0.1	79	0.135407
9000	0.1	80	0.114394
9000	0.1	80	0.118833
9000	0.1	81	0.113513
9000	0.1	84	0.111186

10000	0.1	82	0.134989
10000	0.1	81	0.139338
10000	0.1	82	0.137598
10000	0.1	82	0.130647
10000	0.1	85	0.136558
10000	0.1	79	0.130246
10000	0.1	82	0.134767
10000	0.1	85	0.131963
10000	0.1	85	0.129468
10000	0.1	83	0.135514
10000	0.1	80	0.135364
10000	0.1	78	0.132217
10000	0.1	83	0.128894
10000	0.1	81	0.127885
10000	0.1	82	0.133683
10000	0.1	84	0.137818
10000	0.1	79	0.130662
10000	0.1	86	0.13273
10000	0.1	85	0.138104
10000	0.1	82	0.139756
10000	0.1	82	0.139264
10000	0.1	83	0.138595
10000	0.1	84	0.128659
10000	0.1	82	0.134653
10000	0.1	82	0.132861
10000	0.1	82	0.139365
10000	0.1	81	0.141673
10000	0.1	79	0.135407
10000	0.1	81	0.130307
10000	0.1	88	0.138889

11000	0.1	78	0.15379
11000	0.1	83	0.15684
11000	0.1	84	0.154395
11000	0.1	83	0.158141
11000	0.1	86	0.155441
11000	0.1	84	0.154022
11000	0.1	81	0.175315
11000	0.1	84	0.189382
11000	0.1	82	0.163175
11000	0.1	83	0.218962
11000	0.1	80	0.218589
11000	0.1	84	0.170041
11000	0.1	85	0.157752
11000	0.1	84	0.186199
11000	0.1	81	0.221446
11000	0.1	84	0.201894
11000	0.1	81	0.150349
11000	0.1	84	0.155146
11000	0.1	78	0.150347
11000	0.1	84	0.149337
11000	0.1	83	0.149056
11000	0.1	84	0.149071
11000	0.1	83	0.15
11000	0.1	82	0.149278
11000	0.1	80	0.14749
11000	0.1	80	0.146853
11000	0.1	82	0.149697
11000	0.1	83	0.148145
11000	0.1	82	0.148389
11000	0.1	84	0.156129

12000	0.1	86	0.175454
12000	0.1	88	0.173365
12000	0.1	84	0.173788
12000	0.1	85	0.174228
12000	0.1	81	0.17525
12000	0.1	79	0.174396
12000	0.1	85	0.173435
12000	0.1	86	0.229245
12000	0.1	85	0.179371
12000	0.1	83	0.174363
12000	0.1	85	0.173864
12000	0.1	80	0.174195
12000	0.1	86	0.175058
12000	0.1	85	0.174602
12000	0.1	82	0.181252
12000	0.1	88	0.17429
12000	0.1	85	0.174373
12000	0.1	81	0.173267
12000	0.1	83	0.173432
12000	0.1	82	0.175279
12000	0.1	84	0.174776
12000	0.1	86	0.174063
12000	0.1	83	0.242556
12000	0.1	78	0.177764
12000	0.1	86	0.173737
12000	0.1	82	0.173485
12000	0.1	85	0.1755
12000	0.1	84	0.179395
12000	0.1	84	0.174499
12000	0.1	86	0.174438

13000	0.1	83	0.21627
13000	0.1	84	0.203048
13000	0.1	83	0.264288
13000	0.1	84	0.20154
13000	0.1	83	0.203
13000	0.1	82	0.218832
13000	0.1	84	0.271213
13000	0.1	83	0.204338
13000	0.1	82	0.203555
13000	0.1	82	0.201896
13000	0.1	85	0.201228
13000	0.1	80	0.203283
13000	0.1	87	0.201339
13000	0.1	81	0.201503
13000	0.1	82	0.204641
13000	0.1	85	0.201949
13000	0.1	85	0.201908
13000	0.1	80	0.202755
13000	0.1	88	0.208011
13000	0.1	83	0.204104
13000	0.1	84	0.206458
13000	0.1	85	0.202224
13000	0.1	84	0.203718
13000	0.1	81	0.20275
13000	0.1	83	0.205011
13000	0.1	84	0.200631
13000	0.1	81	0.20175
13000	0.1	81	0.269725
13000	0.1	80	0.204179
13000	0.1	87	0.205584

14000	0.1	79	0.233166
14000	0.1	86	0.238215
14000	0.1	84	0.232674
14000	0.1	84	0.231081
14000	0.1	84	0.233079
14000	0.1	84	0.231896
14000	0.1	85	0.231948
14000	0.1	80	0.231565
14000	0.1	82	0.231711
14000	0.1	84	0.232699
14000	0.1	83	0.232945
14000	0.1	82	0.232551
14000	0.1	86	0.232794
14000	0.1	86	0.234648
14000	0.1	85	0.232063
14000	0.1	88	0.236902
14000	0.1	83	0.232122
14000	0.1	81	0.23366
14000	0.1	90	0.233297
14000	0.1	85	0.232036
14000	0.1	81	0.232537
14000	0.1	87	0.232231
14000	0.1	84	0.232442
14000	0.1	86	0.231144
14000	0.1	85	0.232955
14000	0.1	83	0.233658
14000	0.1	82	0.278226
14000	0.1	84	0.232378
14000	0.1	86	0.232224
14000	0.1	86	0.232252

15000	0.1	85	0.264216
15000	0.1	85	0.26708
15000	0.1	84	0.264995
15000	0.1	83	0.264858
15000	0.1	89	0.264549
15000	0.1	83	0.264295
15000	0.1	83	0.263468
15000	0.1	82	0.262536
15000	0.1	82	0.264179
15000	0.1	85	0.264104
15000	0.1	81	0.262442
15000	0.1	89	0.328403
15000	0.1	88	0.263455
15000	0.1	83	0.26452
15000	0.1	84	0.265036
15000	0.1	84	0.263896
15000	0.1	82	0.263863
15000	0.1	84	0.265021
15000	0.1	85	0.262958
15000	0.1	87	0.263629
15000	0.1	82	0.264534
15000	0.1	83	0.263478
15000	0.1	81	0.328927
15000	0.1	81	0.262546
15000	0.1	82	0.262809
15000	0.1	86	0.271571
15000	0.1	80	0.26304
15000	0.1	84	0.26475
15000	0.1	82	0.26666
15000	0.1	83	0.263787

16000	0.1	82	0.29716
16000	0.1	85	0.298634
16000	0.1	85	0.298948
16000	0.1	85	0.299214
16000	0.1	87	0.299876
16000	0.1	89	0.299217
16000	0.1	81	0.299241
16000	0.1	84	0.300069
16000	0.1	86	0.299293
16000	0.1	85	0.298433
16000	0.1	83	0.29846
16000	0.1	85	0.338897
16000	0.1	84	0.298855
16000	0.1	81	0.297498
16000	0.1	86	0.298376
16000	0.1	88	0.299922
16000	0.1	82	0.307139
16000	0.1	84	0.3003
16000	0.1	83	0.297634
16000	0.1	87	0.304722
16000	0.1	83	0.298512
16000	0.1	84	0.298285
16000	0.1	86	0.296733
16000	0.1	84	0.297366
16000	0.1	85	0.297337
16000	0.1	86	0.363237
16000	0.1	83	0.311461
16000	0.1	86	0.359831
16000	0.1	82	0.297804
16000	0.1	84	0.303945

17000	0.1	81	0.332739
17000	0.1	85	0.335599
17000	0.1	87	0.337372
17000	0.1	86	0.337788
17000	0.1	84	0.333406
17000	0.1	87	0.335094
17000	0.1	82	0.37085
17000	0.1	83	0.333314
17000	0.1	82	0.337948
17000	0.1	85	0.333871
17000	0.1	85	0.334211
17000	0.1	86	0.334523
17000	0.1	87	0.351976
17000	0.1	85	0.337422
17000	0.1	88	0.333212
17000	0.1	87	0.340203
17000	0.1	84	0.334161
17000	0.1	85	0.333156
17000	0.1	84	0.335726
17000	0.1	84	0.334967
17000	0.1	86	0.335152
17000	0.1	85	0.335272
17000	0.1	83	0.388662
17000	0.1	86	0.342471
17000	0.1	88	0.33387
17000	0.1	87	0.400503
17000	0.1	87	0.334349
17000	0.1	82	0.338929
17000	0.1	86	0.335284
17000	0.1	85	0.336579

18000	0.1	82	0.375658
18000	0.1	85	0.374208
18000	0.1	84	0.371635
18000	0.1	88	0.372156
18000	0.1	79	0.403784
18000	0.1	89	0.374234
18000	0.1	84	0.440593
18000	0.1	83	0.378082
18000	0.1	83	0.372485
18000	0.1	87	0.375962
18000	0.1	83	0.440855
18000	0.1	81	0.375566
18000	0.1	87	0.373917
18000	0.1	89	0.375448
18000	0.1	86	0.432718
18000	0.1	87	0.379889
18000	0.1	82	0.372755
18000	0.1	81	0.381279
18000	0.1	83	0.374905
18000	0.1	83	0.392222
18000	0.1	85	0.378161
18000	0.1	85	0.374723
18000	0.1	85	0.371968
18000	0.1	82	0.372007
18000	0.1	85	0.373533
18000	0.1	85	0.372649
18000	0.1	85	0.373493
18000	0.1	88	0.375052
18000	0.1	86	0.380096
18000	0.1	86	0.441466

19000	0.1	82	0.479491
19000	0.1	86	0.415001
19000	0.1	88	0.480424
19000	0.1	86	0.417948
19000	0.1	85	0.484299
19000	0.1	85	0.41984
19000	0.1	85	0.485797
19000	0.1	86	0.415026
19000	0.1	83	0.413191
19000	0.1	84	0.419793
19000	0.1	83	0.414488
19000	0.1	86	0.461668
19000	0.1	85	0.415229
19000	0.1	88	0.418929
19000	0.1	86	0.413097
19000	0.1	86	0.416356
19000	0.1	88	0.414375
19000	0.1	85	0.414807
19000	0.1	87	0.413959
19000	0.1	82	0.417934
19000	0.1	82	0.414255
19000	0.1	86	0.416904
19000	0.1	86	0.412956
19000	0.1	87	0.415378
19000	0.1	86	0.462623
19000	0.1	84	0.41382
19000	0.1	86	0.415061
19000	0.1	87	0.415132
19000	0.1	84	0.415464
19000	0.1	83	0.418941

20000	0.1	88	0.457093
20000	0.1	86	0.455111
20000	0.1	86	0.457688
20000	0.1	85	0.522838
20000	0.1	87	0.45677
20000	0.1	82	0.460486
20000	0.1	88	0.522106
20000	0.1	81	0.501331
20000	0.1	86	0.457329
20000	0.1	83	0.457827
20000	0.1	84	0.456671
20000	0.1	87	0.456599
20000	0.1	86	0.455906
20000	0.1	88	0.463868
20000	0.1	84	0.492137
20000	0.1	87	0.456556
20000	0.1	86	0.456371
20000	0.1	85	0.456983
20000	0.1	87	0.460546
20000	0.1	85	0.456233
20000	0.1	84	0.461436
20000	0.1	85	0.458768
20000	0.1	87	0.472251
20000	0.1	86	0.459676
20000	0.1	86	0.4579
20000	0.1	87	0.455537
20000	0.1	88	0.454612
20000	0.1	87	0.459165
20000	0.1	83	0.454712
20000	0.1	84	0.498376

21000	0.1	85	0.565476
21000	0.1	89	0.501441
21000	0.1	85	0.506006
21000	0.1	88	0.506575
21000	0.1	88	0.500025
21000	0.1	82	0.504492
21000	0.1	87	0.500654
21000	0.1	84	0.519167
21000	0.1	87	0.515209
21000	0.1	84	0.512093
21000	0.1	84	0.509951
21000	0.1	86	0.508532
21000	0.1	87	0.562768
21000	0.1	87	0.503845
21000	0.1	82	0.523519
21000	0.1	86	0.510683
21000	0.1	88	0.508411
21000	0.1	84	0.502529
21000	0.1	89	0.507991
21000	0.1	82	0.560268
21000	0.1	84	0.514613
21000	0.1	84	0.573178
21000	0.1	88	0.559716
21000	0.1	85	0.504792
21000	0.1	86	0.4985
21000	0.1	89	0.499054
21000	0.1	84	0.502963
21000	0.1	89	0.50301
21000	0.1	81	0.502209
21000	0.1	85	0.506441

22000	0.1	84	0.61468
22000	0.1	86	0.548885
22000	0.1	85	0.549245
22000	0.1	89	0.547547
22000	0.1	88	0.617714
22000	0.1	84	0.552324
22000	0.1	90	0.547571
22000	0.1	88	0.549687
22000	0.1	87	0.548292
22000	0.1	88	0.552952
22000	0.1	87	0.550738
22000	0.1	83	0.554396
22000	0.1	83	0.546689
22000	0.1	85	0.552061
22000	0.1	85	0.548661
22000	0.1	86	0.560987
22000	0.1	86	0.552817
22000	0.1	85	0.546198
22000	0.1	87	0.548371
22000	0.1	87	0.550258
22000	0.1	82	0.547239
22000	0.1	85	0.551452
22000	0.1	83	0.549697
22000	0.1	85	0.547775
22000	0.1	87	0.552826
22000	0.1	87	0.546166
22000	0.1	88	0.547414
22000	0.1	89	0.591814
22000	0.1	85	0.54859
22000	0.1	82	0.615876

23000	0.1	83	0.662475
23000	0.1	89	0.596531
23000	0.1	85	0.598587
23000	0.1	87	0.602603
23000	0.1	90	0.610167
23000	0.1	83	0.598323
23000	0.1	87	0.657957
23000	0.1	85	0.595436
23000	0.1	85	0.598207
23000	0.1	86	0.599816
23000	0.1	86	0.600349
23000	0.1	87	0.597447
23000	0.1	84	0.597968
23000	0.1	88	0.600563
23000	0.1	85	0.596194
23000	0.1	85	0.61401
23000	0.1	87	0.674504
23000	0.1	86	0.601468
23000	0.1	86	0.610816
23000	0.1	89	0.606722
23000	0.1	84	0.601512
23000	0.1	84	0.602505
23000	0.1	86	0.597211
23000	0.1	81	0.600184
23000	0.1	89	0.596516
23000	0.1	86	0.59787
23000	0.1	87	0.598504
23000	0.1	87	0.600432
23000	0.1	86	0.665238
23000	0.1	85	0.599237

24000	0.1	83	0.644922
24000	0.1	86	0.680513
24000	0.1	89	0.647216
24000	0.1	85	0.650036
24000	0.1	86	0.646501
24000	0.1	87	0.649453
24000	0.1	88	0.651695
24000	0.1	85	0.652693
24000	0.1	85	0.652173
24000	0.1	88	0.647594
24000	0.1	86	0.657223
24000	0.1	84	0.654514
24000	0.1	87	0.653603
24000	0.1	87	0.715833
24000	0.1	88	0.648646
24000	0.1	85	0.651348
24000	0.1	87	0.649826
24000	0.1	84	0.693268
24000	0.1	86	0.645789
24000	0.1	87	0.656834
24000	0.1	85	0.65303
24000	0.1	85	0.656968
24000	0.1	85	0.645939
24000	0.1	84	0.657131
24000	0.1	90	0.6523
24000	0.1	88	0.64847
24000	0.1	86	0.646865
24000	0.1	88	0.674573
24000	0.1	88	0.650653
24000	0.1	86	0.653521

25000	0.1	80	0.69846
25000	0.1	85	0.706349
25000	0.1	87	0.700336
25000	0.1	83	0.71624
25000	0.1	87	0.70364
25000	0.1	83	0.699287
25000	0.1	85	0.703447
25000	0.1	85	0.772493
25000	0.1	87	0.705864
25000	0.1	85	0.702169
25000	0.1	86	0.702358
25000	0.1	85	0.700083
25000	0.1	84	0.699027
25000	0.1	82	0.70166
25000	0.1	83	0.698823
25000	0.1	84	0.704643
25000	0.1	86	0.751022
25000	0.1	85	0.701546
25000	0.1	84	0.699945
25000	0.1	88	0.704571
25000	0.1	85	0.702708
25000	0.1	84	0.69968
25000	0.1	85	0.71422
25000	0.1	86	0.707869
25000	0.1	87	0.702762
25000	0.1	89	0.699229
25000	0.1	85	0.771141
25000	0.1	84	0.706077
25000	0.1	86	0.722469
25000	0.1	84	0.772405

26000	0.1	83	0.75507
26000	0.1	83	0.820203
26000	0.1	84	0.764519
26000	0.1	86	0.775184
26000	0.1	86	0.819531
26000	0.1	83	0.759164
26000	0.1	87	0.759692
26000	0.1	83	0.757737
26000	0.1	86	0.795285
26000	0.1	84	0.824999
26000	0.1	87	0.757182
26000	0.1	85	0.766107
26000	0.1	86	0.763047
26000	0.1	83	0.821097
26000	0.1	83	0.801999
26000	0.1	87	0.759481
26000	0.1	86	0.823219
26000	0.1	86	0.755585
26000	0.1	87	0.762544
26000	0.1	84	0.833065
26000	0.1	85	0.760087
26000	0.1	86	0.760277
26000	0.1	88	0.759714
26000	0.1	86	0.760487
26000	0.1	88	0.755839
26000	0.1	87	0.820635
26000	0.1	88	0.815647
26000	0.1	86	0.758435
26000	0.1	87	0.757931
26000	0.1	83	0.762171

27000	0.1	84	0.880909
27000	0.1	85	0.813804
27000	0.1	89	0.831099
27000	0.1	89	0.815667
27000	0.1	85	0.813964
27000	0.1	80	0.81632
27000	0.1	85	0.817398
27000	0.1	86	0.814394
27000	0.1	89	0.813949
27000	0.1	84	0.815455
27000	0.1	88	0.877407
27000	0.1	84	0.818164
27000	0.1	88	0.879778
27000	0.1	86	0.831135
27000	0.1	87	0.820667
27000	0.1	90	0.881889
27000	0.1	88	0.818317
27000	0.1	88	0.814651
27000	0.1	86	0.816097
27000	0.1	83	0.813313
27000	0.1	82	0.881594
27000	0.1	86	0.812118
27000	0.1	86	0.872432
27000	0.1	85	0.878997
27000	0.1	85	0.867981
27000	0.1	88	0.813635
27000	0.1	87	0.815575
27000	0.1	84	0.818309
27000	0.1	84	0.812888
27000	0.1	84	0.886997

28000	0.1	84	0.870999
28000	0.1	87	0.870385
28000	0.1	85	0.873191
28000	0.1	84	0.872691
28000	0.1	86	0.87067
28000	0.1	83	0.871714
28000	0.1	85	0.871726
28000	0.1	87	0.876829
28000	0.1	89	0.875809
28000	0.1	84	0.873327
28000	0.1	86	0.877052
28000	0.1	84	0.901704
28000	0.1	86	0.896193
28000	0.1	85	0.876077
28000	0.1	87	0.871258
28000	0.1	87	0.875217
28000	0.1	89	0.895617
28000	0.1	90	0.873602
28000	0.1	87	0.87253
28000	0.1	85	0.95073
28000	0.1	85	0.873291
28000	0.1	88	0.875389
28000	0.1	83	0.947286
28000	0.1	85	0.938621
28000	0.1	87	0.871803
28000	0.1	91	0.937885
28000	0.1	86	0.872561
28000	0.1	86	0.954015
28000	0.1	85	0.892477
28000	0.1	86	0.876401

29000	0.1	86	0.939021
29000	0.1	85	0.931183
29000	0.1	86	0.93357
29000	0.1	86	1.01204
29000	0.1	86	0.93511
29000	0.1	84	0.93176
29000	0.1	87	0.935199
29000	0.1	85	0.941015
29000	0.1	86	0.941555
29000	0.1	83	0.9356
29000	0.1	86	1.00377
29000	0.1	84	0.941436
29000	0.1	86	0.951469
29000	0.1	85	1.00794
29000	0.1	89	0.935667
29000	0.1	87	0.941952
29000	0.1	89	0.938258
29000	0.1	86	0.933379
29000	0.1	86	0.932002
29000	0.1	86	0.94031
29000	0.1	86	0.933275
29000	0.1	84	0.939218
29000	0.1	89	0.938297
29000	0.1	87	0.937065
29000	0.1	86	0.935183
29000	0.1	90	0.93302
29000	0.1	85	0.936273
29000	0.1	87	0.93798
29000	0.1	86	0.941354
29000	0.1	85	1.01628

30000	0.1	87	0.998
30000	0.1	87	1.06633
30000	0.1	84	1.00283
30000	0.1	86	0.999579
30000	0.1	86	1.03687
30000	0.1	84	1.06706
30000	0.1	83	0.997729
30000	0.1	82	1.00889
30000	0.1	84	1.01513
30000	0.1	85	1.06174
30000	0.1	88	1.0007
30000	0.1	85	1.00308
30000	0.1	88	1.00763
30000	0.1	88	1.00618
30000	0.1	89	1.06452
30000	0.1	84	1.01208
30000	0.1	86	1.00068
30000	0.1	88	1.00594
30000	0.1	86	1.00467
30000	0.1	84	1.01864
30000	0.1	86	1.0257
30000	0.1	83	1.00014
30000	0.1	85	0.997874
30000	0.1	88	1.00112
30000	0.1	87	1.06785
30000	0.1	89	1.00513
30000	0.1	81	1.07563
30000	0.1	86	1.07171
30000	0.1	87	0.997168
30000	0.1	89	1.00591

