1000	0.15	33	0.013635
1000	0.15	33	0.003715
1000	0.15	35	0.003705
1000	0.15	35	0.003731
1000	0.15	36	0.003684
1000	0.15	34	0.003724
1000	0.15	35	0.00373
1000	0.15	36	0.003716
1000	0.15	35	0.003707
1000	0.15	32	0.003766
1000	0.15	35	0.003689
1000	0.15	35	0.003715
1000	0.15	35	0.013169
1000	0.15	36	0.003771
1000	0.15	34	0.003709
1000	0.15	33	0.00373
1000	0.15	33	0.00371
1000	0.15	37	0.003742
1000	0.15	34	0.003711
1000	0.15	35	0.003731
1000	0.15	34	0.003676
1000	0.15	36	0.003699
1000	0.15	33	0.00368
1000	0.15	36	0.003702
1000	0.15	32	0.003727
1000	0.15	31	0.003726
1000	0.15	33	0.00379
1000	0.15	38	0.003948
1000	0.15	37	0.003707
1000	0.15	34	0.003748

2000	0.15	38	0.011218
2000	0.15	37	0.011238
2000	0.15	36	0.011299
2000	0.15	38	0.011493
2000	0.15	42	0.011419
2000	0.15	37	0.01134
2000	0.15	36	0.011378
2000	0.15	39	0.011357
2000	0.15	38	0.011299
2000	0.15	37	0.011419
2000	0.15	34	0.011245
2000	0.15	36	0.011468
2000	0.15	37	0.011182
2000	0.15	36	0.011328
2000	0.15	37	0.011363
2000	0.15	37	0.011449
2000	0.15	35	0.011305
2000	0.15	36	0.01125
2000	0.15	38	0.011342
2000	0.15	37	0.011329
2000	0.15	38	0.011224
2000	0.15	37	0.011374
2000	0.15	37	0.011268
2000	0.15	37	0.011399
2000	0.15	37	0.011388
2000	0.15	35	0.011257
2000	0.15	38	0.011447
2000	0.15	37	0.011394
2000	0.15	38	0.011387
2000	0.15	35	0.011552

3000	0.15	38	0.041754
3000	0.15	38	0.022749
3000	0.15	36	0.022991
3000	0.15	39	0.023063
3000	0.15	37	0.022884
3000	0.15	39	0.023416
3000	0.15	39	0.022964
3000	0.15	39	0.022993
3000	0.15	41	0.023185
3000	0.15	38	0.023114
3000	0.15	37	0.022887
3000	0.15	39	0.02314
3000	0.15	37	0.022769
3000	0.15	37	0.022871
3000	0.15	38	0.023821
3000	0.15	38	0.023292
3000	0.15	39	0.023571
3000	0.15	39	0.022931
3000	0.15	40	0.02281
3000	0.15	37	0.022818
3000	0.15	40	0.022671
3000	0.15	40	0.02376
3000	0.15	37	0.022969
3000	0.15	38	0.023001
3000	0.15	36	0.022987
3000	0.15	40	0.022855
3000	0.15	37	0.022992
3000	0.15	36	0.023055
3000	0.15	40	0.044287
3000	0.15	40	0.022895

4000	0.15	36	0.03806
4000	0.15	40	0.038329
4000	0.15	36	0.038538
4000	0.15	41	0.038814
4000	0.15	36	0.038451
4000	0.15	41	0.038522
4000	0.15	41	0.038882
4000	0.15	39	0.038596
4000	0.15	38	0.038803
4000	0.15	40	0.038909
4000	0.15	40	0.038399
4000	0.15	38	0.038997
4000	0.15	39	0.038426
4000	0.15	38	0.038788
4000	0.15	42	0.038732
4000	0.15	40	0.039109
4000	0.15	37	0.039972
4000	0.15	40	0.038859
4000	0.15	40	0.038773
4000	0.15	41	0.038703
4000	0.15	36	0.038403
4000	0.15	41	0.03863
4000	0.15	38	0.038352
4000	0.15	39	0.03859
4000	0.15	41	0.038968
4000	0.15	38	0.038196
4000	0.15	40	0.03905
4000	0.15	37	0.038909
4000	0.15	41	0.038675
4000	0.15	39	0.066688

5000	0.15	39	0.058598
5000	0.15	40	0.05774
5000	0.15	39	0.058118
5000	0.15	42	0.058411
5000	0.15	42	0.058791
5000	0.15	41	0.0586
5000	0.15	40	0.075145
5000	0.15	38	0.058188
5000	0.15	43	0.05955
5000	0.15	38	0.058582
5000	0.15	42	0.057797
5000	0.15	39	0.05866
5000	0.15	37	0.058022
5000	0.15	39	0.057946
5000	0.15	41	0.057805
5000	0.15	40	0.126235
5000	0.15	41	0.05882
5000	0.15	41	0.05774
5000	0.15	41	0.058428
5000	0.15	42	0.057913
5000	0.15	40	0.057872
5000	0.15	37	0.12597
5000	0.15	38	0.057801
5000	0.15	38	0.058725
5000	0.15	40	0.058722
5000	0.15	37	0.057624
5000	0.15	40	0.058506
5000	0.15	38	0.058257
5000	0.15	38	0.058344
5000	0.15	38	0.058252

6000	0.15	39	0.114399
6000	0.15	41	0.082162
6000	0.15	41	0.081595
6000	0.15	43	0.081859
6000	0.15	39	0.081111
6000	0.15	41	0.081528
6000	0.15	41	0.081514
6000	0.15	38	0.081498
6000	0.15	40	0.081556
6000	0.15	42	0.081869
6000	0.15	40	0.080648
6000	0.15	40	0.081926
6000	0.15	41	0.081657
6000	0.15	43	0.081489
6000	0.15	42	0.081112
6000	0.15	39	0.082402
6000	0.15	39	0.08242
6000	0.15	40	0.080994
6000	0.15	39	0.081474
6000	0.15	39	0.081181
6000	0.15	42	0.081384
6000	0.15	39	0.081521
6000	0.15	39	0.082188
6000	0.15	39	0.081241
6000	0.15	40	0.082042
6000	0.15	38	0.081815
6000	0.15	41	0.08224
6000	0.15	38	0.081931
6000	0.15	38	0.081311
6000	0.15	40	0.081692

7000	0.15	38	0.108757
7000	0.15	41	0.108732
7000	0.15	39	0.108969
7000	0.15	41	0.110046
7000	0.15	42	0.108106
7000	0.15	40	0.110632
7000	0.15	41	0.109108
7000	0.15	38	0.108686
7000	0.15	43	0.109306
7000	0.15	42	0.109305
7000	0.15	39	0.107989
7000	0.15	40	0.113939
7000	0.15	40	0.148073
7000	0.15	41	0.108796
7000	0.15	42	0.108058
7000	0.15	39	0.109379
7000	0.15	41	0.131626
7000	0.15	41	0.111352
7000	0.15	41	0.108681
7000	0.15	42	0.109512
7000	0.15	41	0.108191
7000	0.15	40	0.108798
7000	0.15	38	0.108519
7000	0.15	41	0.10871
7000	0.15	42	0.109326
7000	0.15	40	0.107955
7000	0.15	41	0.175852
7000	0.15	39	0.113883
7000	0.15	40	0.108589
7000	0.15	41	0.108954

8000	0.15	41	0.166662
8000	0.15	41	0.139836
8000	0.15	41	0.140167
8000	0.15	41	0.140701
8000	0.15	41	0.140295
8000	0.15	41	0.140013
8000	0.15	40	0.140368
8000	0.15	39	0.140209
8000	0.15	40	0.140882
8000	0.15	42	0.140887
8000	0.15	41	0.139012
8000	0.15	41	0.14074
8000	0.15	39	0.141797
8000	0.15	44	0.140374
8000	0.15	41	0.139413
8000	0.15	42	0.140707
8000	0.15	40	0.142344
8000	0.15	42	0.14023
8000	0.15	40	0.139577
8000	0.15	39	0.139842
8000	0.15	38	0.139258
8000	0.15	39	0.191142
8000	0.15	41	0.14008
8000	0.15	40	0.140319
8000	0.15	43	0.140134
8000	0.15	40	0.141204
8000	0.15	41	0.140386
8000	0.15	36	0.140535
8000	0.15	37	0.142876
8000	0.15	43	0.140494

9000	0.15	41	0.235325
9000	0.15	42	0.175183
9000	0.15	40	0.175491
9000	0.15	40	0.176893
9000	0.15	40	0.174805
9000	0.15	40	0.174977
9000	0.15	40	0.243418
9000	0.15	40	0.174312
9000	0.15	39	0.175029
9000	0.15	41	0.17572
9000	0.15	42	0.175779
9000	0.15	41	0.17552
9000	0.15	41	0.175386
9000	0.15	40	0.175193
9000	0.15	40	0.174743
9000	0.15	42	0.176033
9000	0.15	39	0.175431
9000	0.15	40	0.174511
9000	0.15	41	0.174881
9000	0.15	41	0.175665
9000	0.15	39	0.174524
9000	0.15	42	0.174969
9000	0.15	40	0.175525
9000	0.15	40	0.242483
9000	0.15	41	0.177151
9000	0.15	41	0.174456
9000	0.15	40	0.17581
9000	0.15	41	0.178293
9000	0.15	40	0.174876
9000	0.15	41	0.176856

10000	0.15	42	0.212981
10000	0.15	41	0.219172
10000	0.15	42	0.214783
10000	0.15	39	0.215321
10000	0.15	42	0.213819
10000	0.15	38	0.214147
10000	0.15	41	0.216677
10000	0.15	39	0.213713
10000	0.15	41	0.214367
10000	0.15	41	0.215817
10000	0.15	39	0.260633
10000	0.15	40	0.214566
10000	0.15	42	0.215693
10000	0.15	40	0.21424
10000	0.15	41	0.212983
10000	0.15	40	0.216168
10000	0.15	40	0.215706
10000	0.15	41	0.213841
10000	0.15	40	0.213537
10000	0.15	39	0.221274
10000	0.15	41	0.213455
10000	0.15	41	0.213883
10000	0.15	40	0.21829
10000	0.15	40	0.232994
10000	0.15	42	0.220246
10000	0.15	42	0.219476
10000	0.15	40	0.220444
10000	0.15	41	0.220877
10000	0.15	41	0.217709
10000	0.15	41	0.231111

11000	0.15	39	0.269785
11000	0.15	39	0.261589
11000	0.15	43	0.263383
11000	0.15	42	0.262675
11000	0.15	42	0.330953
11000	0.15	39	0.261799
11000	0.15	39	0.260207
11000	0.15	42	0.260296
11000	0.15	44	0.258963
11000	0.15	41	0.262819
11000	0.15	40	0.257267
11000	0.15	41	0.269612
11000	0.15	42	0.257362
11000	0.15	41	0.264977
11000	0.15	40	0.262525
11000	0.15	39	0.258283
11000	0.15	38	0.282432
11000	0.15	42	0.258026
11000	0.15	42	0.264092
11000	0.15	41	0.258614
11000	0.15	42	0.257972
11000	0.15	41	0.25688
11000	0.15	41	0.266384
11000	0.15	38	0.258463
11000	0.15	42	0.256455
11000	0.15	39	0.261208
11000	0.15	42	0.263518
11000	0.15	41	0.289564
11000	0.15	41	0.260403
11000	0.15	42	0.262836

12000	0.15	40	0.368989
12000	0.15	44	0.303104
12000	0.15	43	0.303309
12000	0.15	42	0.303364
12000	0.15	42	0.303569
12000	0.15	42	0.303719
12000	0.15	44	0.303852
12000	0.15	40	0.302788
12000	0.15	43	0.304828
12000	0.15	44	0.306375
12000	0.15	43	0.301903
12000	0.15	43	0.304593
12000	0.15	43	0.303957
12000	0.15	42	0.303634
12000	0.15	43	0.302224
12000	0.15	41	0.30435
12000	0.15	40	0.304341
12000	0.15	41	0.305874
12000	0.15	41	0.30302
12000	0.15	42	0.304562
12000	0.15	40	0.302301
12000	0.15	39	0.302646
12000	0.15	41	0.303596
12000	0.15	39	0.302727
12000	0.15	44	0.302756
12000	0.15	41	0.301834
12000	0.15	41	0.305187
12000	0.15	40	0.305288
12000	0.15	42	0.304085
12000	0.15	42	0.316909

13000	0.15	40	0.385183
13000	0.15	39	0.353675
13000	0.15	43	0.359567
13000	0.15	41	0.421937
13000	0.15	39	0.357094
13000	0.15	41	0.359331
13000	0.15	42	0.356804
13000	0.15	40	0.362428
13000	0.15	43	0.355912
13000	0.15	39	0.356463
13000	0.15	42	0.35402
13000	0.15	42	0.358262
13000	0.15	41	0.354221
13000	0.15	44	0.354774
13000	0.15	39	0.353019
13000	0.15	43	0.355148
13000	0.15	40	0.353857
13000	0.15	40	0.396271
13000	0.15	41	0.360172
13000	0.15	42	0.354512
13000	0.15	40	0.353086
13000	0.15	43	0.35521
13000	0.15	39	0.353632
13000	0.15	42	0.358715
13000	0.15	44	0.424642
13000	0.15	40	0.352219
13000	0.15	41	0.354933
13000	0.15	42	0.358838
13000	0.15	43	0.35503
13000	0.15	44	0.355038

14000	0.15	41	0.40768
14000	0.15	44	0.411491
14000	0.15	42	0.412263
14000	0.15	44	0.410767
14000	0.15	42	0.411082
14000	0.15	43	0.420941
14000	0.15	42	0.411708
14000	0.15	39	0.40645
14000	0.15	42	0.411697
14000	0.15	42	0.409833
14000	0.15	42	0.408528
14000	0.15	43	0.41102
14000	0.15	40	0.43087
14000	0.15	42	0.409276
14000	0.15	42	0.406263
14000	0.15	42	0.412158
14000	0.15	40	0.4079
14000	0.15	43	0.408639
14000	0.15	41	0.407633
14000	0.15	43	0.410801
14000	0.15	39	0.407338
14000	0.15	43	0.410694
14000	0.15	44	0.408311
14000	0.15	43	0.410404
14000	0.15	45	0.407288
14000	0.15	41	0.406223
14000	0.15	40	0.411834
14000	0.15	42	0.415885
14000	0.15	41	0.406999
14000	0.15	43	0.414231

15000	0.15	45	0.481418
15000	0.15	42	0.478722
15000	0.15	41	0.489579
15000	0.15	40	0.47214
15000	0.15	40	0.473981
15000	0.15	44	0.476354
15000	0.15	41	0.469698
15000	0.15	41	0.474015
15000	0.15	42	0.472162
15000	0.15	41	0.46869
15000	0.15	41	0.474422
15000	0.15	40	0.487187
15000	0.15	42	0.473796
15000	0.15	42	0.471056
15000	0.15	39	0.47179
15000	0.15	41	0.485456
15000	0.15	42	0.535805
15000	0.15	40	0.488244
15000	0.15	39	0.472074
15000	0.15	40	0.491255
15000	0.15	41	0.466711
15000	0.15	43	0.482244
15000	0.15	43	0.478899
15000	0.15	42	0.465006
15000	0.15	44	0.471781
15000	0.15	41	0.470993
15000	0.15	42	0.475838
15000	0.15	43	0.496817
15000	0.15	40	0.466276
15000	0.15	41	0.47058

16000	0.15	45	0.530382
16000	0.15	41	0.531062
16000	0.15	43	0.532431
16000	0.15	41	0.528565
16000	0.15	40	0.534352
16000	0.15	42	0.533276
16000	0.15	44	0.580311
16000	0.15	43	0.53419
16000	0.15	43	0.539509
16000	0.15	42	0.605317
16000	0.15	40	0.555011
16000	0.15	41	0.541109
16000	0.15	45	0.547811
16000	0.15	39	0.549006
16000	0.15	39	0.545501
16000	0.15	42	0.547966
16000	0.15	42	0.551431
16000	0.15	42	0.566221
16000	0.15	41	0.56423
16000	0.15	42	0.565196
16000	0.15	42	0.562754
16000	0.15	40	0.565719
16000	0.15	42	0.548105
16000	0.15	41	0.535119
16000	0.15	40	0.531609
16000	0.15	43	0.557075
16000	0.15	44	0.56138
16000	0.15	43	0.565374
16000	0.15	41	0.563334
16000	0.15	45	0.562794

17000	0.15	45	0.639188
17000	0.15	43	0.599428
17000	0.15	42	0.601219
17000	0.15	40	0.661997
17000	0.15	41	0.625898
17000	0.15	42	0.608025
17000	0.15	44	0.603347
17000	0.15	42	0.597867
17000	0.15	41	0.596532
17000	0.15	42	0.61088
17000	0.15	41	0.661973
17000	0.15	42	0.599854
17000	0.15	42	0.626527
17000	0.15	44	0.609396
17000	0.15	43	0.601439
17000	0.15	41	0.623061
17000	0.15	41	0.604588
17000	0.15	44	0.689267
17000	0.15	40	0.598578
17000	0.15	41	0.613104
17000	0.15	43	0.60003
17000	0.15	39	0.656931
17000	0.15	41	0.59517
17000	0.15	42	0.594172
17000	0.15	43	0.600067
17000	0.15	42	0.595321
17000	0.15	42	0.59998
17000	0.15	44	0.632206
17000	0.15	39	0.596751
17000	0.15	41	0.596598

18000	0.15	43	0.665005
18000	0.15	43	0.696086
18000	0.15	41	0.664107
18000	0.15	41	0.666464
18000	0.15	40	0.666087
18000	0.15	42	0.671463
18000	0.15	43	0.669732
18000	0.15	43	0.665986
18000	0.15	43	0.6954
18000	0.15	41	0.66767
18000	0.15	38	0.733552
18000	0.15	44	0.669067
18000	0.15	44	0.670144
18000	0.15	41	0.67494
18000	0.15	41	0.668311
18000	0.15	40	0.671099
18000	0.15	41	0.667026
18000	0.15	42	0.663043
18000	0.15	40	0.662641
18000	0.15	43	0.670994
18000	0.15	40	0.668134
18000	0.15	42	0.719964
18000	0.15	40	0.707398
18000	0.15	42	0.709424
18000	0.15	43	0.705609
18000	0.15	42	0.715484
18000	0.15	43	0.712117
18000	0.15	43	0.715546
18000	0.15	40	0.713231
18000	0.15	42	0.715529

19000	0.15	43	0.849913
19000	0.15	43	0.784328
19000	0.15	42	0.770237
19000	0.15	42	0.749005
19000	0.15	39	0.748635
19000	0.15	40	0.769761
19000	0.15	44	0.760217
19000	0.15	40	0.740338
19000	0.15	43	0.752496
19000	0.15	38	0.751344
19000	0.15	43	0.750434
19000	0.15	41	0.749914
19000	0.15	44	0.74928
19000	0.15	41	0.750011
19000	0.15	43	0.741043
19000	0.15	42	0.755903
19000	0.15	41	0.751197
19000	0.15	40	0.757121
19000	0.15	43	0.761469
19000	0.15	41	0.777564
19000	0.15	38	0.746525
19000	0.15	39	0.751038
19000	0.15	40	0.738202
19000	0.15	41	0.753913
19000	0.15	42	0.746723
19000	0.15	43	0.794434
19000	0.15	43	0.739746
19000	0.15	43	0.746504
19000	0.15	41	0.809932
19000	0.15	43	0.742035

20000	0.15	40	0.882974
20000	0.15	43	0.885876
20000	0.15	41	0.816316
20000	0.15	42	0.817693
20000	0.15	40	0.819613
20000	0.15	38	0.820053
20000	0.15	44	0.884865
20000	0.15	42	0.816434
20000	0.15	44	0.818816
20000	0.15	41	0.820045
20000	0.15	42	0.89158
20000	0.15	42	0.900927
20000	0.15	44	0.83224
20000	0.15	42	0.833002
20000	0.15	43	0.831293
20000	0.15	42	0.827477
20000	0.15	42	0.827738
20000	0.15	42	0.891912
20000	0.15	43	0.825607
20000	0.15	41	0.844199
20000	0.15	40	0.884069
20000	0.15	41	0.829103
20000	0.15	40	0.822394
20000	0.15	41	0.828436
20000	0.15	44	0.817231
20000	0.15	45	0.815916
20000	0.15	42	0.819801
20000	0.15	42	0.832007
20000	0.15	42	0.818298
20000	0.15	43	0.826298

21000	0.15	40	0.897882
21000	0.15	42	0.966557
21000	0.15	41	0.912432
21000	0.15	39	0.910862
21000	0.15	42	0.932425
21000	0.15	44	0.945703
21000	0.15	41	0.985119
21000	0.15	41	0.914874
21000	0.15	42	0.911411
21000	0.15	41	0.909968
21000	0.15	45	0.905405
21000	0.15	41	0.9249
21000	0.15	43	0.906732
21000	0.15	41	0.922412
21000	0.15	42	0.899128
21000	0.15	43	0.901239
21000	0.15	40	0.903063
21000	0.15	44	0.902069
21000	0.15	43	0.89971
21000	0.15	40	0.902287
21000	0.15	39	0.904597
21000	0.15	43	0.902011
21000	0.15	41	0.904498
21000	0.15	43	0.89879
21000	0.15	44	0.89969
21000	0.15	43	0.919586
21000	0.15	43	0.900204
21000	0.15	42	0.919225
21000	0.15	43	0.906639
21000	0.15	44	0.907621

22000	0.15	42	0.989614
22000	0.15	43	0.988029
22000	0.15	43	0.986153
22000	0.15	45	0.982315
22000	0.15	43	1.05887
22000	0.15	43	0.997215
22000	0.15	44	0.991117
22000	0.15	43	1.00785
22000	0.15	41	0.993792
22000	0.15	42	0.995319
22000	0.15	44	0.993776
22000	0.15	40	0.991692
22000	0.15	43	1.02481
22000	0.15	44	0.997087
22000	0.15	44	0.988508
22000	0.15	42	0.990319
22000	0.15	39	1.02382
22000	0.15	44	1.00307
22000	0.15	43	1.00623
22000	0.15	41	0.995302
22000	0.15	40	0.995497
22000	0.15	43	0.983732
22000	0.15	44	0.986754
22000	0.15	44	0.986711
22000	0.15	43	0.984264
22000	0.15	42	0.985672
22000	0.15	44	0.985692
22000	0.15	41	1.01662
22000	0.15	40	0.986701
22000	0.15	43	0.99084

23000	0.15	43	1.11098
23000	0.15	43	1.08705
23000	0.15	42	1.14252
23000	0.15	41	1.07369
23000	0.15	43	1.08173
23000	0.15	41	1.08483
23000	0.15	43	1.07766
23000	0.15	39	1.08048
23000	0.15	42	1.09315
23000	0.15	43	1.09853
23000	0.15	43	1.08021
23000	0.15	43	1.15027
23000	0.15	41	1.07709
23000	0.15	42	1.08074
23000	0.15	42	1.07819
23000	0.15	43	1.08049
23000	0.15	41	1.0789
23000	0.15	44	1.1672
23000	0.15	43	1.08558
23000	0.15	41	1.08819
23000	0.15	38	1.07815
23000	0.15	41	1.07365
23000	0.15	44	1.08296
23000	0.15	42	1.07481
23000	0.15	43	1.08728
23000	0.15	43	1.07373
23000	0.15	41	1.12165
23000	0.15	42	1.13359
23000	0.15	41	1.078
23000	0.15	44	1.13618

24000	0.15	43	1.16899
24000	0.15	44	1.17277
24000	0.15	42	1.16815
24000	0.15	43	1.17675
24000	0.15	40	1.19263
24000	0.15	41	1.1714
24000	0.15	41	1.24406
24000	0.15	38	1.17602
24000	0.15	43	1.1744
24000	0.15	43	1.25429
24000	0.15	43	1.18592
24000	0.15	43	1.17806
24000	0.15	44	1.21557
24000	0.15	41	1.1784
24000	0.15	41	1.16722
24000	0.15	41	1.17182
24000	0.15	41	1.17017
24000	0.15	45	1.1779
24000	0.15	43	1.17378
24000	0.15	42	1.21082
24000	0.15	39	1.17607
24000	0.15	43	1.17112
24000	0.15	40	1.20048
24000	0.15	43	1.23462
24000	0.15	43	1.16752
24000	0.15	43	1.1621
24000	0.15	42	1.16735
24000	0.15	44	1.17857
24000	0.15	42	1.17366
24000	0.15	43	1.20532

25000	0.15	45	1.32448
25000	0.15	44	1.26962
25000	0.15	44	1.27125
25000	0.15	41	1.33827
25000	0.15	39	1.26539
25000	0.15	43	1.26869
25000	0.15	42	1.26639
25000	0.15	41	1.33851
25000	0.15	43	1.26866
25000	0.15	44	1.33816
25000	0.15	42	1.26499
25000	0.15	43	1.26601
25000	0.15	43	1.27162
25000	0.15	42	1.27305
25000	0.15	41	1.27016
25000	0.15	41	1.27815
25000	0.15	39	1.28194
25000	0.15	43	1.2645
25000	0.15	43	1.2681
25000	0.15	42	1.32409
25000	0.15	40	1.26975
25000	0.15	43	1.26442
25000	0.15	43	1.26692
25000	0.15	43	1.2738
25000	0.15	43	1.27485
25000	0.15	43	1.29042
25000	0.15	41	1.26805
25000	0.15	42	1.27675
25000	0.15	43	1.27269
25000	0.15	44	1.27192

26000	0.15	44	1.37409
26000	0.15	43	1.37733
26000	0.15	45	1.36906
26000	0.15	45	1.38483
26000	0.15	42	1.61211
26000	0.15	44	1.57034
26000	0.15	42	1.48012
26000	0.15	40	1.66056
26000	0.15	40	1.82202
26000	0.15	42	1.50341
26000	0.15	42	1.41746
26000	0.15	40	1.40543
26000	0.15	42	1.40472
26000	0.15	41	1.42788
26000	0.15	42	1.38703
26000	0.15	40	1.37222
26000	0.15	42	1.37141
26000	0.15	44	1.43417
26000	0.15	42	1.41571
26000	0.15	39	1.37711
26000	0.15	39	1.38408
26000	0.15	40	1.41036
26000	0.15	43	1.38969
26000	0.15	43	1.3732
26000	0.15	40	1.37232
26000	0.15	43	1.44512
26000	0.15	44	1.37688
26000	0.15	45	1.40298
26000	0.15	43	1.36972
26000	0.15	42	1.38535

27000	0.15	43	1.4936
27000	0.15	44	1.50545
27000	0.15	44	1.53279
27000	0.15	45	1.47844
27000	0.15	40	1.47644
27000	0.15	43	1.49143
27000	0.15	42	1.56672
27000	0.15	41	1.48433
27000	0.15	41	1.51845
27000	0.15	42	1.5377
27000	0.15	42	1.48083
27000	0.15	42	1.48521
27000	0.15	41	1.48066
27000	0.15	42	1.47987
27000	0.15	44	1.48794
27000	0.15	41	1.49271
27000	0.15	42	1.56686
27000	0.15	43	1.48225
27000	0.15	43	1.47643
27000	0.15	42	1.52102
27000	0.15	41	1.57333
27000	0.15	42	1.47674
27000	0.15	43	1.55138
27000	0.15	42	1.53128
27000	0.15	41	1.48446
27000	0.15	44	1.51709
27000	0.15	42	1.54991
27000	0.15	44	1.51424
27000	0.15	44	1.49384
27000	0.15	43	1.49168

28000	0.15	44	1.63676
28000	0.15	44	1.58105
28000	0.15	43	1.69785
28000	0.15	44	1.58694
28000	0.15	41	1.58693
28000	0.15	42	1.63582
28000	0.15	40	1.59183
28000	0.15	41	1.59017
28000	0.15	42	1.59369
28000	0.15	45	1.60208
28000	0.15	40	1.59069
28000	0.15	43	1.63175
28000	0.15	42	1.5852
28000	0.15	42	1.60983
28000	0.15	42	1.5895
28000	0.15	41	1.61149
28000	0.15	42	1.58736
28000	0.15	44	1.60994
28000	0.15	44	1.59742
28000	0.15	42	1.59657
28000	0.15	41	1.58502
28000	0.15	41	1.65802
28000	0.15	44	1.5904
28000	0.15	43	1.61782
28000	0.15	40	1.58883
28000	0.15	40	1.6794
28000	0.15	42	1.62453
28000	0.15	43	1.61563
28000	0.15	44	1.61043
28000	0.15	44	1.62455

29000	0.15	44	1.7516
29000	0.15	44	1.69883
29000	0.15	43	1.69932
29000	0.15	42	1.84233
29000	0.15	42	1.70021
29000	0.15	42	1.70825
29000	0.15	44	1.76199
29000	0.15	40	1.81236
29000	0.15	41	1.82331
29000	0.15	45	1.8182
29000	0.15	40	1.82514
29000	0.15	44	1.81639
29000	0.15	40	1.9143
29000	0.15	43	1.7311
29000	0.15	43	1.72619
29000	0.15	43	1.71106
29000	0.15	40	1.6943
29000	0.15	42	1.76825
29000	0.15	43	1.80951
29000	0.15	44	1.83305
29000	0.15	42	1.80618
29000	0.15	40	2.02179
29000	0.15	42	1.72156
29000	0.15	44	1.71864
29000	0.15	40	1.71251
29000	0.15	40	1.8088
29000	0.15	43	1.70744
29000	0.15	43	1.74948
29000	0.15	44	1.72368
29000	0.15	43	1.74286

30000	0.15	42	1.80976
30000	0.15	45	1.81919
30000	0.15	42	1.80763
30000	0.15	44	1.80626
30000	0.15	41	1.80772
30000	0.15	39	1.88115
30000	0.15	43	1.81754
30000	0.15	39	1.81549
30000	0.15	41	1.84024
30000	0.15	44	1.81841
30000	0.15	41	1.81131
30000	0.15	42	1.81232
30000	0.15	41	1.81019
30000	0.15	43	1.8148
30000	0.15	42	1.80828
30000	0.15	42	1.8146
30000	0.15	41	1.87567
30000	0.15	43	1.80673
30000	0.15	44	1.809
30000	0.15	42	1.82044
30000	0.15	43	1.80844
30000	0.15	43	1.80942
30000	0.15	42	1.81318
30000	0.15	43	1.81121
30000	0.15	42	1.87317
30000	0.15	41	1.80339
30000	0.15	42	1.80617
30000	0.15	44	1.81771
30000	0.15	42	1.87743
30000	0.15	42	1.81489

