1000	0.1	52	0.012914
1000	0.1	57	0.009734
1000	0.1	55	0.009989
1000	0.1	49	0.009206
1000	0.1	49	0.00852
1000	0.1	41	0.008066
1000	0.1	55	0.00644
1000	0.1	52	0.00636
1000	0.1	49	0.005979
1000	0.1	47	0.00566
1000	0.1	47	0.005848
1000	0.1	50	0.003568
1000	0.1	49	0.003878
1000	0.1	39	0.003888
1000	0.1	43	0.01176
1000	0.1	42	0.003698
1000	0.1	55	0.003615
1000	0.1	52	0.003587
1000	0.1	49	0.003618
1000	0.1	47	0.003522
1000	0.1	46	0.003709
1000	0.1	49	0.003644
1000	0.1	44	0.003863
1000	0.1	39	0.003897
1000	0.1	41	0.00373
1000	0.1	51	0.003635
1000	0.1	45	0.003866
1000	0.1	49	0.003798
1000	0.1	44	0.00366
1000	0.1	44	0.003727

2000	0.1	48	0.023572
2000	0.1	56	0.012392
2000	0.1	55	0.010259
2000	0.1	65	0.010631
2000	0.1	59	0.009214
2000	0.1	63	0.030917
2000	0.1	47	0.022403
2000	0.1	59	0.017773
2000	0.1	52	0.010118
2000	0.1	59	0.010314
2000	0.1	46	0.010583
2000	0.1	63	0.009941
2000	0.1	51	0.022702
2000	0.1	54	0.013871
2000	0.1	53	0.011034
2000	0.1	55	0.010315
2000	0.1	59	0.016865
2000	0.1	57	0.01692
2000	0.1	46	0.012009
2000	0.1	63	0.009121
2000	0.1	59	0.009594
2000	0.1	56	0.010888
2000	0.1	53	0.010216
2000	0.1	52	0.012135
2000	0.1	58	0.010774
2000	0.1	57	0.010925
2000	0.1	59	0.010249
2000	0.1	60	0.010533
2000	0.1	53	0.024514
2000	0.1	58	0.010048

3000	0.1	59	0.023589
3000	0.1	64	0.018884
3000	0.1	61	0.018403
3000	0.1	47	0.024956
3000	0.1	53	0.021869
3000	0.1	63	0.019406
3000	0.1	56	0.019385
3000	0.1	55	0.021997
3000	0.1	63	0.019026
3000	0.1	55	0.022985
3000	0.1	53	0.033671
3000	0.1	42	0.029395
3000	0.1	64	0.020539
3000	0.1	53	0.021847
3000	0.1	48	0.023522
3000	0.1	60	0.021534
3000	0.1	50	0.023742
3000	0.1	50	0.021971
3000	0.1	58	0.021529
3000	0.1	68	0.02569
3000	0.1	64	0.021512
3000	0.1	64	0.021686
3000	0.1	52	0.025091
3000	0.1	65	0.019451
3000	0.1	60	0.021557
3000	0.1	57	0.022567
3000	0.1	64	0.01992
3000	0.1	64	0.020047
3000	0.1	55	0.025688
3000	0.1	59	0.020104

4000	0.1	56	0.037541
4000	0.1	58	0.036317
4000	0.1	52	0.043117
4000	0.1	69	0.030366
4000	0.1	61	0.033024
4000	0.1	67	0.029995
4000	0.1	73	0.030168
4000	0.1	49	0.038964
4000	0.1	61	0.034022
4000	0.1	56	0.033378
4000	0.1	43	0.047173
4000	0.1	67	0.04006
4000	0.1	57	0.048197
4000	0.1	68	0.035955
4000	0.1	57	0.037162
4000	0.1	60	0.036328
4000	0.1	53	0.039878
4000	0.1	68	0.030292
4000	0.1	52	0.035834
4000	0.1	61	0.035858
4000	0.1	56	0.036227
4000	0.1	53	0.039707
4000	0.1	64	0.03401
4000	0.1	62	0.035585
4000	0.1	65	0.034792
4000	0.1	61	0.033325
4000	0.1	61	0.035802
4000	0.1	65	0.035753
4000	0.1	60	0.03259
4000	0.1	65	0.033231

5000	0.1	68	0.049909
5000	0.1	67	0.046664
5000	0.1	64	0.052174
5000	0.1	59	0.056717
5000	0.1	51	0.057893
5000	0.1	58	0.052187
5000	0.1	55	0.055583
5000	0.1	60	0.086962
5000	0.1	67	0.048374
5000	0.1	72	0.04788
5000	0.1	68	0.051656
5000	0.1	67	0.04886
5000	0.1	66	0.051294
5000	0.1	55	0.065587
5000	0.1	70	0.049066
5000	0.1	53	0.057236
5000	0.1	65	0.052073
5000	0.1	67	0.047408
5000	0.1	67	0.053729
5000	0.1	55	0.054587
5000	0.1	73	0.044856
5000	0.1	49	0.071356
5000	0.1	59	0.051449
5000	0.1	64	0.050314
5000	0.1	62	0.055143
5000	0.1	68	0.04995
5000	0.1	62	0.047144
5000	0.1	64	0.05132
5000	0.1	68	0.049838
5000	0.1	51	0.065403

6000	0.1	62	0.077599
6000	0.1	64	0.082948
6000	0.1	47	0.095012
6000	0.1	54	0.083143
6000	0.1	63	0.074707
6000	0.1	63	0.083098
6000	0.1	56	0.087489
6000	0.1	66	0.074547
6000	0.1	62	0.070496
6000	0.1	65	0.076741
6000	0.1	59	0.084724
6000	0.1	69	0.073466
6000	0.1	63	0.076111
6000	0.1	62	0.080871
6000	0.1	64	0.069941
6000	0.1	62	0.084423
6000	0.1	55	0.086325
6000	0.1	67	0.072508
6000	0.1	76	0.068124
6000	0.1	60	0.083789
6000	0.1	66	0.07223
6000	0.1	57	0.096867
6000	0.1	67	0.075429
6000	0.1	57	0.088382
6000	0.1	69	0.067423
6000	0.1	67	0.067939
6000	0.1	64	0.076729
6000	0.1	52	0.084203
6000	0.1	55	0.087509
6000	0.1	67	0.0734

7000	0.1	65	0.10137
7000	0.1	73	0.090774
7000	0.1	48	0.150928
7000	0.1	60	0.115207
7000	0.1	63	0.107757
7000	0.1	71	0.085777
7000	0.1	64	0.103486
7000	0.1	66	0.097072
7000	0.1	60	0.106732
7000	0.1	45	0.149402
7000	0.1	65	0.103601
7000	0.1	57	0.136889
7000	0.1	65	0.102441
7000	0.1	67	0.103909
7000	0.1	66	0.094135
7000	0.1	71	0.090762
7000	0.1	68	0.092376
7000	0.1	81	0.082025
7000	0.1	70	0.088832
7000	0.1	70	0.10988
7000	0.1	60	0.103957
7000	0.1	71	0.096317
7000	0.1	53	0.120111
7000	0.1	61	0.109739
7000	0.1	69	0.103488
7000	0.1	78	0.08988
7000	0.1	69	0.107561
7000	0.1	48	0.126248
7000	0.1	58	0.124048
7000	0.1	67	0.098454

8000	0.1	56	0.143007
8000	0.1	63	0.132459
8000	0.1	68	0.122282
8000	0.1	67	0.135102
8000	0.1	76	0.1121
8000	0.1	63	0.136503
8000	0.1	56	0.140981
8000	0.1	68	0.124011
8000	0.1	65	0.128147
8000	0.1	54	0.178428
8000	0.1	67	0.127218
8000	0.1	70	0.128744
8000	0.1	68	0.140062
8000	0.1	49	0.175821
8000	0.1	74	0.130556
8000	0.1	70	0.127288
8000	0.1	70	0.12687
8000	0.1	63	0.124336
8000	0.1	55	0.182553
8000	0.1	67	0.134233
8000	0.1	48	0.205496
8000	0.1	64	0.125724
8000	0.1	70	0.124261
8000	0.1	68	0.126421
8000	0.1	65	0.138268
8000	0.1	58	0.14612
8000	0.1	67	0.139908
8000	0.1	66	0.139099
8000	0.1	62	0.13905
8000	0.1	60	0.151963

9000	0.1	72	0.160052
9000	0.1	66	0.163579
9000	0.1	55	0.173951
9000	0.1	69	0.150726
9000	0.1	53	0.240789
9000	0.1	70	0.146761
9000	0.1	72	0.143253
9000	0.1	72	0.168398
9000	0.1	72	0.165522
9000	0.1	53	0.170625
9000	0.1	72	0.156222
9000	0.1	61	0.175185
9000	0.1	57	0.196676
9000	0.1	59	0.183442
9000	0.1	72	0.15935
9000	0.1	61	0.180822
9000	0.1	60	0.206043
9000	0.1	78	0.135198
9000	0.1	73	0.189397
9000	0.1	56	0.266652
9000	0.1	73	0.208112
9000	0.1	61	0.229829
9000	0.1	66	0.162094
9000	0.1	60	0.187586
9000	0.1	59	0.221978
9000	0.1	65	0.163759
9000	0.1	62	0.164167
9000	0.1	70	0.144832
9000	0.1	60	0.174308
9000	0.1	69	0.180244

10000	0.1	73	0.179641
10000	0.1	74	0.164049
10000	0.1	66	0.198091
10000	0.1	68	0.165156
10000	0.1	62	0.222498
10000	0.1	64	0.206668
10000	0.1	64	0.196411
10000	0.1	63	0.249865
10000	0.1	60	0.186917
10000	0.1	61	0.175036
10000	0.1	61	0.207685
10000	0.1	77	0.170049
10000	0.1	62	0.221358
10000	0.1	68	0.170047
10000	0.1	68	0.19105
10000	0.1	53	0.222841
10000	0.1	63	0.183439
10000	0.1	59	0.216329
10000	0.1	64	0.203617
10000	0.1	72	0.170066
10000	0.1	67	0.199823
10000	0.1	67	0.177305
10000	0.1	66	0.172439
10000	0.1	64	0.276093
10000	0.1	57	0.23545
10000	0.1	65	0.262994
10000	0.1	59	0.285627
10000	0.1	75	0.219141
10000	0.1	68	0.24822
10000	0.1	50	0.224588

11000	0.1	77	0.21927
11000	0.1	66	0.223752
11000	0.1	57	0.334794
11000	0.1	72	0.226619
11000	0.1	74	0.204367
11000	0.1	56	0.31523
11000	0.1	71	0.213681
11000	0.1	61	0.262208
11000	0.1	73	0.18551
11000	0.1	66	0.273916
11000	0.1	71	0.214584
11000	0.1	70	0.225143
11000	0.1	74	0.20562
11000	0.1	69	0.211153
11000	0.1	63	0.232861
11000	0.1	65	0.273489
11000	0.1	58	0.234446
11000	0.1	59	0.254981
11000	0.1	65	0.269962
11000	0.1	76	0.265318
11000	0.1	51	0.37143
11000	0.1	70	0.268496
11000	0.1	57	0.283436
11000	0.1	75	0.268243
11000	0.1	77	0.243937
11000	0.1	75	0.225648
11000	0.1	66	0.286675
11000	0.1	74	0.194375
11000	0.1	69	0.228425
11000	0.1	56	0.256091

12000	0.1	71	0.260515
12000	0.1	70	0.273459
12000	0.1	72	0.246566
12000	0.1	77	0.268158
12000	0.1	80	0.280144
12000	0.1	72	0.237598
12000	0.1	73	0.24187
12000	0.1	56	0.342643
12000	0.1	59	0.352578
12000	0.1	58	0.307704
12000	0.1	76	0.317074
12000	0.1	58	0.293323
12000	0.1	58	0.32905
12000	0.1	72	0.272436
12000	0.1	68	0.269208
12000	0.1	69	0.269849
12000	0.1	72	0.257501
12000	0.1	70	0.315507
12000	0.1	63	0.369673
12000	0.1	59	0.289242
12000	0.1	65	0.297816
12000	0.1	71	0.322097
12000	0.1	67	0.283409
12000	0.1	44	0.555549
12000	0.1	69	0.315326
12000	0.1	62	0.303216
12000	0.1	60	0.340816
12000	0.1	68	0.348365
12000	0.1	66	0.332646
12000	0.1	68	0.338308

13000	0.1	73	0.350802
13000	0.1	69	0.35738
13000	0.1	75	0.280057
13000	0.1	76	0.289073
13000	0.1	69	0.359058
13000	0.1	54	0.395872
13000	0.1	68	0.324903
13000	0.1	65	0.33544
13000	0.1	59	0.4118
13000	0.1	70	0.37865
13000	0.1	68	0.341736
13000	0.1	67	0.438239
13000	0.1	56	0.344228
13000	0.1	63	0.303215
13000	0.1	70	0.319939
13000	0.1	60	0.335198
13000	0.1	66	0.364747
13000	0.1	68	0.409223
13000	0.1	72	0.266781
13000	0.1	72	0.336633
13000	0.1	71	0.346358
13000	0.1	67	0.306089
13000	0.1	64	0.409608
13000	0.1	65	0.435399
13000	0.1	75	0.312217
13000	0.1	61	0.408955
13000	0.1	73	0.313523
13000	0.1	70	0.336272
13000	0.1	70	0.33821
13000	0.1	72	0.348209

14000	0.1	76	0.316046
14000	0.1	70	0.391153
14000	0.1	61	0.368909
14000	0.1	62	0.44584
14000	0.1	68	0.373683
14000	0.1	65	0.443273
14000	0.1	68	0.324588
14000	0.1	79	0.386113
14000	0.1	65	0.338282
14000	0.1	62	0.480637
14000	0.1	71	0.317558
14000	0.1	71	0.381885
14000	0.1	72	0.38433
14000	0.1	57	0.611762
14000	0.1	69	0.339687
14000	0.1	56	0.535619
14000	0.1	68	0.38114
14000	0.1	62	0.42366
14000	0.1	75	0.356304
14000	0.1	77	0.307331
14000	0.1	61	0.395888
14000	0.1	78	0.312108
14000	0.1	71	0.360814
14000	0.1	80	0.358851
14000	0.1	81	0.306926
14000	0.1	74	0.401689
14000	0.1	73	0.346666
14000	0.1	74	0.323869
14000	0.1	69	0.39139
14000	0.1	65	0.430111

15000	0.1	67	0.406077
15000	0.1	51	0.485492
15000	0.1	73	0.448333
15000	0.1	63	0.407413
15000	0.1	73	0.379033
15000	0.1	74	0.431752
15000	0.1	66	0.466009
15000	0.1	78	0.382819
15000	0.1	75	0.399855
15000	0.1	74	0.441969
15000	0.1	66	0.465179
15000	0.1	78	0.380744
15000	0.1	79	0.391001
15000	0.1	74	0.379279
15000	0.1	62	0.442151
15000	0.1	70	0.417307
15000	0.1	73	0.440822
15000	0.1	69	0.446796
15000	0.1	72	0.458353
15000	0.1	64	0.451755
15000	0.1	59	0.502363
15000	0.1	73	0.430026
15000	0.1	73	0.452431
15000	0.1	62	0.437697
15000	0.1	80	0.405982
15000	0.1	70	0.395043
15000	0.1	76	0.421897
15000	0.1	47	0.559346
15000	0.1	85	0.364113
15000	0.1	76	0.422534

16000	0.1	76	0.448634
16000	0.1	58	0.63375
16000	0.1	64	0.527974
16000	0.1	73	0.528099
16000	0.1	70	0.463534
16000	0.1	62	0.534259
16000	0.1	76	0.426708
16000	0.1	63	0.507472
16000	0.1	74	0.409158
16000	0.1	73	0.42169
16000	0.1	61	0.486676
16000	0.1	80	0.420084
16000	0.1	82	0.413836
16000	0.1	59	0.466436
16000	0.1	83	0.405971
16000	0.1	74	0.49067
16000	0.1	56	0.687218
16000	0.1	62	0.505889
16000	0.1	76	0.435872
16000	0.1	69	0.503982
16000	0.1	65	0.482003
16000	0.1	78	0.453845
16000	0.1	74	0.475714
16000	0.1	61	0.567174
16000	0.1	53	0.604661
16000	0.1	71	0.470577
16000	0.1	62	0.51706
16000	0.1	73	0.422004
16000	0.1	72	0.507206
16000	0.1	69	0.514751

17000	0.1	72	0.48987
17000	0.1	69	0.575689
17000	0.1	63	0.660313
17000	0.1	71	0.615348
17000	0.1	64	0.641912
17000	0.1	63	0.656425
17000	0.1	68	0.590146
17000	0.1	72	0.533142
17000	0.1	79	0.485202
17000	0.1	76	0.48205
17000	0.1	74	0.543152
17000	0.1	84	0.436114
17000	0.1	74	0.473585
17000	0.1	69	0.513458
17000	0.1	56	0.653987
17000	0.1	80	0.422553
17000	0.1	70	0.552656
17000	0.1	71	0.562725
17000	0.1	73	0.516811
17000	0.1	69	0.520397
17000	0.1	76	0.488174
17000	0.1	74	0.499976
17000	0.1	56	0.605929
17000	0.1	64	0.607086
17000	0.1	72	0.581695
17000	0.1	71	0.533913
17000	0.1	68	0.562071
17000	0.1	74	0.550495
17000	0.1	59	0.592007
17000	0.1	71	0.482009

18000	0.1	70	0.575101
18000	0.1	62	0.691926
18000	0.1	76	0.576896
18000	0.1	67	0.643922
18000	0.1	76	0.515677
18000	0.1	66	0.631404
18000	0.1	75	0.58387
18000	0.1	57	0.805221
18000	0.1	64	0.648371
18000	0.1	79	0.538944
18000	0.1	65	0.698215
18000	0.1	74	0.58423
18000	0.1	68	0.67688
18000	0.1	64	0.702933
18000	0.1	81	0.536799
18000	0.1	54	0.825744
18000	0.1	77	0.579077
18000	0.1	74	0.552306
18000	0.1	63	0.82122
18000	0.1	75	0.589135
18000	0.1	56	0.807142
18000	0.1	80	0.51815
18000	0.1	61	0.678414
18000	0.1	73	0.599626
18000	0.1	68	0.569937
18000	0.1	66	0.634694
18000	0.1	70	0.550255
18000	0.1	73	0.597861
18000	0.1	59	0.768678
18000	0.1	70	0.624144

19000	0.1	57	0.925594
19000	0.1	64	0.756785
19000	0.1	73	0.657177
19000	0.1	59	0.80465
19000	0.1	56	0.834702
19000	0.1	64	0.794544
19000	0.1	74	0.602924
19000	0.1	77	0.637077
19000	0.1	71	0.650194
19000	0.1	72	0.604866
19000	0.1	72	0.655305
19000	0.1	76	0.610935
19000	0.1	72	0.718595
19000	0.1	63	0.77891
19000	0.1	81	0.601435
19000	0.1	75	0.655368
19000	0.1	63	0.730995
19000	0.1	64	0.724157
19000	0.1	72	0.671521
19000	0.1	79	0.621901
19000	0.1	60	0.754309
19000	0.1	75	0.678796
19000	0.1	57	0.901363
19000	0.1	69	0.81149
19000	0.1	68	0.726474
19000	0.1	75	0.610312
19000	0.1	71	0.670325
19000	0.1	64	0.775468
19000	0.1	75	0.628868
19000	0.1	70	0.679297

20000	0.1	70	0.720647
20000	0.1	66	0.902581
20000	0.1	71	0.649693
20000	0.1	63	0.858548
20000	0.1	69	0.882395
20000	0.1	82	0.682386
20000	0.1	68	0.739078
20000	0.1	73	0.686105
20000	0.1	72	0.717151
20000	0.1	76	0.700057
20000	0.1	74	0.604747
20000	0.1	77	0.679461
20000	0.1	64	0.79495
20000	0.1	64	0.739466
20000	0.1	62	0.892034
20000	0.1	64	0.888311
20000	0.1	82	0.649877
20000	0.1	73	0.757391
20000	0.1	76	0.67803
20000	0.1	72	0.790789
20000	0.1	75	0.740654
20000	0.1	65	0.861293
20000	0.1	74	0.868061
20000	0.1	79	0.63479
20000	0.1	63	0.801602
20000	0.1	61	0.80953
20000	0.1	61	0.907793
20000	0.1	73	0.733375
20000	0.1	65	0.915665
20000	0.1	72	0.792008

21000	0.1	58	1.20548
21000	0.1	55	1.07039
21000	0.1	75	0.837409
21000	0.1	72	0.805384
21000	0.1	67	0.907299
21000	0.1	58	1.18991
21000	0.1	64	0.987476
21000	0.1	62	0.882054
21000	0.1	76	0.863225
21000	0.1	62	0.981722
21000	0.1	73	0.895445
21000	0.1	72	0.834383
21000	0.1	62	0.873062
21000	0.1	63	0.866904
21000	0.1	54	1.15333
21000	0.1	69	0.835689
21000	0.1	73	0.739812
21000	0.1	72	0.811965
21000	0.1	78	0.706182
21000	0.1	75	0.889336
21000	0.1	70	0.849403
21000	0.1	65	0.91422
21000	0.1	71	0.811917
21000	0.1	62	0.993595
21000	0.1	82	0.723965
21000	0.1	79	0.698096
21000	0.1	56	0.904009
21000	0.1	50	1.22048
21000	0.1	63	1.20814
21000	0.1	59	0.912439

22000	0.1	70	0.939945
22000	0.1	78	0.754639
22000	0.1	79	0.869879
22000	0.1	75	0.854194
22000	0.1	76	0.927674
22000	0.1	61	0.979558
22000	0.1	81	0.814876
22000	0.1	57	1.19876
22000	0.1	64	0.930233
22000	0.1	78	0.782021
22000	0.1	67	1.10914
22000	0.1	65	0.939077
22000	0.1	78	0.933702
22000	0.1	71	0.9962
22000	0.1	70	0.82766
22000	0.1	73	0.84647
22000	0.1	65	0.921476
22000	0.1	75	0.807024
22000	0.1	82	0.818599
22000	0.1	75	0.945603
22000	0.1	72	0.814927
22000	0.1	70	1.02711
22000	0.1	70	0.938338
22000	0.1	68	0.927973
22000	0.1	59	1.15812
22000	0.1	74	0.857613
22000	0.1	78	0.768659
22000	0.1	73	0.860863
22000	0.1	71	0.862153
22000	0.1	68	0.958552

23000	0.1	74	0.91012
23000	0.1	77	0.962518
23000	0.1	73	0.897361
23000	0.1	60	1.30332
23000	0.1	76	0.868948
23000	0.1	63	1.04461
23000	0.1	64	1.07859
23000	0.1	67	1.1192
23000	0.1	77	0.911241
23000	0.1	61	1.18344
23000	0.1	71	1.04875
23000	0.1	78	0.930946
23000	0.1	72	1.06124
23000	0.1	70	1.02384
23000	0.1	56	1.43506
23000	0.1	68	1.06445
23000	0.1	79	0.920362
23000	0.1	65	1.13475
23000	0.1	65	1.09593
23000	0.1	75	0.862095
23000	0.1	67	0.985284
23000	0.1	68	1.23515
23000	0.1	55	1.31097
23000	0.1	79	0.999034
23000	0.1	72	0.949847
23000	0.1	71	0.978701
23000	0.1	70	0.969366
23000	0.1	73	1.00053
23000	0.1	64	1.13551
23000	0.1	76	1.05347

24000	0.1	78	0.94388
24000	0.1	62	1.31138
24000	0.1	76	0.97071
24000	0.1	78	0.915876
24000	0.1	58	1.37001
24000	0.1	59	1.23618
24000	0.1	58	1.58055
24000	0.1	70	1.14689
24000	0.1	62	1.21501
24000	0.1	81	1.0021
24000	0.1	71	1.02245
24000	0.1	62	1.20187
24000	0.1	73	1.09297
24000	0.1	70	1.12968
24000	0.1	70	1.16818
24000	0.1	74	1.15643
24000	0.1	83	0.943213
24000	0.1	59	1.22798
24000	0.1	72	0.967873
24000	0.1	75	1.0041
24000	0.1	71	1.02826
24000	0.1	79	1.01032
24000	0.1	77	0.944477
24000	0.1	71	1.07834
24000	0.1	66	1.31999
24000	0.1	67	1.17259
24000	0.1	64	1.12635
24000	0.1	78	0.906304
24000	0.1	75	1.09384
24000	0.1	64	1.16316

25000	0.1	82	0.992672
25000	0.1	51	1.4605
25000	0.1	58	1.36887
25000	0.1	79	1.07477
25000	0.1	57	1.60457
25000	0.1	76	0.990616
25000	0.1	78	1.10006
25000	0.1	67	1.2367
25000	0.1	79	1.13836
25000	0.1	74	1.05022
25000	0.1	73	1.1027
25000	0.1	51	1.55466
25000	0.1	74	1.29156
25000	0.1	79	1.19679
25000	0.1	72	1.16728
25000	0.1	61	1.40185
25000	0.1	69	1.27197
25000	0.1	79	0.994064
25000	0.1	73	1.09342
25000	0.1	66	1.24145
25000	0.1	70	1.17201
25000	0.1	77	1.0859
25000	0.1	76	1.12861
25000	0.1	77	1.13214
25000	0.1	81	0.939709
25000	0.1	57	1.41038
25000	0.1	76	1.06964
25000	0.1	73	1.08355
25000	0.1	62	1.25559
25000	0.1	66	1.14319

26000	0.1	79	1.07141
26000	0.1	70	1.1951
26000	0.1	74	1.18466
26000	0.1	78	1.16214
26000	0.1	60	1.43598
26000	0.1	77	1.22378
26000	0.1	83	1.14171
26000	0.1	66	1.19567
26000	0.1	82	1.12218
26000	0.1	78	1.19032
26000	0.1	70	1.3402
26000	0.1	70	1.35687
26000	0.1	71	1.24161
26000	0.1	79	1.11939
26000	0.1	82	1.21235
26000	0.1	75	1.17696
26000	0.1	74	1.16831
26000	0.1	78	1.24396
26000	0.1	73	1.32543
26000	0.1	59	1.46019
26000	0.1	69	1.22749
26000	0.1	72	1.17884
26000	0.1	77	1.30255
26000	0.1	68	1.30878
26000	0.1	65	1.28033
26000	0.1	80	1.04676
26000	0.1	73	1.23847
26000	0.1	59	1.23242
26000	0.1	68	1.3659
26000	0.1	49	1.69311

27000	0.1	56	1.88637
27000	0.1	77	1.21947
27000	0.1	70	1.22621
27000	0.1	61	1.45394
27000	0.1	80	1.20469
27000	0.1	79	1.24514
27000	0.1	65	1.73933
27000	0.1	70	1.36392
27000	0.1	80	1.28757
27000	0.1	74	1.30068
27000	0.1	66	1.47276
27000	0.1	73	1.29235
27000	0.1	72	1.30071
27000	0.1	66	1.71464
27000	0.1	66	1.57829
27000	0.1	85	1.17746
27000	0.1	70	1.28222
27000	0.1	60	1.46438
27000	0.1	55	1.71906
27000	0.1	76	1.25869
27000	0.1	84	1.11447
27000	0.1	81	1.1537
27000	0.1	79	1.14474
27000	0.1	63	1.72629
27000	0.1	71	1.32121
27000	0.1	78	1.27026
27000	0.1	78	1.12982
27000	0.1	74	1.32247
27000	0.1	80	1.05582
27000	0.1	69	1.31756

28000	0.1	58	2.33681
28000	0.1	73	1.42717
28000	0.1	65	1.67636
28000	0.1	67	1.54931
28000	0.1	74	1.377
28000	0.1	82	1.3594
28000	0.1	81	1.29639
28000	0.1	79	1.28406
28000	0.1	63	1.66677
28000	0.1	81	1.31229
28000	0.1	78	1.37282
28000	0.1	75	1.35726
28000	0.1	75	1.36379
28000	0.1	86	1.28423
28000	0.1	83	1.33693
28000	0.1	81	1.28549
28000	0.1	65	1.46138
28000	0.1	73	1.46784
28000	0.1	74	1.38167
28000	0.1	75	1.51467
28000	0.1	75	1.37986
28000	0.1	75	1.36745
28000	0.1	78	1.45542
28000	0.1	74	1.46516
28000	0.1	70	1.3953
28000	0.1	73	1.24895
28000	0.1	69	1.41853
28000	0.1	65	1.70398
28000	0.1	81	1.23134
28000	0.1	75	1.48796

29000	0.1	59	1.74238
29000	0.1	84	1.36396
29000	0.1	71	1.50254
29000	0.1	74	1.52638
29000	0.1	71	1.57403
29000	0.1	75	1.5119
29000	0.1	57	2.15556
29000	0.1	76	1.45914
29000	0.1	81	1.69464
29000	0.1	69	1.76898
29000	0.1	64	1.79252
29000	0.1	69	1.65859
29000	0.1	78	1.48405
29000	0.1	70	1.67483
29000	0.1	75	1.47719
29000	0.1	77	1.42884
29000	0.1	74	1.50892
29000	0.1	59	2.04762
29000	0.1	83	1.5307
29000	0.1	76	1.58968
29000	0.1	72	1.46495
29000	0.1	77	1.34277
29000	0.1	72	1.71144
29000	0.1	68	1.60501
29000	0.1	59	2.11624
29000	0.1	69	1.5672
29000	0.1	74	1.45101
29000	0.1	71	1.57445
29000	0.1	63	1.81012
29000	0.1	67	1.47441

30000	0.1	76	1.56565
30000	0.1	73	1.54752
30000	0.1	82	1.45396
30000	0.1	81	1.42106
30000	0.1	70	1.39942
30000	0.1	73	1.59065
30000	0.1	77	1.56906
30000	0.1	68	1.6474
30000	0.1	81	1.50511
30000	0.1	78	1.44772
30000	0.1	74	1.52697
30000	0.1	77	1.69925
30000	0.1	81	1.44511
30000	0.1	63	2.23385
30000	0.1	77	1.44474
30000	0.1	77	1.60736
30000	0.1	63	1.71882
30000	0.1	73	1.64655
30000	0.1	64	1.86059
30000	0.1	83	1.42193
30000	0.1	68	1.95209
30000	0.1	75	1.52239
30000	0.1	72	1.69039
30000	0.1	76	1.5912
30000	0.1	73	1.72842
30000	0.1	72	1.58721
30000	0.1	74	1.54192
30000	0.1	78	1.67012
30000	0.1	87	1.34966
30000	0.1	83	1.63296

