10000	0.1	67	0.237940
10000	0.1	71	0.244642
10000	0.1	71	0.239062
10000	0.1	69	0.239288
10000	0.1	70	0.250734
10000	0.1	75	0.240344
10000	0.1	66	0.242474
10000	0.1	70	0.241670
10000	0.1	72	0.237850
10000	0.1	67	0.241363
10000	0.1	69	0.241300
10000	0.1	71	0.237612
10000	0.1	73	0.241972
10000	0.1	71	0.237193
10000	0.1	74	0.236756
10000	0.1	76	0.241126
10000	0.1	71	0.236969
10000	0.1	72	0.236623
10000	0.1	70	0.248449
10000	0.1	70	0.238387
10000	0.1	67	0.237608
10000	0.1	71	0.250231
10000	0.1	70	0.243129
10000	0.1	71	0.240195
10000	0.1	74	0.242823
10000	0.1	67	0.239133
10000	0.1	72	0.237641
10000	0.1	69	0.240949
10000	0.1	71	0.240506
10000	0.1	73	0.237377

10000	0.15	35	0.318244
10000	0.15	35	0.311740
10000	0.15	34	0.313756
10000	0.15	32	0.312796
10000	0.15	36	0.312516
10000	0.15	38	0.317845
10000	0.15	36	0.321729
10000	0.15	32	0.390181
10000	0.15	33	0.310370
10000	0.15	37	0.312775
10000	0.15	37	0.316071
10000	0.15	34	0.311269
10000	0.15	33	0.314754
10000	0.15	32	0.310952
10000	0.15	36	0.355920
10000	0.15	32	0.317221
10000	0.15	32	0.312007
10000	0.15	34	0.322199
10000	0.15	38	0.315876
10000	0.15	36	0.313329
10000	0.15	36	0.312732
10000	0.15	38	0.385827
10000	0.15	34	0.318235
10000	0.15	38	0.311379
10000	0.15	33	0.311092
10000	0.15	35	0.311950
10000	0.15	36	0.315467
10000	0.15	34	0.322359
10000	0.15	34	0.322547
10000	0.15	35	0.319445

10000	0.2	21	0.412377
10000	0.2	20	0.408481
10000	0.2	22	0.414109
10000	0.2	21	0.410090
10000	0.2	21	0.411737
10000	0.2	24	0.409386
10000	0.2	23	0.414795
10000	0.2	21	0.406193
10000	0.2	20	0.420735
10000	0.2	22	0.417297
10000	0.2	19	0.424398
10000	0.2	22	0.451332
10000	0.2	20	0.414619
10000	0.2	22	0.409187
10000	0.2	24	0.418168
10000	0.2	20	0.408208
10000	0.2	20	0.416049
10000	0.2	22	0.408282
10000	0.2	21	0.404640
10000	0.2	19	0.411320
10000	0.2	22	0.418916
10000	0.2	21	0.452376
10000	0.2	21	0.412131
10000	0.2	22	0.409090
10000	0.2	21	0.416588
10000	0.2	20	0.409482
10000	0.2	20	0.414772
10000	0.2	19	0.409345
10000	0.2	20	0.409353
10000	0.2	21	0.410928

10000	0.25	15	0.528526
10000	0.25	15	0.577194
10000	0.25	18	0.527213
10000	0.25	15	0.529142
10000	0.25	15	0.529433
10000	0.25	14	0.532276
10000	0.25	13	0.604543
10000	0.25	15	0.528862
10000	0.25	16	0.527064
10000	0.25	15	0.524777
10000	0.25	16	0.523660
10000	0.25	18	0.526884
10000	0.25	16	0.539806
10000	0.25	15	0.525785
10000	0.25	16	0.523747
10000	0.25	13	0.527535
10000	0.25	17	0.534999
10000	0.25	15	0.558787
10000	0.25	15	0.521318
10000	0.25	16	0.531493
10000	0.25	16	0.552976
10000	0.25	16	0.522419
10000	0.25	14	0.525169
10000	0.25	16	0.522242
10000	0.25	18	0.528607
10000	0.25	17	0.557107
10000	0.25	18	0.526041
10000	0.25	18	0.566309
10000	0.25	15	0.526897
10000	0.25	14	0.523269

10000	0.3	13	0.637208
10000	0.3	12	0.655599
10000	0.3	10	0.640210
10000	0.3	11	0.640760
10000	0.3	14	0.662014
10000	0.3	12	0.637157
10000	0.3	12	0.641235
10000	0.3	12	0.658021
10000	0.3	11	0.651698
10000	0.3	10	0.642433
10000	0.3	11	0.636536
10000	0.3	12	0.651941
10000	0.3	12	0.697678
10000	0.3	12	0.648991
10000	0.3	12	0.641154
10000	0.3	11	0.668519
10000	0.3	10	0.645509
10000	0.3	13	0.639205
10000	0.3	9	0.669697
10000	0.3	9	0.637788
10000	0.3	11	0.641801
10000	0.3	13	0.642726
10000	0.3	11	0.637435
10000	0.3	11	0.637939
10000	0.3	12	0.647515
10000	0.3	11	0.652783
10000	0.3	11	0.637825
10000	0.3	12	0.633771
10000	0.3	13	0.709620
10000	0.3	11	0.672531

10000	0.35	8	0.773823
10000	0.35	8	0.739995
10000	0.35	9	0.742547
10000	0.35	9	0.740358
10000	0.35	8	0.746000
10000	0.35	8	0.740810
10000	0.35	9	0.734096
10000	0.35	10	0.775341
10000	0.35	9	0.734985
10000	0.35	10	0.731719
10000	0.35	9	0.742055
10000	0.35	7	0.789909
10000	0.35	7	0.752771
10000	0.35	9	0.813187
10000	0.35	9	0.737841
10000	0.35	9	0.733537
10000	0.35	8	0.749658
10000	0.35	8	0.739205
10000	0.35	7	0.734708
10000	0.35	8	0.736694
10000	0.35	10	0.739734
10000	0.35	8	0.745415
10000	0.35	8	0.743155
10000	0.35	8	0.738446
10000	0.35	8	0.750846
10000	0.35	9	0.739213
10000	0.35	7	0.808120
10000	0.35	8	0.741464
10000	0.35	9	0.735004
10000	0.35	8	0.734987

10000	0.4	7	0.819835
10000	0.4	7	0.832413
10000	0.4	7	0.825235
10000	0.4	7	0.829599
10000	0.4	7	0.829825
10000	0.4	7	0.828624
10000	0.4	8	0.828140
10000	0.4	7	0.823628
10000	0.4	8	0.830162
10000	0.4	7	0.834129
10000	0.4	7	0.823069
10000	0.4	7	0.826653
10000	0.4	7	0.831875
10000	0.4	7	0.829888
10000	0.4	7	0.823120
10000	0.4	7	0.818318
10000	0.4	7	0.822091
10000	0.4	7	0.895955
10000	0.4	7	0.820739
10000	0.4	7	0.828046
10000	0.4	7	0.826227
10000	0.4	8	0.839115
10000	0.4	6	0.867552
10000	0.4	8	0.843180
10000	0.4	7	0.826222
10000	0.4	7	0.830086
10000	0.4	6	0.827490
10000	0.4	7	0.831788
10000	0.4	7	0.824319
10000	0.4	7	0.838944

10000	0.45	7	0.948352
10000	0.45	7	0.936062
10000	0.45	5	0.914643
10000	0.45	6	0.920427
10000	0.45	7	0.921933
10000	0.45	7	0.928744
10000	0.45	7	0.931222
10000	0.45	7	0.929082
10000	0.45	6	0.918000
10000	0.45	6	0.902354
10000	0.45	7	0.947223
10000	0.45	7	0.970995
10000	0.45	7	0.906977
10000	0.45	6	0.909085
10000	0.45	6	0.918034
10000	0.45	6	0.923865
10000	0.45	6	0.913205
10000	0.45	6	0.915455
10000	0.45	7	0.922490
10000	0.45	7	0.901167
10000	0.45	7	0.914591
10000	0.45	6	0.902716
10000	0.45	7	0.908517
10000	0.45	7	0.912068
10000	0.45	7	0.917413
10000	0.45	7	0.903749
10000	0.45	6	0.914720
10000	0.45	6	0.919710
10000	0.45	7	0.906736
10000	0.45	7	0.913188

10000	0.5	5	0.983209
10000	0.5	7	0.988813
10000	0.5	5	1.000829
10000	0.5	6	0.994964
10000	0.5	6	0.996662
10000	0.5	5	0.989077
10000	0.5	5	0.988775
10000	0.5	6	0.992200
10000	0.5	6	0.984076
10000	0.5	5	0.988926
10000	0.5	6	0.993564
10000	0.5	6	1.000061
10000	0.5	6	0.994150
10000	0.5	5	0.984974
10000	0.5	6	0.991688
10000	0.5	6	0.989828
10000	0.5	5	0.990255
10000	0.5	7	0.984937
10000	0.5	6	0.989161
10000	0.5	6	0.989786
10000	0.5	6	0.994053
10000	0.5	5	0.984001
10000	0.5	6	0.995649
10000	0.5	5	0.996763
10000	0.5	5	0.986618
10000	0.5	5	0.983671
10000	0.5	6	0.978553
10000	0.5	7	0.988878
10000	0.5	6	1.040629
10000	0.5	5	0.988688

