0
0
20
15
0.1
50
5
8.94475379181 0.46780371072
2.03708263124 2.73320309587
5.02017116377 9.41307435859
14.5295950012 9.88978026474
7.56785285248 0.691171309821
2.08156318666 2.73451306876
8.93285398748 8.03350835636
5.63463758022 9.29548320239
11.0603821016 7.80325166897
4.05759921337 2.11616243282
10.0422008053 10.5107924846
3.32359676828 3.62997051954
11.9726903657 3.36027618464
8.7915353215 1.57945235102
6.24333744463 8.29823859506
12.4192623916 12.3332518134
9.29074511997 10.2801638129
9.29237674546 7.7280776405
7.042270732 10.6815878318
12.8616764876 8.03649522345
2.1495429608 6.38052822971
10.8836873216 9.1479104096
2.01477453646 4.07124630702
18.339494263 4.00183810353
5.94914234915 12.6400932888
15.319501365 5.91977829374
19.4605044911 12.987527251
18.8640042368 1.19702138292
15.3254210534 0.391805980897
1.3853926029 8.56094877088
17.5466160107 8.76902477209
14.7298084797 10.5863045772
13.1739359722 12.1357567643
3.59676516178 6.75077595004
19.1777915271 13.1948707304
16.9616426407 11.2222802802
12.0426439691 6.00568007301
16.9323269043 2.15852639042
15.9023704861 6.70423886176
8.44708405558 11.5531467596
3.72977411764 2.09598825158
15.4080007883 4.67349510971
9.96653681904 7.35250537575
0.911474501093 0.787696423618
8.98585274089 11.471513504
6.83429290947 7.21632917528
1.17977626324 2.56839501476
0.0213484302823 12.4264306854
3.63159836339 3.32950717073
15.9530134308 7.35122996379
0 0
20 0
0 15
20 15
-1 10
