1000	0.1	46	0.011977	0.848633
1000	0.1	55	0.009240	0.859711
1000	0.1	57	0.007907	0.793304
1000	0.1	48	0.007757	0.915863
1000	0.1	48	0.005897	0.904083
1000	0.1	41	0.005480	0.892059
1000	0.1	56	0.005550	0.809631
1000	0.1	47	0.005560	0.837677
1000	0.1	51	0.005306	0.868896
1000	0.1	46	0.004839	0.821503
1000	0.1	44	0.003296	0.900574
1000	0.1	47	0.003042	0.772186
1000	0.1	47	0.004292	0.863892
1000	0.1	38	0.003436	0.946228
1000	0.1	42	0.003391	0.998901
1000	0.1	42	0.003313	0.859070
1000	0.1	51	0.003432	0.850128
1000	0.1	51	0.003794	0.869507
1000	0.1	47	0.004808	0.915863
1000	0.1	45	0.003269	0.862000
1000	0.1	47	0.003240	0.798370
1000	0.1	50	0.003391	0.875458
1000	0.1	43	0.010361	0.935486
1000	0.1	38	0.005738	1.002045
1000	0.1	44	0.003524	0.975861
1000	0.1	51	0.003468	0.884430
1000	0.1	43	0.003341	0.885620
1000	0.1	50	0.003576	0.915833
1000	0.1	48	0.004240	0.857513
1000	0.1	48	0.004170	0.879517

2000	0.1	48	0.007530	2.277405
2000	0.1	54	0.007361	2.216553
2000	0.1	54	0.007249	2.173004
2000	0.1	56	0.007292	2.225189
2000	0.1	56	0.007420	2.078979
2000	0.1	61	0.007636	2.123413
2000	0.1	44	0.006809	2.150574
2000	0.1	57	0.007426	2.113861
2000	0.1	46	0.007069	2.107574
2000	0.1	56	0.007513	2.108704
2000	0.1	47	0.007112	2.107849
2000	0.1	65	0.007593	2.119690
2000	0.1	50	0.007446	2.248322
2000	0.1	56	0.007323	2.093719
2000	0.1	50	0.007149	2.181274
2000	0.1	52	0.007246	2.117310
2000	0.1	57	0.007724	1.996796
2000	0.1	56	0.007355	2.075806
2000	0.1	46	0.006945	2.187622
2000	0.1	57	0.012293	2.016724
2000	0.1	60	0.012676	2.086792
2000	0.1	55	0.007127	2.014771
2000	0.1	53	0.007329	2.134125
2000	0.1	50	0.007322	2.271454
2000	0.1	55	0.007391	2.250244
2000	0.1	52	0.007391	2.088776
2000	0.1	55	0.007502	2.068359
2000	0.1	63	0.007389	2.114960
2000	0.1	49	0.006877	2.094391
2000	0.1	58	0.007165	2.009918

3000	0.1	52	0.012078	3.261993
3000	0.1	63	0.012189	3.454651
3000	0.1	62	0.011738	3.471558
3000	0.1	50	0.011741	3.635040
3000	0.1	53	0.011661	3.353424
3000	0.1	64	0.012566	3.472931
3000	0.1	53	0.011319	3.660889
3000	0.1	56	0.011442	3.539032
3000	0.1	64	0.011245	3.261444
3000	0.1	58	0.011614	3.565643
3000	0.1	55	0.011913	3.521790
3000	0.1	40	0.034822	3.607910
3000	0.1	60	0.021548	3.452545
3000	0.1	50	0.011351	3.441467
3000	0.1	52	0.026186	3.681671
3000	0.1	54	0.019589	3.419891
3000	0.1	53	0.035655	3.381256
3000	0.1	49	0.036551	3.589569
3000	0.1	59	0.022737	3.484802
3000	0.1	63	0.016310	3.515808
3000	0.1	61	0.012035	3.656342
3000	0.1	60	0.012376	3.593109
3000	0.1	52	0.012041	3.643799
3000	0.1	60	0.026521	3.298920
3000	0.1	58	0.011510	3.390778
3000	0.1	58	0.011537	3.470032
3000	0.1	62	0.027746	3.535156
3000	0.1	63	0.019751	3.421143
3000	0.1	52	0.011505	3.412567
3000	0.1	56	0.011828	3.535126

4000	0.1	51	0.030804	4.990021
4000	0.1	53	0.016717	5.069275
4000	0.1	48	0.016400	5.135223
4000	0.1	64	0.017282	4.869934
4000	0.1	56	0.016625	4.991852
4000	0.1	67	0.017037	4.861450
4000	0.1	66	0.035731	4.654663
4000	0.1	50	0.017006	5.115509
4000	0.1	60	0.016332	4.934021
4000	0.1	58	0.016726	4.917542
4000	0.1	45	0.015521	5.225464
4000	0.1	61	0.027971	4.862061
4000	0.1	55	0.016826	4.786987
4000	0.1	68	0.016005	4.763733
4000	0.1	56	0.016071	4.754547
4000	0.1	60	0.016219	4.852753
4000	0.1	51	0.015492	4.957275
4000	0.1	64	0.016731	4.867218
4000	0.1	52	0.015472	4.953796
4000	0.1	61	0.016834	4.903259
4000	0.1	53	0.015812	4.957458
4000	0.1	53	0.015824	5.211853
4000	0.1	64	0.016594	4.837921
4000	0.1	59	0.016226	4.777710
4000	0.1	63	0.016046	4.996033
4000	0.1	62	0.015985	4.870209
4000	0.1	62	0.016006	4.793915
4000	0.1	60	0.041407	4.863556
4000	0.1	60	0.018286	4.840942
4000	0.1	60	0.016782	4.873901

5000	0.1	57	0.033772	6.079193
5000	0.1	62	0.021103	6.011566
5000	0.1	61	0.020967	6.320557
5000	0.1	58	0.021091	6.478577
5000	0.1	52	0.020214	6.493530
5000	0.1	58	0.020329	6.525452
5000	0.1	53	0.021066	6.390289
5000	0.1	58	0.021942	6.395416
5000	0.1	64	0.021965	6.377075
5000	0.1	72	0.022976	6.187988
5000	0.1	62	0.021088	6.147644
5000	0.1	68	0.022720	6.044861
5000	0.1	65	0.021497	6.243073
5000	0.1	51	0.020825	6.578369
5000	0.1	65	0.022085	6.292908
5000	0.1	53	0.035608	6.566833
5000	0.1	64	0.021149	6.152252
5000	0.1	69	0.021486	6.109192
5000	0.1	66	0.021828	6.311188
5000	0.1	51	0.020781	6.601013
5000	0.1	72	0.021573	6.114899
5000	0.1	48	0.020496	6.877289
5000	0.1	58	0.022808	6.417603
5000	0.1	62	0.022347	6.396637
5000	0.1	61	0.021136	6.403656
5000	0.1	67	0.021969	6.083740
5000	0.1	64	0.021634	6.192108
5000	0.1	65	0.021194	6.067841
5000	0.1	64	0.023005	6.390076
5000	0.1	48	0.019754	6.638519

6000	0.1	63	0.028137	7.814972
6000	0.1	61	0.027709	7.708374
6000	0.1	44	0.025642	8.407227
6000	0.1	52	0.024890	8.266632
6000	0.1	59	0.026421	7.788788
6000	0.1	63	0.026703	7.916748
6000	0.1	48	0.024982	8.192841
6000	0.1	62	0.027348	7.896973
6000	0.1	59	0.025796	7.947632
6000	0.1	61	0.026371	7.814209
6000	0.1	52	0.024889	7.965546
6000	0.1	65	0.026865	7.827911
6000	0.1	60	0.026778	7.739380
6000	0.1	61	0.026400	7.822693
6000	0.1	64	0.026196	7.490143
6000	0.1	58	0.025501	8.297302
6000	0.1	55	0.026133	8.398743
6000	0.1	69	0.027088	7.643494
6000	0.1	72	0.026979	7.502808
6000	0.1	58	0.026242	7.636902
6000	0.1	59	0.024745	7.816193
6000	0.1	54	0.025459	7.726440
6000	0.1	67	0.027337	7.715210
6000	0.1	57	0.060036	7.897614
6000	0.1	66	0.028916	7.614716
6000	0.1	60	0.026349	7.534058
6000	0.1	63	0.027593	7.858551
6000	0.1	52	0.024762	8.028503
6000	0.1	55	0.044235	8.950500
6000	0.1	67	0.026611	7.632324

7000	0.1	66	0.032543	9.275116
7000	0.1	66	0.031969	9.133148
7000	0.1	47	0.030390	10.683960
7000	0.1	58	0.030944	9.464783
7000	0.1	63	0.033002	9.299622
7000	0.1	73	0.032651	9.070038
7000	0.1	59	0.031145	9.067993
7000	0.1	62	0.032032	9.536774
7000	0.1	58	0.031973	9.640076
7000	0.1	42	0.029512	10.368439
7000	0.1	64	0.032419	9.454376
7000	0.1	55	0.031681	9.565552
7000	0.1	62	0.031242	9.379639
7000	0.1	62	0.030995	9.026642
7000	0.1	63	0.031503	8.943359
7000	0.1	69	0.031549	8.865051
7000	0.1	61	0.032050	9.027496
7000	0.1	75	0.032834	8.898071
7000	0.1	74	0.032849	9.008606
7000	0.1	70	0.033568	9.358826
7000	0.1	55	0.030435	10.079895
7000	0.1	67	0.033086	9.243317
7000	0.1	46	0.029512	10.302246
7000	0.1	61	0.030810	9.309937
7000	0.1	66	0.032248	9.092590
7000	0.1	73	0.054967	8.873352
7000	0.1	63	0.032928	9.425110
7000	0.1	41	0.030135	10.821503
7000	0.1	52	0.031315	9.698090
7000	0.1	65	0.031433	9.335510

8000	0.1	55	0.035858	11.679504
8000	0.1	61	0.036289	10.948730
8000	0.1	73	0.037549	10.878326
8000	0.1	60	0.038210	11.178192
8000	0.1	73	0.038195	10.659058
8000	0.1	63	0.036414	11.225067
8000	0.1	53	0.037332	12.075470
8000	0.1	64	0.037163	11.049500
8000	0.1	65	0.037188	11.432953
8000	0.1	50	0.036185	13.081268
8000	0.1	65	0.037563	10.783203
8000	0.1	69	0.037871	10.776306
8000	0.1	68	0.037363	10.853546
8000	0.1	48	0.035350	13.595123
8000	0.1	72	0.039254	10.822113
8000	0.1	64	0.039444	10.429321
8000	0.1	65	0.039604	10.795868
8000	0.1	69	0.037265	11.076660
8000	0.1	55	0.037528	11.599213
8000	0.1	62	0.037256	10.907318
8000	0.1	46	0.036951	12.342285
8000	0.1	64	0.036822	10.722137
8000	0.1	66	0.038596	10.732208
8000	0.1	64	0.038697	10.552643
8000	0.1	63	0.037077	10.903412
8000	0.1	57	0.036649	11.869751
8000	0.1	66	0.038693	10.938019
8000	0.1	61	0.037610	10.634430
8000	0.1	60	0.037050	11.069336
8000	0.1	52	0.036109	11.982056

9000	0.1	67	0.043690	12.534210
9000	0.1	63	0.044361	12.977600
9000	0.1	53	0.040698	13.890656
9000	0.1	63	0.043229	12.989868
9000	0.1	52	0.040290	15.697144
9000	0.1	68	0.045910	12.619263
9000	0.1	69	0.046027	12.665588
9000	0.1	68	0.043218	12.421967
9000	0.1	62	0.044869	12.095856
9000	0.1	52	0.041340	13.766876
9000	0.1	72	0.043142	12.599365
9000	0.1	61	0.041300	13.292908
9000	0.1	58	0.044116	13.538208
9000	0.1	57	0.043415	13.654205
9000	0.1	69	0.053226	13.169922
9000	0.1	63	0.043122	13.112091
9000	0.1	55	0.042290	14.009155
9000	0.1	73	0.045274	12.395416
9000	0.1	70	0.044237	12.526733
9000	0.1	53	0.040836	15.493195
9000	0.1	68	0.044010	12.435455
9000	0.1	59	0.043036	14.154755
9000	0.1	63	0.043293	13.750397
9000	0.1	58	0.042196	13.386322
9000	0.1	56	0.042365	12.628998
9000	0.1	57	0.042348	14.649506
9000	0.1	60	0.042891	13.225006
9000	0.1	64	0.043695	12.343506
9000	0.1	64	0.044112	13.709320
9000	0.1	65	0.043198	12.804413

10000	0.1	64	0.049801	15.232697
10000	0.1	69	0.049968	14.021790
10000	0.1	61	0.049257	14.045227
10000	0.1	68	0.050651	14.497986
10000	0.1	58	0.051879	15.716797
10000	0.1	63	0.048360	15.575195
10000	0.1	63	0.048003	14.526093
10000	0.1	60	0.049071	14.405670
10000	0.1	61	0.048950	14.681793
10000	0.1	58	0.047038	16.084290
10000	0.1	59	0.049514	15.498962
10000	0.1	71	0.051200	13.815521
10000	0.1	61	0.049015	14.591125
10000	0.1	66	0.050430	14.195984
10000	0.1	64	0.052329	14.934937
10000	0.1	55	0.046912	16.778870
10000	0.1	58	0.048474	16.585785
10000	0.1	57	0.049649	15.707916
10000	0.1	60	0.052072	14.984467
10000	0.1	69	0.054524	14.304230
10000	0.1	65	0.054781	14.895142
10000	0.1	68	0.050016	14.483154
10000	0.1	65	0.066509	15.089935
10000	0.1	64	0.051291	15.019348
10000	0.1	53	0.045933	17.752594
10000	0.1	57	0.066403	15.768311
10000	0.1	58	0.051906	15.536499
10000	0.1	69	0.053417	14.003754
10000	0.1	67	0.050161	14.749939
10000	0.1	45	0.045688	18.325287

11000	0.1	71	0.059948	15.526917
11000	0.1	62	0.054699	17.165253
11000	0.1	53	0.059354	21.451355
11000	0.1	70	0.057520	16.718170
11000	0.1	69	0.061922	16.059753
11000	0.1	49	0.053341	18.538696
11000	0.1	72	0.120348	16.383942
11000	0.1	60	0.054844	17.997131
11000	0.1	72	0.057440	16.024261
11000	0.1	62	0.056760	16.268341
11000	0.1	66	0.054828	16.912262
11000	0.1	66	0.057411	16.221832
11000	0.1	68	0.056388	15.569122
11000	0.1	66	0.054920	16.191772
11000	0.1	61	0.055802	17.024811
11000	0.1	63	0.056156	16.125397
11000	0.1	49	0.052318	18.185547
11000	0.1	60	0.055108	17.799835
11000	0.1	59	0.054487	16.736755
11000	0.1	70	0.056879	15.635284
11000	0.1	49	0.054454	18.675659
11000	0.1	67	0.054823	16.515594
11000	0.1	58	0.055466	17.530426
11000	0.1	70	0.056707	16.753967
11000	0.1	70	0.058457	16.790436
11000	0.1	72	0.058865	16.008972
11000	0.1	61	0.054996	15.964783
11000	0.1	69	0.056999	15.563416
11000	0.1	63	0.055764	16.888855
11000	0.1	55	0.056817	19.062683

12000	0.1	69	0.064220	17.789429
12000	0.1	65	0.060097	18.821228
12000	0.1	68	0.062470	17.434326
12000	0.1	76	0.063741	17.204193
12000	0.1	76	0.064453	17.564331
12000	0.1	67	0.062814	18.834686
12000	0.1	70	0.064285	17.663452
12000	0.1	57	0.076268	20.205200
12000	0.1	61	0.063095	21.752838
12000	0.1	55	0.062829	20.111084
12000	0.1	71	0.063612	18.562317
12000	0.1	59	0.058831	20.427917
12000	0.1	58	0.084646	21.340820
12000	0.1	72	0.066610	18.000153
12000	0.1	61	0.105936	18.193695
12000	0.1	67	0.064729	18.653290
12000	0.1	63	0.062973	17.893188
12000	0.1	63	0.064689	19.083954
12000	0.1	59	0.062490	19.977570
12000	0.1	60	0.060899	18.836578
12000	0.1	65	0.061648	18.584198
12000	0.1	68	0.064885	18.290710
12000	0.1	62	0.061819	20.114960
12000	0.1	42	0.063884	26.963593
12000	0.1	63	0.062274	18.442261
12000	0.1	64	0.063711	21.940765
12000	0.1	56	0.063184	22.191345
12000	0.1	60	0.087068	21.482361
12000	0.1	62	0.063146	19.248108
12000	0.1	62	0.063462	19.580200

13000	0.1	70	0.071280	20.161224
13000	0.1	64	0.069437	21.289642
13000	0.1	75	0.073056	19.751984
13000	0.1	78	0.071985	20.060272
13000	0.1	67	0.068550	20.513824
13000	0.1	52	0.065458	27.518921
13000	0.1	68	0.070560	21.051758
13000	0.1	63	0.068851	20.375397
13000	0.1	55	0.065999	24.478424
13000	0.1	64	0.068824	21.383301
13000	0.1	64	0.081051	21.905945
13000	0.1	61	0.071627	21.996704
13000	0.1	53	0.068042	22.719757
13000	0.1	61	0.067147	23.458405
13000	0.1	67	0.070695	20.380005
13000	0.1	57	0.067462	21.763519
13000	0.1	61	0.068103	23.977692
13000	0.1	67	0.069877	20.620728
13000	0.1	67	0.069294	22.043427
13000	0.1	65	0.070641	21.440979
13000	0.1	67	0.068373	21.728149
13000	0.1	68	0.070225	21.946625
13000	0.1	59	0.066739	23.261292
13000	0.1	63	0.070566	21.038483
13000	0.1	74	0.072503	20.501007
13000	0.1	54	0.068754	24.719147
13000	0.1	64	0.071777	20.619263
13000	0.1	61	0.067900	20.689270
13000	0.1	67	0.069876	21.384827
13000	0.1	64	0.067747	20.596436

14000	0.1	68	0.076854	21.689728
14000	0.1	73	0.077437	22.090942
14000	0.1	57	0.076195	26.777100
14000	0.1	55	0.076251	29.227386
14000	0.1	62	0.075280	24.184082
14000	0.1	57	0.074612	27.370300
14000	0.1	70	0.078157	23.614838
14000	0.1	75	0.077584	22.192871
14000	0.1	65	0.074734	22.108765
14000	0.1	58	0.073895	26.908813
14000	0.1	70	0.076479	23.141205
14000	0.1	67	0.075657	25.826904
14000	0.1	69	0.074849	22.733032
14000	0.1	52	0.073366	31.973633
14000	0.1	67	0.076861	23.587036
14000	0.1	56	0.074503	26.048462
14000	0.1	64	0.072664	23.653809
14000	0.1	61	0.073177	24.045715
14000	0.1	71	0.077429	21.687042
14000	0.1	76	0.078831	21.005737
14000	0.1	61	0.077011	24.347717
14000	0.1	78	0.080682	21.520905
14000	0.1	71	0.144387	24.027222
14000	0.1	78	0.081030	20.735718
14000	0.1	72	0.079064	21.488678
14000	0.1	65	0.146592	22.423828
14000	0.1	66	0.075294	22.377991
14000	0.1	70	0.075288	24.138397
14000	0.1	67	0.077306	22.225586
14000	0.1	62	0.073667	24.543152

15000	0.1	60	0.085399	27.987274
15000	0.1	48	0.077728	34.242340
15000	0.1	65	0.088985	25.666870
15000	0.1	56	0.080717	27.810028
15000	0.1	76	0.083636	24.885437
15000	0.1	70	0.086002	27.285248
15000	0.1	62	0.079341	27.748444
15000	0.1	73	0.083803	25.400513
15000	0.1	71	0.084277	24.291565
15000	0.1	69	0.087133	25.567535
15000	0.1	59	0.083755	29.073395
15000	0.1	67	0.083128	26.054260
15000	0.1	73	0.085281	23.908722
15000	0.1	68	0.083745	25.943573
15000	0.1	58	0.080345	29.284729
15000	0.1	66	0.084311	27.946625
15000	0.1	67	0.087519	25.896027
15000	0.1	65	0.085662	25.550049
15000	0.1	70	0.083610	26.081940
15000	0.1	60	0.080804	27.053650
15000	0.1	54	0.081602	32.229004
15000	0.1	73	0.085390	25.276276
15000	0.1	68	0.088233	28.996277
15000	0.1	59	0.083480	28.253815
15000	0.1	74	0.084639	24.566833
15000	0.1	66	0.084125	25.332733
15000	0.1	67	0.082697	27.357269
15000	0.1	45	0.076336	32.522583
15000	0.1	77	0.086671	24.057098
15000	0.1	71	0.083637	26.555481

16000	0.1	70	0.095672	26.055786
16000	0.1	56	0.089052	34.417267
16000	0.1	63	0.087350	30.940338
16000	0.1	66	0.088613	31.547699
16000	0.1	67	0.090410	28.238190
16000	0.1	60	0.091100	32.675995
16000	0.1	71	0.088501	26.418518
16000	0.1	61	0.091135	27.592163
16000	0.1	74	0.093731	27.189850
16000	0.1	72	0.092833	27.068817
16000	0.1	62	0.085293	30.030701
16000	0.1	74	0.091109	26.954193
16000	0.1	73	0.092937	24.981201
16000	0.1	58	0.084384	29.891296
16000	0.1	80	0.095280	24.069489
16000	0.1	69	0.092898	27.758392
16000	0.1	55	0.093713	35.554443
16000	0.1	57	0.087226	30.575867
16000	0.1	70	0.089959	27.080872
16000	0.1	67	0.089923	28.184906
16000	0.1	63	0.086563	29.554260
16000	0.1	74	0.091831	25.940857
16000	0.1	71	0.090660	27.203613
16000	0.1	55	0.082196	29.175476
16000	0.1	50	0.084730	39.601227
16000	0.1	70	0.092466	28.771667
16000	0.1	57	0.086940	29.054626
16000	0.1	69	0.088599	28.620728
16000	0.1	72	0.093098	27.645416
16000	0.1	66	0.091206	31.930054

17000	0.1	65	0.097163	33.691071
17000	0.1	69	0.099821	28.580505
17000	0.1	59	0.096325	33.112305
17000	0.1	60	0.099574	36.132690
17000	0.1	61	0.099101	29.730347
17000	0.1	62	0.096859	35.549255
17000	0.1	62	0.094691	35.823486
17000	0.1	67	0.095488	30.613098
17000	0.1	72	0.168192	29.339111
17000	0.1	75	0.099522	29.722717
17000	0.1	71	0.097740	32.639587
17000	0.1	77	0.101186	28.245026
17000	0.1	69	0.099360	28.224335
17000	0.1	60	0.106580	30.976257
17000	0.1	51	0.093888	34.478363
17000	0.1	78	0.101054	29.185486
17000	0.1	68	0.097049	31.040924
17000	0.1	70	0.159195	31.215881
17000	0.1	73	0.098590	30.480408
17000	0.1	69	0.099757	28.955475
17000	0.1	70	0.096419	29.928375
17000	0.1	67	0.099270	28.285370
17000	0.1	54	0.093551	34.802795
17000	0.1	53	0.095473	34.907654
17000	0.1	69	0.100213	29.564423
17000	0.1	65	0.098646	29.636688
17000	0.1	62	0.097548	32.629181
17000	0.1	67	0.096084	32.672455
17000	0.1	56	0.093428	36.811737
17000	0.1	69	0.098287	27.934723

18000	0.1	64	0.103098	31.333038
18000	0.1	64	0.099611	39.387482
18000	0.1	73	0.105055	33.048126
18000	0.1	62	0.103038	39.133453
18000	0.1	70	0.106961	34.252380
18000	0.1	61	0.102721	34.450287
18000	0.1	68	0.123325	34.441162
18000	0.1	53	0.103182	40.724609
18000	0.1	60	0.105080	39.704346
18000	0.1	75	0.170813	32.749023
18000	0.1	61	0.106726	38.752441
18000	0.1	65	0.119591	34.567200
18000	0.1	61	0.173997	38.793884
18000	0.1	62	0.101382	36.950928
18000	0.1	78	0.109021	30.727081
18000	0.1	52	0.108705	39.360748
18000	0.1	71	0.107694	30.208496
18000	0.1	73	0.108828	29.857300
18000	0.1	56	0.109848	38.163910
18000	0.1	69	0.107253	34.521790
18000	0.1	50	0.109590	37.098267
18000	0.1	72	0.109965	29.449280
18000	0.1	56	0.113131	40.385101
18000	0.1	73	0.106557	36.148499
18000	0.1	65	0.103094	30.505493
18000	0.1	60	0.103275	40.452209
18000	0.1	66	0.103196	30.754333
18000	0.1	67	0.108727	32.133301
18000	0.1	60	0.106723	36.148956
18000	0.1	65	0.103252	36.128906

19000	0.1	54	0.114308	47.577118
19000	0.1	65	0.111429	39.724854
19000	0.1	72	0.115170	34.210693
19000	0.1	58	0.112027	43.796753
19000	0.1	61	0.112597	40.491364
19000	0.1	59	0.111490	44.082886
19000	0.1	69	0.112211	37.165131
19000	0.1	67	0.113758	33.237579
19000	0.1	66	0.113393	36.883392
19000	0.1	69	0.113053	36.174957
19000	0.1	68	0.112243	37.544861
19000	0.1	75	0.111695	36.686005
19000	0.1	67	0.113630	35.306122
19000	0.1	59	0.117404	39.949188
19000	0.1	75	0.115233	32.225708
19000	0.1	70	0.114734	34.161438
19000	0.1	60	0.113016	40.342804
19000	0.1	62	0.111776	45.546173
19000	0.1	67	0.117417	37.529846
19000	0.1	73	0.114973	34.213257
19000	0.1	57	0.110915	41.218719
19000	0.1	72	0.116970	34.971924
19000	0.1	57	0.115388	44.554474
19000	0.1	64	0.114857	43.137970
19000	0.1	64	0.113309	43.732544
19000	0.1	68	0.110394	36.424347
19000	0.1	74	0.111258	34.335022
19000	0.1	62	0.114316	36.236084
19000	0.1	71	0.114976	36.218872
19000	0.1	68	0.112382	36.197113

20000	0.1	66	0.118878	43.189819
20000	0.1	66	0.123382	41.156372
20000	0.1	66	0.119861	35.680725
20000	0.1	62	0.118001	41.044464
20000	0.1	65	0.121584	42.868011
20000	0.1	76	0.124670	37.723969
20000	0.1	64	0.122919	43.599609
20000	0.1	72	0.122660	43.706085
20000	0.1	67	0.119082	39.919830
20000	0.1	70	0.187247	36.925415
20000	0.1	74	0.119401	33.740967
20000	0.1	75	0.187965	37.599609
20000	0.1	60	0.119000	41.053314
20000	0.1	67	0.120959	43.046295
20000	0.1	59	0.120175	47.512238
20000	0.1	57	0.124060	54.455139
20000	0.1	74	0.185842	38.803711
20000	0.1	68	0.122897	39.599762
20000	0.1	73	0.138045	39.087067
20000	0.1	71	0.121597	37.085297
20000	0.1	71	0.123301	36.031097
20000	0.1	64	0.117779	43.345551
20000	0.1	66	0.122277	46.414886
20000	0.1	78	0.125389	34.917877
20000	0.1	58	0.118510	46.440460
20000	0.1	57	0.113793	45.971802
20000	0.1	53	0.120752	48.324341
20000	0.1	68	0.120242	41.553101
20000	0.1	55	0.122623	45.829102
20000	0.1	61	0.122510	44.975769

21000	0.1	56	0.134546	61.696594
21000	0.1	53	0.141534	58.586884
21000	0.1	70	0.133598	44.427673
21000	0.1	68	0.126483	44.002899
21000	0.1	64	0.133654	45.217621
21000	0.1	54	0.139731	51.806610
21000	0.1	59	0.125542	49.629822
21000	0.1	61	0.122879	46.338898
21000	0.1	72	0.132011	43.110077
21000	0.1	58	0.126262	55.145050
21000	0.1	70	0.136001	42.056458
21000	0.1	66	0.152065	45.162354
21000	0.1	61	0.123186	43.511963
21000	0.1	63	0.123718	47.376312
21000	0.1	53	0.137427	53.399017
21000	0.1	64	0.126724	40.580994
21000	0.1	69	0.132850	38.711182
21000	0.1	69	0.125590	41.034088
21000	0.1	73	0.126465	38.759094
21000	0.1	72	0.132603	39.518188
21000	0.1	67	0.129558	49.440979
21000	0.1	62	0.134596	44.162201
21000	0.1	67	0.125628	48.208374
21000	0.1	59	0.128110	52.797516
21000	0.1	78	0.131779	36.912079
21000	0.1	73	0.129745	38.215546
21000	0.1	58	0.119769	47.678101
21000	0.1	48	0.129648	63.884705
21000	0.1	62	0.129990	59.393982
21000	0.1	56	0.161353	53.465729

22000	0.1	66	0.139688	44.239807
22000	0.1	75	0.138540	42.739166
22000	0.1	73	0.208248	41.631256
22000	0.1	69	0.137736	44.302582
22000	0.1	73	0.168586	46.304077
22000	0.1	62	0.193075	49.776367
22000	0.1	74	0.188338	41.351349
22000	0.1	53	0.146486	50.549896
22000	0.1	59	0.138564	54.019073
22000	0.1	78	0.141462	42.789978
22000	0.1	63	0.137719	55.090240
22000	0.1	59	0.131087	47.323456
22000	0.1	66	0.163049	51.114471
22000	0.1	66	0.141673	46.924561
22000	0.1	70	0.150762	40.158356
22000	0.1	70	0.139728	45.674744
22000	0.1	65	0.140918	51.062592
22000	0.1	70	0.172565	42.804230
22000	0.1	69	0.136783	44.697968
22000	0.1	71	0.140898	47.075836
22000	0.1	73	0.140996	49.962555
22000	0.1	61	0.141358	63.484955
22000	0.1	66	0.179396	53.968933
22000	0.1	67	0.137356	50.871460
22000	0.1	56	0.174807	48.410187
22000	0.1	68	0.140575	42.707672
22000	0.1	71	0.138431	41.939148
22000	0.1	73	0.138632	47.207489
22000	0.1	67	0.137633	46.465637
22000	0.1	65	0.132798	47.190063

23000	0.1	71	0.177758	45.803558
23000	0.1	74	0.144050	46.033020
23000	0.1	69	0.142884	47.300751
23000	0.1	58	0.149712	69.329895
23000	0.1	72	0.147752	49.255188
23000	0.1	62	0.145939	48.641998
23000	0.1	65	0.148696	60.961700
23000	0.1	59	0.143698	51.757019
23000	0.1	67	0.146747	49.418274
23000	0.1	56	0.146631	57.428528
23000	0.1	66	0.184931	44.851074
23000	0.1	72	0.152687	47.488190
23000	0.1	67	0.144133	51.555603
23000	0.1	67	0.141968	49.855499
23000	0.1	55	0.161736	70.069824
23000	0.1	60	0.153241	52.546204
23000	0.1	71	0.149731	47.086151
23000	0.1	59	0.142573	61.525574
23000	0.1	58	0.143577	64.507111
23000	0.1	72	0.210602	48.345551
23000	0.1	70	0.145371	51.935516
23000	0.1	62	0.152876	58.060974
23000	0.1	48	0.150049	75.688446
23000	0.1	77	0.147579	44.701538
23000	0.1	68	0.142484	50.672150
23000	0.1	70	0.142748	56.074554
23000	0.1	66	0.144526	52.555725
23000	0.1	69	0.146695	47.801361
23000	0.1	62	0.144546	58.632629
23000	0.1	71	0.155307	46.233368

24000	0.1	77	0.154712	46.780182
24000	0.1	58	0.157014	67.797668
24000	0.1	75	0.154664	53.013702
24000	0.1	70	0.186090	50.102692
24000	0.1	56	0.161665	63.233093
24000	0.1	52	0.152722	64.001831
24000	0.1	55	0.166333	69.108307
24000	0.1	68	0.156766	58.249359
24000	0.1	59	0.164278	59.999176
24000	0.1	72	0.158809	49.053528
24000	0.1	66	0.153105	53.837524
24000	0.1	61	0.156735	58.321259
24000	0.1	68	0.155106	52.781006
24000	0.1	67	0.157452	52.348053
24000	0.1	66	0.160796	57.371460
24000	0.1	70	0.159310	51.225769
24000	0.1	80	0.219115	47.134949
24000	0.1	55	0.145405	69.206451
24000	0.1	69	0.151936	48.000458
24000	0.1	71	0.154624	49.518677
24000	0.1	65	0.203545	55.089386
24000	0.1	71	0.160754	50.858582
24000	0.1	71	0.152215	48.374451
24000	0.1	67	0.150837	62.709717
24000	0.1	58	0.148161	60.769318
24000	0.1	67	0.151269	54.379272
24000	0.1	61	0.150825	58.866760
24000	0.1	70	0.155894	47.777618
24000	0.1	72	0.154388	51.200134
24000	0.1	63	0.191524	63.331116

25000	0.1	78	0.168855	48.674530
25000	0.1	46	0.157175	75.284058
25000	0.1	61	0.203652	62.880066
25000	0.1	73	0.161332	55.702179
25000	0.1	58	0.168958	78.189606
25000	0.1	77	0.164880	53.590363
25000	0.1	72	0.162340	51.035248
25000	0.1	63	0.166012	70.649048
25000	0.1	70	0.169238	59.674530
25000	0.1	71	0.166539	54.396027
25000	0.1	67	0.163396	52.999695
25000	0.1	48	0.169294	88.393829
25000	0.1	69	0.194968	65.195374
25000	0.1	72	0.165426	54.397491
25000	0.1	65	0.208945	59.154388
25000	0.1	58	0.215450	72.182495
25000	0.1	65	0.167898	55.743439
25000	0.1	77	0.165497	51.953522
25000	0.1	69	0.230629	58.561249
25000	0.1	63	0.158884	58.757233
25000	0.1	70	0.170530	53.842773
25000	0.1	72	0.164761	55.182648
25000	0.1	74	0.171196	59.109131
25000	0.1	72	0.168585	53.464539
25000	0.1	77	0.167211	50.633118
25000	0.1	54	0.160375	64.806854
25000	0.1	70	0.162329	59.585297
25000	0.1	70	0.162651	52.585846
25000	0.1	59	0.159702	57.117340
25000	0.1	60	0.161618	58.749969

26000	0.1	76	0.181936	55.947357
26000	0.1	64	0.179592	57.845520
26000	0.1	67	0.170798	64.768127
26000	0.1	75	0.237441	55.596771
26000	0.1	54	0.167932	82.609344
26000	0.1	73	0.173696	59.377869
26000	0.1	76	0.173966	59.192963
26000	0.1	67	0.166990	65.671875
26000	0.1	77	0.173582	53.913544
26000	0.1	70	0.176497	55.243713
26000	0.1	64	0.176712	59.196503
26000	0.1	64	0.179830	63.550842
26000	0.1	60	0.231397	70.193207
26000	0.1	73	0.246233	57.003265
26000	0.1	76	0.176875	56.604431
26000	0.1	73	0.171722	55.866547
26000	0.1	66	0.171684	63.950714
26000	0.1	69	0.188433	52.677612
26000	0.1	71	0.209068	59.838440
26000	0.1	59	0.167166	66.730804
26000	0.1	61	0.161568	56.973511
26000	0.1	68	0.163464	56.938934
26000	0.1	67	0.207613	58.481018
26000	0.1	67	0.167666	64.511780
26000	0.1	68	0.179453	56.956024
26000	0.1	73	0.177957	58.396088
26000	0.1	70	0.169307	66.429260
26000	0.1	56	0.172014	82.702942
26000	0.1	65	0.214309	63.439026
26000	0.1	48	0.166573	86.178070

27000	0.1	53	0.184142	87.854248
27000	0.1	73	0.221509	58.584778
27000	0.1	63	0.190173	59.344147
27000	0.1	54	0.182601	86.106293
27000	0.1	73	0.179800	58.976227
27000	0.1	75	0.184146	61.776611
27000	0.1	56	0.195757	82.298340
27000	0.1	67	0.182681	60.187653
27000	0.1	76	0.181524	61.848694
27000	0.1	72	0.185332	57.818573
27000	0.1	64	0.183814	71.538574
27000	0.1	70	0.179199	67.418610
27000	0.1	65	0.243445	75.177124
27000	0.1	61	0.230432	77.166779
27000	0.1	61	0.185632	76.244019
27000	0.1	75	0.180872	58.728577
27000	0.1	68	0.179652	57.545258
27000	0.1	66	0.168622	71.221863
27000	0.1	49	0.189219	92.976990
27000	0.1	67	0.178680	65.732635
27000	0.1	75	0.181570	58.564148
27000	0.1	82	0.187202	57.006409
27000	0.1	75	0.245538	58.310272
27000	0.1	59	0.190716	79.645813
27000	0.1	70	0.179789	61.511810
27000	0.1	69	0.181185	68.757050
27000	0.1	73	0.189255	56.713928
27000	0.1	72	0.181285	65.348022
27000	0.1	76	0.184193	58.196045
27000	0.1	66	0.183933	66.188110

28000	0.1	56	0.215358	89.500916
28000	0.1	67	0.251725	64.023682
28000	0.1	60	0.252083	81.923279
28000	0.1	61	0.179262	67.239502
28000	0.1	71	0.187521	65.430786
28000	0.1	73	0.195472	62.578064
28000	0.1	68	0.247840	68.513763
28000	0.1	77	0.194215	60.169922
28000	0.1	58	0.184169	80.789825
28000	0.1	75	0.194112	62.481232
28000	0.1	67	0.185294	63.100403
28000	0.1	70	0.186391	65.954529
28000	0.1	71	0.260555	62.096741
28000	0.1	86	0.198766	61.773376
28000	0.1	74	0.195821	64.836945
28000	0.1	75	0.191014	65.938507
28000	0.1	57	0.186505	81.240326
28000	0.1	68	0.206670	68.653290
28000	0.1	65	0.258440	61.562103
28000	0.1	65	0.192659	68.596497
28000	0.1	71	0.193243	61.241516
28000	0.1	71	0.193695	70.746368
28000	0.1	76	0.191414	65.455780
28000	0.1	71	0.249901	68.858368
28000	0.1	71	0.190398	82.164124
28000	0.1	73	0.191231	61.999573
28000	0.1	67	0.262569	66.871979
28000	0.1	64	0.190737	79.664551
28000	0.1	76	0.210820	58.992279
28000	0.1	65	0.204571	67.356934

29000	0.1	55	0.191621	94.588287
29000	0.1	78	0.205748	59.346008
29000	0.1	74	0.198671	73.598480
29000	0.1	65	0.197134	77.182526
29000	0.1	72	0.195634	73.500397
29000	0.1	68	0.197083	72.235016
29000	0.1	55	0.203622	100.744965
29000	0.1	74	0.204407	73.816742
29000	0.1	72	0.205073	74.485168
29000	0.1	68	0.201251	76.845825
29000	0.1	61	0.200195	85.243652
29000	0.1	57	0.201719	89.948029
29000	0.1	77	0.205807	82.647888
29000	0.1	68	0.202519	76.210480
29000	0.1	71	0.196862	68.467133
29000	0.1	74	0.201362	73.091980
29000	0.1	72	0.205619	75.560974
29000	0.1	56	0.216672	91.185028
29000	0.1	76	0.212492	73.129913
29000	0.1	69	0.199808	67.225494
29000	0.1	69	0.192293	71.560486
29000	0.1	78	0.204408	65.080841
29000	0.1	69	0.205508	69.570465
29000	0.1	62	0.197976	79.193756
29000	0.1	51	0.206159	95.533264
29000	0.1	62	0.196271	99.219299
29000	0.1	67	0.248190	84.735535
29000	0.1	65	0.194188	80.506378
29000	0.1	57	0.215751	77.704895
29000	0.1	64	0.192933	81.727722

30000	0.1	71	0.215953	77.722473
30000	0.1	66	0.208107	81.650360
30000	0.1	78	0.267186	70.530487
30000	0.1	81	0.210511	65.958282
30000	0.1	72	0.204507	74.485229
30000	0.1	72	0.246602	68.096558
30000	0.1	69	0.211155	78.817413
30000	0.1	63	0.214550	94.054626
30000	0.1	76	0.218006	68.751038
30000	0.1	72	0.212300	76.668243
30000	0.1	70	0.207077	68.960602
30000	0.1	70	0.221405	74.925690
30000	0.1	73	0.212596	67.007172
30000	0.1	60	0.213768	95.260254
30000	0.1	77	0.209055	65.723724
30000	0.1	72	0.214724	79.996216
30000	0.1	59	0.200163	84.177765
30000	0.1	73	0.211839	78.602875
30000	0.1	58	0.216786	90.333679
30000	0.1	78	0.218731	64.145203
30000	0.1	61	0.214974	88.106628
30000	0.1	72	0.243937	80.375916
30000	0.1	68	0.215554	84.877594
30000	0.1	70	0.210534	70.635406
30000	0.1	71	0.209750	82.600739
30000	0.1	72	0.233587	91.006409
30000	0.1	71	0.207216	70.815857
30000	0.1	77	0.210621	73.159546
30000	0.1	82	0.212329	65.908661
30000	0.1	75	0.212474	71.605438

