1000	0.2	15	0.003085	0.979736
1000	0.2	17	0.003092	0.988922
1000	0.2	20	0.003280	1.029419
1000	0.2	14	0.002868	0.981567
1000	0.2	13	0.002945	1.001373
1000	0.2	12	0.002884	0.985077
1000	0.2	18	0.003021	0.986755
1000	0.2	16	0.003028	1.043640
1000	0.2	15	0.003033	0.932404
1000	0.2	16	0.002849	0.909546
1000	0.2	13	0.010038	1.001038
1000	0.2	18	0.006597	0.969971
1000	0.2	15	0.003175	0.977203
1000	0.2	13	0.003016	1.036316
1000	0.2	13	0.008541	1.008331
1000	0.2	14	0.004008	0.998138
1000	0.2	16	0.004852	0.958893
1000	0.2	17	0.003162	1.021606
1000	0.2	17	0.003198	1.014893
1000	0.2	17	0.003078	1.016449
1000	0.2	15	0.002890	0.982056
1000	0.2	16	0.003037	1.047058
1000	0.2	15	0.003270	1.074463
1000	0.2	12	0.003035	1.089813
1000	0.2	13	0.003104	0.998230
1000	0.2	16	0.003135	1.014252
1000	0.2	13	0.002850	0.988251
1000	0.2	15	0.005667	1.009308
1000	0.2	16	0.003005	0.981262
1000	0.2	16	0.002930	0.942535

2000	0.2	13	0.006609	2.445679
2000	0.2	16	0.006165	2.419647
2000	0.2	19	0.006231	2.281464
2000	0.2	16	0.006169	2.354401
2000	0.2	19	0.006522	2.339417
2000	0.2	17	0.006345	2.382446
2000	0.2	14	0.006564	2.536102
2000	0.2	17	0.006469	2.396729
2000	0.2	15	0.006154	2.538635
2000	0.2	16	0.006447	2.298828
2000	0.2	14	0.006221	2.291809
2000	0.2	18	0.012909	2.360504
2000	0.2	15	0.006287	2.422089
2000	0.2	18	0.006384	2.305756
2000	0.2	18	0.006101	2.443420
2000	0.2	16	0.006400	2.399109
2000	0.2	20	0.006203	2.246857
2000	0.2	20	0.006423	2.286346
2000	0.2	12	0.006268	2.498657
2000	0.2	19	0.006487	2.357635
2000	0.2	18	0.006128	2.279907
2000	0.2	16	0.006320	2.353516
2000	0.2	15	0.006469	2.363190
2000	0.2	14	0.006109	2.363037
2000	0.2	15	0.006412	2.356537
2000	0.2	17	0.006234	2.306335
2000	0.2	18	0.006503	2.228912
2000	0.2	18	0.006489	2.333374
2000	0.2	14	0.006133	2.356415
2000	0.2	18	0.006259	2.261536

3000	0.2	19	0.010123	4.047455
3000	0.2	17	0.010296	3.875610
3000	0.2	21	0.015908	3.895905
3000	0.2	16	0.009918	4.567657
3000	0.2	16	0.009954	3.878143
3000	0.2	20	0.010125	3.823822
3000	0.2	17	0.014655	4.073486
3000	0.2	18	0.010734	4.147827
3000	0.2	20	0.015749	3.843018
3000	0.2	16	0.010414	4.256927
3000	0.2	16	0.011117	4.173889
3000	0.2	12	0.010440	5.445374
3000	0.2	16	0.011020	4.111847
3000	0.2	17	0.010654	4.637695
3000	0.2	14	0.011009	4.239838
3000	0.2	19	0.010639	4.006378
3000	0.2	16	0.010708	4.177460
3000	0.2	15	0.010617	4.847260
3000	0.2	19	0.010286	3.911926
3000	0.2	18	0.010641	3.805023
3000	0.2	17	0.015088	4.006165
3000	0.2	18	0.010988	3.940460
3000	0.2	16	0.017143	4.418274
3000	0.2	20	0.009764	3.710480
3000	0.2	16	0.009717	3.923370
3000	0.2	15	0.009755	4.127350
3000	0.2	19	0.010258	3.833801
3000	0.2	18	0.010360	4.085052
3000	0.2	18	0.009931	4.409515
3000	0.2	18	0.012305	4.259583

4000	0.2	18	0.014515	6.601959
4000	0.2	16	0.015025	6.797028
4000	0.2	13	0.015086	7.187897
4000	0.2	21	0.014670	5.653900
4000	0.2	18	0.014055	6.043091
4000	0.2	22	0.025445	5.648590
4000	0.2	20	0.013982	5.892395
4000	0.2	13	0.018152	7.149811
4000	0.2	19	0.014096	6.198608
4000	0.2	18	0.014358	6.369507
4000	0.2	13	0.014097	7.586670
4000	0.2	19	0.014417	6.335022
4000	0.2	17	0.014302	6.201019
4000	0.2	17	0.014128	6.051239
4000	0.2	15	0.021037	6.519653
4000	0.2	17	0.014089	6.415497
4000	0.2	17	0.014451	7.394928
4000	0.2	19	0.013999	5.755585
4000	0.2	16	0.013814	7.002533
4000	0.2	16	0.015250	6.201904
4000	0.2	17	0.014099	6.958374
4000	0.2	14	0.014359	7.419739
4000	0.2	18	0.025835	6.297668
4000	0.2	17	0.015337	6.247894
4000	0.2	18	0.013459	6.331573
4000	0.2	20	0.014225	6.972015
4000	0.2	17	0.013790	6.006409
4000	0.2	19	0.014717	6.039764
4000	0.2	21	0.019465	5.970642
4000	0.2	19	0.013998	5.711975

5000	0.2	20	0.018399	7.924835
5000	0.2	20	0.017930	8.228760
5000	0.2	19	0.018309	8.332520
5000	0.2	15	0.018630	8.649261
5000	0.2	14	0.034791	10.161530
5000	0.2	17	0.018426	10.418976
5000	0.2	16	0.035454	8.483734
5000	0.2	19	0.019110	8.362885
5000	0.2	22	0.018353	8.136108
5000	0.2	22	0.035819	7.752106
5000	0.2	17	0.018569	8.196808
5000	0.2	19	0.018533	7.806854
5000	0.2	17	0.040802	8.210358
5000	0.2	14	0.019955	9.904419
5000	0.2	19	0.046079	8.026855
5000	0.2	15	0.022726	9.627075
5000	0.2	22	0.038109	8.255280
5000	0.2	20	0.036270	8.245239
5000	0.2	17	0.018841	8.283875
5000	0.2	16	0.017689	9.745789
5000	0.2	20	0.018365	7.911346
5000	0.2	13	0.018981	10.626282
5000	0.2	19	0.018801	9.181000
5000	0.2	17	0.018109	7.910095
5000	0.2	18	0.031876	8.906036
5000	0.2	18	0.018271	8.172577
5000	0.2	18	0.018282	8.157928
5000	0.2	19	0.018348	8.453796
5000	0.2	18	0.018382	8.168793
5000	0.2	13	0.025476	10.617035

6000	0.2	18	0.024023	10.980316
6000	0.2	21	0.023000	11.026672
6000	0.2	14	0.024982	14.463562
6000	0.2	15	0.023326	14.048706
6000	0.2	17	0.044412	13.373108
6000	0.2	17	0.022898	10.766602
6000	0.2	16	0.048094	14.237122
6000	0.2	18	0.022992	10.531708
6000	0.2	19	0.023657	12.550598
6000	0.2	17	0.023553	12.112793
6000	0.2	15	0.023598	13.829193
6000	0.2	20	0.023370	11.641876
6000	0.2	18	0.023681	11.328491
6000	0.2	16	0.024342	12.433502
6000	0.2	19	0.022790	11.258179
6000	0.2	16	0.024539	13.949554
6000	0.2	16	0.024199	13.555115
6000	0.2	21	0.027198	10.202637
6000	0.2	22	0.035469	10.461365
6000	0.2	15	0.023038	11.560913
6000	0.2	17	0.023801	13.204895
6000	0.2	16	0.024340	13.054199
6000	0.2	20	0.023965	10.789368
6000	0.2	16	0.024963	12.569122
6000	0.2	20	0.023898	11.031250
6000	0.2	21	0.022733	10.784546
6000	0.2	20	0.023563	11.341492
6000	0.2	14	0.035266	12.995422
6000	0.2	13	0.023687	15.664429
6000	0.2	22	0.022861	10.970886

7000	0.2	18	0.028739	14.521057
7000	0.2	18	0.028262	13.782471
7000	0.2	11	0.031189	21.781647
7000	0.2	16	0.028689	16.214417
7000	0.2	16	0.029707	15.014191
7000	0.2	20	0.028061	12.935608
7000	0.2	18	0.027873	13.600464
7000	0.2	19	0.063551	15.015961
7000	0.2	17	0.028775	15.766968
7000	0.2	11	0.029645	20.491089
7000	0.2	18	0.028978	14.440674
7000	0.2	14	0.030819	16.632599
7000	0.2	17	0.028739	15.588409
7000	0.2	18	0.027991	14.422516
7000	0.2	19	0.028218	13.941132
7000	0.2	18	0.027839	13.738556
7000	0.2	19	0.027652	14.006958
7000	0.2	21	0.027711	12.590851
7000	0.2	21	0.028345	13.402557
7000	0.2	19	0.029419	14.298004
7000	0.2	15	0.029171	17.569794
7000	0.2	20	0.035798	13.676208
7000	0.2	13	0.039295	20.023041
7000	0.2	19	0.029082	15.921692
7000	0.2	20	0.029228	13.896210
7000	0.2	22	0.029083	12.845306
7000	0.2	17	0.029380	14.971375
7000	0.2	13	0.057777	21.950531
7000	0.2	17	0.030119	17.299988
7000	0.2	16	0.028510	15.186371

8000	0.2	18	0.036687	21.618896
8000	0.2	19	0.034067	19.148224
8000	0.2	19	0.034793	18.260345
8000	0.2	18	0.035543	19.591949
8000	0.2	22	0.035436	17.198517
8000	0.2	18	0.033658	20.118164
8000	0.2	18	0.035825	22.203766
8000	0.2	20	0.033659	18.121918
8000	0.2	17	0.034451	20.230347
8000	0.2	12	0.038165	27.239105
8000	0.2	19	0.034274	18.150848
8000	0.2	20	0.034035	17.746674
8000	0.2	20	0.034343	19.223267
8000	0.2	12	0.038655	31.186798
8000	0.2	21	0.034801	17.977448
8000	0.2	19	0.033878	16.481232
8000	0.2	21	0.034328	17.205994
8000	0.2	19	0.033838	19.052765
8000	0.2	16	0.035234	21.706635
8000	0.2	20	0.034134	18.442749
8000	0.2	11	0.039636	25.140656
8000	0.2	18	0.033448	17.578339
8000	0.2	21	0.034273	16.961517
8000	0.2	21	0.034138	17.585754
8000	0.2	19	0.034198	18.176575
8000	0.2	17	0.035821	22.705719
8000	0.2	18	0.034596	18.460510
8000	0.2	16	0.034763	17.911469
8000	0.2	17	0.034729	18.976135
8000	0.2	16	0.036724	23.596954

9000	0.2	22	0.039960	22.055145
9000	0.2	17	0.042280	23.222443
9000	0.2	15	0.041380	28.276703
9000	0.2	20	0.040594	23.679077
9000	0.2	14	0.104546	36.927246
9000	0.2	21	0.075855	20.488495
9000	0.2	19	0.039212	20.744781
9000	0.2	20	0.041195	22.109283
9000	0.2	20	0.041031	20.579315
9000	0.2	14	0.042570	27.172668
9000	0.2	21	0.039317	21.601288
9000	0.2	21	0.041483	26.813080
9000	0.2	16	0.042397	26.978973
9000	0.2	16	0.042107	26.100006
9000	0.2	19	0.042440	23.998779
9000	0.2	16	0.043451	24.476105
9000	0.2	16	0.044623	28.578888
9000	0.2	20	0.042266	19.665039
9000	0.2	18	0.042889	21.897095
9000	0.2	17	0.047335	35.623413
9000	0.2	18	0.041642	21.529022
9000	0.2	17	0.041962	27.786163
9000	0.2	17	0.040902	25.967804
9000	0.2	15	0.080594	27.207001
9000	0.2	17	0.040080	23.240356
9000	0.2	18	0.056300	30.951508
9000	0.2	17	0.041591	25.619049
9000	0.2	18	0.039064	21.001251
9000	0.2	16	0.044059	26.720856
9000	0.2	18	0.040787	23.577332

10000	0.2	18	0.048147	28.912506
10000	0.2	20	0.045830	24.498260
10000	0.2	17	0.046688	25.906189
10000	0.2	17	0.046039	25.349579
10000	0.2	20	0.051056	31.641663
10000	0.2	19	0.048269	33.326752
10000	0.2	20	0.046461	27.802307
10000	0.2	19	0.050165	28.085266
10000	0.2	19	0.046089	27.832397
10000	0.2	16	0.046182	32.383270
10000	0.2	19	0.048094	29.713898
10000	0.2	21	0.045462	24.594482
10000	0.2	16	0.047932	29.549713
10000	0.2	18	0.046494	25.262024
10000	0.2	18	0.047775	28.466278
10000	0.2	15	0.048158	35.758423
10000	0.2	18	0.048152	35.547668
10000	0.2	17	0.047823	32.879883
10000	0.2	18	0.048993	29.889648
10000	0.2	22	0.046135	24.845612
10000	0.2	19	0.051458	28.478851
10000	0.2	21	0.046435	27.333008
10000	0.2	20	0.047036	28.499359
10000	0.2	16	0.050476	29.087189
10000	0.2	14	0.050736	43.496765
10000	0.2	17	0.049190	33.255096
10000	0.2	14	0.049690	30.446533
10000	0.2	21	0.047229	24.187958
10000	0.2	18	0.049055	27.439758
10000	0.2	12	0.049119	43.679810

11000	0.2	21	0.060386	25.988007
11000	0.2	21	0.054157	35.964691
11000	0.2	14	0.066416	54.003510
11000	0.2	17	0.054444	34.221375
11000	0.2	21	0.056381	31.198578
11000	0.2	15	0.057504	42.807526
11000	0.2	18	0.056079	31.349945
11000	0.2	18	0.057925	40.401062
11000	0.2	19	0.079688	27.623718
11000	0.2	19	0.055135	31.431732
11000	0.2	16	0.053572	34.206268
11000	0.2	17	0.054623	32.155487
11000	0.2	20	0.052550	28.404480
11000	0.2	16	0.054261	30.467560
11000	0.2	18	0.053497	34.582001
11000	0.2	19	0.055409	31.798126
11000	0.2	16	0.054403	40.033539
11000	0.2	16	0.056271	37.494812
11000	0.2	14	0.051878	33.166199
11000	0.2	23	0.051915	28.835907
11000	0.2	16	0.059494	42.718658
11000	0.2	20	0.052738	32.609222
11000	0.2	18	0.053355	36.976868
11000	0.2	18	0.053689	34.545044
11000	0.2	20	0.055277	32.440247
11000	0.2	21	0.053204	27.715210
11000	0.2	17	0.053190	29.966309
11000	0.2	19	0.052298	26.956055
11000	0.2	18	0.056555	35.313110
11000	0.2	17	0.060964	39.285889

12000	0.2	20	0.060693	34.491547
12000	0.2	18	0.060756	40.533142
12000	0.2	20	0.058246	33.115265
12000	0.2	21	0.059601	31.710480
12000	0.2	21	0.060895	32.877869
12000	0.2	20	0.058877	37.261230
12000	0.2	21	0.059276	33.033081
12000	0.2	15	0.061589	45.545044
12000	0.2	16	0.067831	52.761597
12000	0.2	16	0.064611	45.581848
12000	0.2	19	0.061685	38.763641
12000	0.2	18	0.064200	46.434692
12000	0.2	14	0.064076	49.547028
12000	0.2	21	0.062365	35.962616
12000	0.2	19	0.059349	37.732635
12000	0.2	18	0.062639	38.567719
12000	0.2	21	0.061404	35.518036
12000	0.2	19	0.063155	40.919586
12000	0.2	17	0.067613	46.085846
12000	0.2	17	0.063939	42.467499
12000	0.2	18	0.059549	38.338165
12000	0.2	18	0.063689	34.823883
12000	0.2	18	0.062169	43.898102
12000	0.2	12	0.087281	74.457886
12000	0.2	19	0.059533	37.196350
12000	0.2	17	0.067615	51.682434
12000	0.2	16	0.085816	51.418701
12000	0.2	18	0.066071	49.290161
12000	0.2	19	0.062777	39.217651
12000	0.2	19	0.064174	42.465790

13000	0.2	19	0.072436	43.113647
13000	0.2	18	0.069565	44.838043
13000	0.2	21	0.068242	37.638153
13000	0.2	20	0.082306	41.195862
13000	0.2	20	0.070305	43.893890
13000	0.2	12	0.075882	69.238403
13000	0.2	18	0.070674	45.161469
13000	0.2	21	0.067266	43.371124
13000	0.2	14	0.074169	58.990448
13000	0.2	19	0.071541	48.034576
13000	0.2	16	0.069561	49.084930
13000	0.2	18	0.079300	50.892853
13000	0.2	13	0.071958	50.713684
13000	0.2	15	0.069634	50.851746
13000	0.2	18	0.068635	43.527252
13000	0.2	16	0.069068	47.901123
13000	0.2	19	0.071588	54.467560
13000	0.2	20	0.069956	44.984314
13000	0.2	19	0.068029	47.330383
13000	0.2	19	0.072503	44.200409
13000	0.2	19	0.069281	47.573761
13000	0.2	19	0.069198	47.902374
13000	0.2	18	0.069882	55.067444
13000	0.2	14	0.095886	45.785339
13000	0.2	19	0.069937	42.054657
13000	0.2	17	0.078447	62.063080
13000	0.2	18	0.070462	43.190918
13000	0.2	18	0.066200	44.128510
13000	0.2	20	0.068103	44.917664
13000	0.2	20	0.067627	44.016632

14000	0.2	20	0.073182	44.509491
14000	0.2	19	0.118894	46.060028
14000	0.2	16	0.082704	63.966980
14000	0.2	13	0.089166	74.554230
14000	0.2	20	0.075796	54.900024
14000	0.2	17	0.085009	69.920288
14000	0.2	19	0.145041	50.454041
14000	0.2	20	0.075945	46.185303
14000	0.2	20	0.077392	46.204529
14000	0.2	15	0.091022	69.301422
14000	0.2	19	0.078104	48.155396
14000	0.2	18	0.080633	62.600922
14000	0.2	19	0.074472	48.177246
14000	0.2	14	0.089510	84.946320
14000	0.2	20	0.078031	51.964752
14000	0.2	11	0.089476	66.956238
14000	0.2	19	0.076043	55.795013
14000	0.2	16	0.074155	56.819855
14000	0.2	21	0.078425	43.394806
14000	0.2	22	0.076788	41.349854
14000	0.2	16	0.082987	56.938721
14000	0.2	23	0.073784	42.353851
14000	0.2	17	0.080856	54.610779
14000	0.2	23	0.076292	39.895203
14000	0.2	21	0.073093	42.924011
14000	0.2	17	0.076748	48.000580
14000	0.2	20	0.073442	47.428680
14000	0.2	19	0.074875	53.502625
14000	0.2	14	0.146964	48.287354
14000	0.2	16	0.077628	56.271088

15000	0.2	20	0.090392	65.822906
15000	0.2	13	0.091187	89.216461
15000	0.2	18	0.086232	54.699890
15000	0.2	18	0.082680	65.093018
15000	0.2	20	0.084884	56.293335
15000	0.2	20	0.085922	59.830383
15000	0.2	18	0.089990	70.187256
15000	0.2	22	0.083425	56.437592
15000	0.2	21	0.083408	52.847137
15000	0.2	19	0.085737	55.564209
15000	0.2	17	0.089588	71.151459
15000	0.2	21	0.084239	60.008667
15000	0.2	19	0.085488	51.921265
15000	0.2	20	0.084661	57.838531
15000	0.2	14	0.087918	72.975494
15000	0.2	19	0.088829	64.224091
15000	0.2	22	0.113679	60.394897
15000	0.2	19	0.084268	56.806000
15000	0.2	21	0.084628	60.969910
15000	0.2	17	0.085791	64.498169
15000	0.2	19	0.090830	82.551575
15000	0.2	22	0.085453	58.310974
15000	0.2	16	0.094841	67.309204
15000	0.2	16	0.087813	67.568390
15000	0.2	22	0.082526	53.643372
15000	0.2	18	0.082716	57.108246
15000	0.2	21	0.084597	64.116638
15000	0.2	11	0.108625	88.287537
15000	0.2	21	0.082965	51.386444
15000	0.2	19	0.084587	61.416107

16000	0.2	19	0.092478	54.166016
16000	0.2	14	0.104443	87.628784
16000	0.2	21	0.095285	76.103027
16000	0.2	19	0.094569	76.421021
16000	0.2	19	0.091179	65.838287
16000	0.2	17	0.100600	79.398956
16000	0.2	19	0.089869	59.234070
16000	0.2	17	0.110911	63.554291
16000	0.2	21	0.091988	60.173981
16000	0.2	22	0.091370	61.601471
16000	0.2	17	0.093764	75.693909
16000	0.2	22	0.089069	60.980316
16000	0.2	21	0.088798	52.838898
16000	0.2	16	0.091004	74.673218
16000	0.2	22	0.087739	49.886780
16000	0.2	21	0.092615	61.684357
16000	0.2	15	0.113388	94.647400
16000	0.2	14	0.094331	73.692200
16000	0.2	18	0.091143	61.687286
16000	0.2	20	0.101589	67.638428
16000	0.2	19	0.093317	73.074677
16000	0.2	19	0.091232	57.253265
16000	0.2	21	0.116442	65.505157
16000	0.2	18	0.117913	75.482178
16000	0.2	12	0.177527	112.963165
16000	0.2	19	0.095164	66.228363
16000	0.2	16	0.089536	69.868378
16000	0.2	20	0.088677	65.292419
16000	0.2	20	0.091362	63.779510
16000	0.2	21	0.159771	75.009705

17000	0.2	21	0.101029	80.991547
17000	0.2	19	0.101906	65.248535
17000	0.2	16	0.107904	84.428955
17000	0.2	19	0.113976	96.174591
17000	0.2	18	0.101897	70.648376
17000	0.2	16	0.111837	92.209930
17000	0.2	20	0.104890	91.868042
17000	0.2	20	0.097941	71.470978
17000	0.2	22	0.102722	67.130920
17000	0.2	23	0.100228	67.221649
17000	0.2	21	0.104268	81.474640
17000	0.2	21	0.099581	60.622467
17000	0.2	18	0.098077	62.487610
17000	0.2	21	0.099003	71.369843
17000	0.2	15	0.104373	87.196381
17000	0.2	22	0.096932	61.191589
17000	0.2	18	0.105095	75.953186
17000	0.2	21	0.105025	74.846863
17000	0.2	21	0.103371	70.542572
17000	0.2	19	0.104424	65.125732
17000	0.2	19	0.097902	71.453918
17000	0.2	19	0.101127	65.288025
17000	0.2	16	0.107752	91.951599
17000	0.2	16	0.107791	91.146454
17000	0.2	20	0.114184	70.246735
17000	0.2	20	0.102445	69.726379
17000	0.2	17	0.110563	82.089600
17000	0.2	19	0.101670	79.039398
17000	0.2	14	0.107447	97.248108
17000	0.2	20	0.096761	62.479706

18000	0.2	21	0.110339	76.419983
18000	0.2	18	0.180954	104.779694
18000	0.2	22	0.112519	81.303284
18000	0.2	16	0.119028	102.110352
18000	0.2	19	0.110124	80.528687
18000	0.2	17	0.112387	86.600891
18000	0.2	21	0.112360	80.896973
18000	0.2	14	0.125027	111.417023
18000	0.2	18	0.119523	102.760193
18000	0.2	20	0.110264	77.918213
18000	0.2	18	0.122671	103.227478
18000	0.2	19	0.114646	87.661652
18000	0.2	19	0.121134	100.271088
18000	0.2	17	0.114180	96.810638
18000	0.2	21	0.107193	70.140411
18000	0.2	13	0.135476	105.313446
18000	0.2	20	0.108983	67.365662
18000	0.2	19	0.127311	66.328949
18000	0.2	15	0.130899	103.028961
18000	0.2	22	0.108416	80.720551
18000	0.2	14	0.133059	97.631714
18000	0.2	22	0.172678	62.515961
18000	0.2	15	0.135322	103.339264
18000	0.2	19	0.115639	88.326965
18000	0.2	20	0.104673	71.096069
18000	0.2	20	0.187815	107.173370
18000	0.2	19	0.104159	70.786499
18000	0.2	20	0.112809	75.979797
18000	0.2	17	0.123635	94.619568
18000	0.2	19	0.117153	92.201935

19000	0.2	14	0.145741	134.995605
19000	0.2	16	0.124999	101.854340
19000	0.2	18	0.118627	81.152008
19000	0.2	16	0.135334	118.740021
19000	0.2	18	0.191868	109.221558
19000	0.2	16	0.130615	119.781921
19000	0.2	21	0.118904	92.816650
19000	0.2	22	0.120668	79.662994
19000	0.2	19	0.148723	93.413666
19000	0.2	23	0.120235	90.702759
19000	0.2	20	0.121545	94.406738
19000	0.2	19	0.119328	91.166718
19000	0.2	19	0.126061	89.922333
19000	0.2	15	0.135911	103.554291
19000	0.2	21	0.115236	74.084595
19000	0.2	21	0.121000	83.022949
19000	0.2	15	0.127658	102.552734
19000	0.2	18	0.198795	125.561493
19000	0.2	20	0.123297	94.275116
19000	0.2	23	0.120996	81.844299
19000	0.2	18	0.128370	110.604858
19000	0.2	23	0.126999	85.210449
19000	0.2	18	0.143703	121.970062
19000	0.2	19	0.134561	113.360443
19000	0.2	19	0.134712	114.368103
19000	0.2	21	0.118443	88.974823
19000	0.2	20	0.119892	84.171356
19000	0.2	17	0.124836	92.085693
19000	0.2	19	0.120274	87.355316
19000	0.2	21	0.120891	92.706512

20000	0.2	17	0.131476	111.200348
20000	0.2	18	0.139762	109.786011
20000	0.2	20	0.123304	82.854218
20000	0.2	17	0.132774	107.064545
20000	0.2	16	0.199144	116.324005
20000	0.2	21	0.129303	91.059387
20000	0.2	20	0.148527	112.040039
20000	0.2	19	0.137456	108.438721
20000	0.2	17	0.128555	101.418976
20000	0.2	18	0.130339	91.116577
20000	0.2	20	0.118054	75.595093
20000	0.2	18	0.133476	92.601379
20000	0.2	17	0.131345	105.547699
20000	0.2	18	0.164572	110.644135
20000	0.2	16	0.144023	130.038879
20000	0.2	15	0.159048	151.204498
20000	0.2	22	0.127051	94.061066
20000	0.2	19	0.190861	101.065765
20000	0.2	20	0.132616	98.587402
20000	0.2	17	0.130521	93.034424
20000	0.2	20	0.130577	89.615631
20000	0.2	18	0.137018	118.365540
20000	0.2	18	0.142648	125.522980
20000	0.2	19	0.126949	82.973206
20000	0.2	18	0.142610	128.267914
20000	0.2	16	0.136935	127.074738
20000	0.2	15	0.144326	129.454376
20000	0.2	21	0.131665	106.872253
20000	0.2	16	0.213250	124.773529
20000	0.2	19	0.170251	117.676056

21000	0.2	15	0.184002	186.262146
21000	0.2	16	0.166319	176.980347
21000	0.2	20	0.153394	114.803467
21000	0.2	19	0.140294	115.118378
21000	0.2	17	0.188489	122.307159
21000	0.2	15	0.182966	148.134735
21000	0.2	16	0.152279	141.355377
21000	0.2	15	0.173333	127.317139
21000	0.2	20	0.150435	114.152191
21000	0.2	14	0.158935	156.736359
21000	0.2	19	0.147372	106.303772
21000	0.2	20	0.141244	118.057922
21000	0.2	18	0.143795	120.085693
21000	0.2	16	0.147730	130.454987
21000	0.2	16	0.180032	151.368744
21000	0.2	20	0.140305	103.505707
21000	0.2	19	0.139243	93.394989
21000	0.2	20	0.144081	106.895599
21000	0.2	20	0.134218	96.399811
21000	0.2	19	0.142837	98.736511
21000	0.2	21	0.149490	127.436279
21000	0.2	15	0.155695	113.931702
21000	0.2	17	0.177028	125.374298
21000	0.2	16	0.159888	151.925354
21000	0.2	21	0.135611	87.812042
21000	0.2	23	0.131982	92.228424
21000	0.2	17	0.146082	134.391663
21000	0.2	15	0.242133	189.779694
21000	0.2	15	0.171524	183.483276
21000	0.2	16	0.160748	152.553680

22000	0.2	20	0.160554	116.737305
22000	0.2	22	0.212785	107.753632
22000	0.2	21	0.185969	103.127441
22000	0.2	19	0.154452	114.516510
22000	0.2	21	0.152163	125.800354
22000	0.2	18	0.158648	134.613495
22000	0.2	21	0.150888	103.181580
22000	0.2	18	0.187530	141.114044
22000	0.2	17	0.168826	146.979431
22000	0.2	24	0.148948	105.795532
22000	0.2	18	0.168149	158.724091
22000	0.2	15	0.154035	132.520172
22000	0.2	20	0.156319	137.956573
22000	0.2	18	0.166094	122.979706
22000	0.2	20	0.176932	97.900757
22000	0.2	20	0.154527	117.040924
22000	0.2	18	0.166811	136.721680
22000	0.2	19	0.151074	109.053741
22000	0.2	20	0.146332	115.700592
22000	0.2	20	0.164403	124.300598
22000	0.2	21	0.156261	129.640564
22000	0.2	18	0.219641	177.942749
22000	0.2	18	0.163651	147.055664
22000	0.2	18	0.158790	136.636902
22000	0.2	18	0.194941	133.241211
22000	0.2	19	0.150343	106.830994
22000	0.2	21	0.147878	102.218201
22000	0.2	21	0.218760	124.525909
22000	0.2	20	0.150903	123.084381
22000	0.2	19	0.218020	127.027283

23000	0.2	20	0.156963	118.832825
23000	0.2	21	0.157511	121.545441
23000	0.2	18	0.162234	122.957153
23000	0.2	15	0.199075	202.709991
23000	0.2	20	0.192404	126.117157
23000	0.2	19	0.171368	131.369781
23000	0.2	15	0.239331	166.586670
23000	0.2	16	0.176355	145.576447
23000	0.2	21	0.159720	126.091034
23000	0.2	17	0.181179	161.974243
23000	0.2	19	0.236172	116.661774
23000	0.2	20	0.167890	124.988770
23000	0.2	18	0.174225	141.882324
23000	0.2	17	0.165897	137.908142
23000	0.2	14	0.214603	210.239349
23000	0.2	19	0.184552	142.304077
23000	0.2	19	0.159647	118.411621
23000	0.2	17	0.178260	171.591339
23000	0.2	14	0.182682	183.287048
23000	0.2	21	0.162323	126.144287
23000	0.2	20	0.162802	135.207550
23000	0.2	17	0.197015	165.347687
23000	0.2	13	0.215980	225.182678
23000	0.2	20	0.154686	114.523865
23000	0.2	21	0.160526	135.171021
23000	0.2	20	0.165138	149.526428
23000	0.2	18	0.168590	142.172180
23000	0.2	18	0.160875	126.807587
23000	0.2	16	0.180751	168.774323
23000	0.2	19	0.180349	121.990112

24000	0.2	24	0.166310	120.711395
24000	0.2	17	0.205554	197.593811
24000	0.2	21	0.172267	136.372955
24000	0.2	21	0.169371	128.258301
24000	0.2	15	0.210061	180.300842
24000	0.2	16	0.194252	186.147949
24000	0.2	14	0.223496	208.316406
24000	0.2	18	0.189124	158.486542
24000	0.2	16	0.206598	166.992950
24000	0.2	21	0.232160	125.852783
24000	0.2	20	0.179345	144.378479
24000	0.2	17	0.189765	163.925720
24000	0.2	20	0.177918	142.484436
24000	0.2	20	0.184587	141.098724
24000	0.2	17	0.192323	155.270691
24000	0.2	18	0.187517	136.244843
24000	0.2	19	0.165187	118.415009
24000	0.2	12	0.191350	205.789734
24000	0.2	18	0.169360	123.997192
24000	0.2	21	0.168425	126.390717
24000	0.2	19	0.181363	147.603027
24000	0.2	20	0.176785	131.894623
24000	0.2	20	0.165171	124.908478
24000	0.2	22	0.217973	177.551270
24000	0.2	15	0.185333	178.732422
24000	0.2	16	0.180573	153.792908
24000	0.2	17	0.183508	163.405975
24000	0.2	21	0.162680	118.415955
24000	0.2	18	0.174679	138.436096
24000	0.2	21	0.248199	179.076172

25000	0.2	21	0.180601	121.752686
25000	0.2	14	0.218154	230.275055
25000	0.2	16	0.206438	177.340942
25000	0.2	21	0.183606	153.265717
25000	0.2	15	0.241212	240.423309
25000	0.2	21	0.184756	140.880005
25000	0.2	23	0.181365	137.367249
25000	0.2	18	0.212306	200.499329
25000	0.2	22	0.199117	163.941589
25000	0.2	18	0.185785	141.803833
25000	0.2	20	0.181569	136.589844
25000	0.2	14	0.249732	270.478241
25000	0.2	18	0.202914	188.556610
25000	0.2	20	0.190703	147.995117
25000	0.2	17	0.184512	165.511597
25000	0.2	16	0.256675	212.154755
25000	0.2	17	0.200210	157.549042
25000	0.2	22	0.180975	133.219604
25000	0.2	21	0.189281	160.159210
25000	0.2	18	0.194540	169.542145
25000	0.2	18	0.193165	147.193115
25000	0.2	20	0.187131	147.980011
25000	0.2	20	0.198973	163.317657
25000	0.2	21	0.191823	142.148254
25000	0.2	22	0.175539	125.054199
25000	0.2	16	0.199321	187.269470
25000	0.2	20	0.184625	165.128021
25000	0.2	19	0.183461	140.015961
25000	0.2	16	0.192201	159.788574
25000	0.2	17	0.194327	167.474792

26000	0.2	19	0.193037	147.925690
26000	0.2	19	0.203742	155.605103
26000	0.2	19	0.200302	180.246582
26000	0.2	19	0.197725	151.552155
26000	0.2	12	0.266208	249.872620
26000	0.2	21	0.205095	163.187286
26000	0.2	19	0.198908	162.500885
26000	0.2	19	0.198802	186.813080
26000	0.2	21	0.187344	142.201813
26000	0.2	20	0.202010	146.679535
26000	0.2	20	0.207489	162.081268
26000	0.2	19	0.216538	177.434845
26000	0.2	19	0.211377	197.320587
26000	0.2	21	0.205534	152.603821
26000	0.2	22	0.199250	154.356049
26000	0.2	22	0.192897	151.918030
26000	0.2	19	0.265884	173.154297
26000	0.2	19	0.200663	137.693298
26000	0.2	20	0.205069	163.448883
26000	0.2	18	0.277056	198.231750
26000	0.2	14	0.188775	159.022308
26000	0.2	18	0.219552	155.770905
26000	0.2	19	0.209178	161.290222
26000	0.2	15	0.202423	181.312103
26000	0.2	20	0.234813	153.929749
26000	0.2	23	0.196972	153.091431
26000	0.2	17	0.201800	186.421783
26000	0.2	17	0.216622	231.529480
26000	0.2	17	0.221287	179.867126
26000	0.2	12	0.238988	267.768433

27000	0.2	15	0.287705	263.859375
27000	0.2	20	0.207094	157.523407
27000	0.2	18	0.211096	159.098846
27000	0.2	16	0.244623	254.770416
27000	0.2	21	0.203134	160.518982
27000	0.2	21	0.215735	172.042816
27000	0.2	14	0.269141	243.742798
27000	0.2	18	0.220727	168.022827
27000	0.2	19	0.212631	173.230927
27000	0.2	22	0.211257	155.166351
27000	0.2	21	0.233419	205.831451
27000	0.2	17	0.216164	189.884277
27000	0.2	19	0.221696	220.833282
27000	0.2	15	0.249226	227.856384
27000	0.2	15	0.239473	223.544464
27000	0.2	21	0.201173	158.179749
27000	0.2	20	0.206089	156.991577
27000	0.2	19	0.212246	209.511780
27000	0.2	16	0.272246	283.035736
27000	0.2	20	0.207893	184.786682
27000	0.2	21	0.201183	154.594818
27000	0.2	21	0.206181	151.910522
27000	0.2	21	0.214355	155.604340
27000	0.2	16	0.257490	238.892029
27000	0.2	18	0.209130	171.372803
27000	0.2	21	0.213372	189.278870
27000	0.2	20	0.209922	146.374939
27000	0.2	19	0.278997	185.254242
27000	0.2	19	0.204118	150.941589
27000	0.2	18	0.211903	188.781036

28000	0.2	15	0.319413	285.676880
28000	0.2	20	0.222306	180.481720
28000	0.2	18	0.257355	233.667297
28000	0.2	17	0.222043	193.530518
28000	0.2	19	0.219726	179.554901
28000	0.2	21	0.226983	170.790283
28000	0.2	18	0.214071	187.958618
28000	0.2	19	0.218736	160.612976
28000	0.2	16	0.239915	242.543060
28000	0.2	23	0.223966	171.465149
28000	0.2	18	0.216914	179.979248
28000	0.2	20	0.283239	183.534271
28000	0.2	20	0.227375	170.843506
28000	0.2	23	0.223701	163.261444
28000	0.2	20	0.222311	177.162201
28000	0.2	23	0.287844	184.039825
28000	0.2	17	0.238677	233.835083
28000	0.2	21	0.252345	189.289917
28000	0.2	21	0.222027	167.942505
28000	0.2	17	0.269144	197.953674
28000	0.2	19	0.216831	167.556030
28000	0.2	19	0.234214	198.404999
28000	0.2	24	0.222047	186.131775
28000	0.2	22	0.230041	197.604034
28000	0.2	19	0.239011	236.039703
28000	0.2	21	0.217439	165.105408
28000	0.2	18	0.238640	187.606537
28000	0.2	19	0.248932	239.967865
28000	0.2	21	0.212631	156.376831
28000	0.2	19	0.285213	185.804474

29000	0.2	13	0.274488	293.980560
29000	0.2	23	0.223854	156.562775
29000	0.2	19	0.239970	205.104797
29000	0.2	17	0.240767	221.916962
29000	0.2	17	0.234416	212.638947
29000	0.2	17	0.235992	203.903564
29000	0.2	15	0.288207	315.693298
29000	0.2	22	0.317941	206.646759
29000	0.2	22	0.251746	213.879791
29000	0.2	17	0.255863	223.646515
29000	0.2	15	0.260684	257.642426
29000	0.2	17	0.264030	253.841187
29000	0.2	21	0.250244	232.813782
29000	0.2	17	0.255087	219.275330
29000	0.2	21	0.228025	190.983826
29000	0.2	19	0.240631	202.869537
29000	0.2	18	0.247603	212.050629
29000	0.2	15	0.303457	275.735687
29000	0.2	22	0.262514	207.774475
29000	0.2	19	0.245218	194.030884
29000	0.2	21	0.226215	200.663605
29000	0.2	23	0.228289	177.823395
29000	0.2	18	0.248049	197.605591
29000	0.2	16	0.317904	230.927521
29000	0.2	15	0.292293	292.634613
29000	0.2	18	0.258693	294.071198
29000	0.2	20	0.243159	238.753021
29000	0.2	18	0.239336	238.376068
29000	0.2	15	0.285462	227.687805
29000	0.2	17	0.238517	236.031982

30000	0.2	20	0.266659	221.496185
30000	0.2	18	0.255313	231.541046
30000	0.2	22	0.235387	194.781677
30000	0.2	23	0.235103	179.484741
30000	0.2	20	0.294253	206.555969
30000	0.2	18	0.244483	192.176361
30000	0.2	18	0.256087	221.002899
30000	0.2	16	0.274299	271.521484
30000	0.2	22	0.291019	188.746552
30000	0.2	21	0.246174	208.791565
30000	0.2	20	0.240728	191.850311
30000	0.2	21	0.277861	213.454407
30000	0.2	23	0.238637	180.640472
30000	0.2	19	0.299182	294.837494
30000	0.2	22	0.274119	177.741028
30000	0.2	20	0.268785	230.637939
30000	0.2	18	0.255270	248.182587
30000	0.2	19	0.261928	226.186066
30000	0.2	16	0.322794	263.583649
30000	0.2	23	0.284345	168.863617
30000	0.2	16	0.281568	265.022675
30000	0.2	19	0.286021	228.283325
30000	0.2	18	0.269201	243.610229
30000	0.2	19	0.310510	197.976288
30000	0.2	19	0.330883	247.004303
30000	0.2	20	0.261436	259.221802
30000	0.2	19	0.244269	198.334503
30000	0.2	21	0.259998	210.141235
30000	0.2	23	0.230435	175.059296
30000	0.2	23	0.249981	206.752228

