1000	0.2	18	0.003049	1.194092
1000	0.2	18	0.002937	1.165253
1000	0.2	17	0.003242	1.197357
1000	0.2	16	0.003003	1.123596
1000	0.2	17	0.003072	1.244507
1000	0.2	16	0.003020	1.180359
1000	0.2	18	0.003024	1.132538
1000	0.2	16	0.002966	1.185089
1000	0.2	16	0.002920	1.154388
1000	0.2	16	0.003010	1.104492
1000	0.2	17	0.007616	1.169159
1000	0.2	17	0.005406	1.179688
1000	0.2	17	0.003110	1.170349
1000	0.2	17	0.010232	1.175262
1000	0.2	17	0.007439	1.211487
1000	0.2	15	0.004957	1.130829
1000	0.2	17	0.005013	1.086334
1000	0.2	18	0.004648	1.230072
1000	0.2	17	0.003109	1.179199
1000	0.2	18	0.003122	1.185608
1000	0.2	17	0.002913	1.148010
1000	0.2	19	0.003078	1.197144
1000	0.2	16	0.003031	1.140930
1000	0.2	17	0.002985	1.165436
1000	0.2	17	0.003177	1.147125
1000	0.2	18	0.003008	1.221985
1000	0.2	17	0.003022	1.200012
1000	0.2	17	0.003014	1.155823
1000	0.2	17	0.003064	1.217224
1000	0.2	17	0.003071	1.185791

2000	0.2	17	0.006211	2.276398
2000	0.2	17	0.006116	2.259705
2000	0.2	16	0.005983	2.323395
2000	0.2	17	0.006193	2.327667
2000	0.2	17	0.005930	2.248688
2000	0.2	18	0.007221	2.287048
2000	0.2	19	0.006220	2.335907
2000	0.2	16	0.006098	2.251007
2000	0.2	17	0.006063	2.302277
2000	0.2	18	0.006130	2.236298
2000	0.2	18	0.006254	2.315521
2000	0.2	15	0.006213	2.287811
2000	0.2	18	0.006175	2.314087
2000	0.2	17	0.006283	2.382202
2000	0.2	17	0.006346	2.423767
2000	0.2	18	0.006225	2.260254
2000	0.2	17	0.008114	2.301819
2000	0.2	17	0.006326	2.256683
2000	0.2	16	0.006315	2.291443
2000	0.2	17	0.006270	2.334930
2000	0.2	17	0.006030	2.324158
2000	0.2	19	0.006101	2.331848
2000	0.2	17	0.006093	2.192078
2000	0.2	16	0.006104	2.229614
2000	0.2	18	0.006080	2.236694
2000	0.2	17	0.006211	2.399231
2000	0.2	15	0.006202	2.291077
2000	0.2	16	0.006080	2.266632
2000	0.2	16	0.006105	2.300415
2000	0.2	17	0.006187	2.333740

3000	0.2	17	0.009710	3.525116
3000	0.2	17	0.009550	3.438324
3000	0.2	17	0.013944	3.541321
3000	0.2	18	0.009482	3.425476
3000	0.2	18	0.009834	3.330780
3000	0.2	18	0.008971	3.382843
3000	0.2	19	0.014359	3.423889
3000	0.2	16	0.010138	3.464966
3000	0.2	17	0.010155	3.446320
3000	0.2	17	0.009996	3.393616
3000	0.2	17	0.009899	3.315002
3000	0.2	17	0.014281	3.369324
3000	0.2	18	0.010010	3.417511
3000	0.2	17	0.009994	3.410645
3000	0.2	17	0.009746	3.395966
3000	0.2	17	0.009945	3.383087
3000	0.2	18	0.010145	3.494293
3000	0.2	18	0.009975	3.386322
3000	0.2	17	0.009588	3.382385
3000	0.2	17	0.010167	3.519104
3000	0.2	17	0.010050	3.482391
3000	0.2	17	0.017526	3.315979
3000	0.2	18	0.009557	3.348297
3000	0.2	18	0.009023	3.396912
3000	0.2	17	0.009652	3.425415
3000	0.2	18	0.009541	3.429291
3000	0.2	18	0.009410	3.263824
3000	0.2	18	0.009280	3.375031
3000	0.2	18	0.009566	3.439850
3000	0.2	17	0.009493	3.363617

4000	0.2	18	0.012854	4.506927
4000	0.2	17	0.013089	4.688507
4000	0.2	18	0.023877	4.470245
4000	0.2	15	0.013203	4.504181
4000	0.2	18	0.012998	4.622375
4000	0.2	19	0.012787	4.564087
4000	0.2	16	0.023774	4.606750
4000	0.2	16	0.012754	4.513306
4000	0.2	17	0.012499	4.525726
4000	0.2	19	0.012429	4.575653
4000	0.2	19	0.012968	4.618927
4000	0.2	18	0.012685	4.606689
4000	0.2	15	0.012523	4.604553
4000	0.2	18	0.020286	4.658051
4000	0.2	16	0.012825	4.540100
4000	0.2	18	0.013003	4.605896
4000	0.2	16	0.012918	4.592133
4000	0.2	19	0.012710	4.633759
4000	0.2	18	0.012637	4.536224
4000	0.2	17	0.013038	4.578888
4000	0.2	18	0.012842	4.623810
4000	0.2	17	0.012751	4.483917
4000	0.2	18	0.024206	4.684235
4000	0.2	18	0.012604	4.605927
4000	0.2	17	0.012502	4.546814
4000	0.2	18	0.012959	4.713928
4000	0.2	17	0.012932	4.560699
4000	0.2	17	0.021346	4.615356
4000	0.2	18	0.012807	4.711182
4000	0.2	18	0.012801	4.670685

5000	0.2	17	0.016978	5.948151
5000	0.2	18	0.016612	5.997253
5000	0.2	17	0.017001	5.902679
5000	0.2	17	0.051835	5.857941
5000	0.2	19	0.024671	5.894714
5000	0.2	17	0.045913	5.921600
5000	0.2	19	0.021509	5.825989
5000	0.2	17	0.016922	5.903046
5000	0.2	17	0.016635	5.896606
5000	0.2	20	0.017321	5.863220
5000	0.2	20	0.016516	5.907013
5000	0.2	17	0.016723	5.970642
5000	0.2	17	0.028856	5.909943
5000	0.2	18	0.016360	5.877960
5000	0.2	18	0.029249	5.995544
5000	0.2	18	0.050074	6.022034
5000	0.2	18	0.025619	5.877472
5000	0.2	16	0.024752	5.786774
5000	0.2	17	0.016203	5.899841
5000	0.2	16	0.016630	5.905060
5000	0.2	18	0.016474	6.107788
5000	0.2	16	0.016405	5.947266
5000	0.2	19	0.016119	5.845673
5000	0.2	19	0.035329	5.888000
5000	0.2	17	0.032669	6.010071
5000	0.2	17	0.016351	5.866821
5000	0.2	16	0.016075	5.695923
5000	0.2	18	0.016582	5.819366
5000	0.2	16	0.018342	5.859711
5000	0.2	19	0.016237	5.924652

6000	0.2	17	0.020588	7.418152
6000	0.2	18	0.020249	7.351257
6000	0.2	19	0.020624	7.503235
6000	0.2	19	0.020254	7.189636
6000	0.2	18	0.021488	7.445953
6000	0.2	16	0.020798	7.490753
6000	0.2	18	0.028673	7.449585
6000	0.2	18	0.020597	7.401611
6000	0.2	19	0.019871	7.182678
6000	0.2	17	0.020232	7.405151
6000	0.2	20	0.020013	7.333740
6000	0.2	19	0.028453	7.459106
6000	0.2	19	0.020782	7.328339
6000	0.2	18	0.020077	7.382080
6000	0.2	18	0.020274	7.323029
6000	0.2	17	0.020293	7.465027
6000	0.2	17	0.036806	7.395599
6000	0.2	17	0.020629	7.350250
6000	0.2	19	0.020241	7.436768
6000	0.2	17	0.020615	7.479767
6000	0.2	20	0.020737	7.475372
6000	0.2	18	0.020244	7.366669
6000	0.2	17	0.020387	7.185547
6000	0.2	17	0.020459	7.416870
6000	0.2	19	0.020663	7.273346
6000	0.2	18	0.020254	7.332428
6000	0.2	18	0.020400	7.393921
6000	0.2	17	0.020009	7.412476
6000	0.2	17	0.020137	7.385101
6000	0.2	17	0.019996	7.313904

7000	0.2	18	0.024576	9.093964
7000	0.2	17	0.024517	8.917969
7000	0.2	17	0.024273	9.034363
7000	0.2	19	0.024112	8.860504
7000	0.2	19	0.024521	8.980804
7000	0.2	19	0.034265	9.171844
7000	0.2	19	0.024750	8.954224
7000	0.2	17	0.039566	8.905029
7000	0.2	17	0.024478	9.167511
7000	0.2	16	0.023981	8.953064
7000	0.2	18	0.024583	9.065491
7000	0.2	18	0.024648	8.973267
7000	0.2	20	0.024642	8.965942
7000	0.2	17	0.024998	9.091217
7000	0.2	17	0.024479	8.899567
7000	0.2	17	0.024445	8.940399
7000	0.2	16	0.024632	8.987701
7000	0.2	18	0.024307	8.859283
7000	0.2	18	0.024438	8.991608
7000	0.2	20	0.024567	9.021301
7000	0.2	19	0.046939	8.981750
7000	0.2	18	0.024303	8.947754
7000	0.2	18	0.024731	9.108521
7000	0.2	18	0.024570	8.935333
7000	0.2	18	0.024498	8.871552
7000	0.2	17	0.038308	8.930817
7000	0.2	17	0.041498	8.964478
7000	0.2	17	0.024993	9.142761
7000	0.2	18	0.024464	8.984741
7000	0.2	19	0.024764	9.023346

8000	0.2	20	0.029162	10.789032
8000	0.2	16	0.029019	10.972595
8000	0.2	18	0.028747	10.648315
8000	0.2	18	0.029432	10.795013
8000	0.2	15	0.030081	10.931091
8000	0.2	17	0.029061	10.634857
8000	0.2	18	0.029113	10.808472
8000	0.2	19	0.051523	10.826874
8000	0.2	19	0.028691	10.712524
8000	0.2	16	0.028857	10.794403
8000	0.2	18	0.029048	10.655884
8000	0.2	19	0.028708	10.680634
8000	0.2	19	0.029115	10.617767
8000	0.2	18	0.033444	10.821136
8000	0.2	17	0.028484	10.613281
8000	0.2	18	0.028636	10.766846
8000	0.2	18	0.029075	10.950623
8000	0.2	16	0.028702	10.799255
8000	0.2	19	0.028481	10.697113
8000	0.2	18	0.029294	10.691284
8000	0.2	18	0.028746	10.661865
8000	0.2	18	0.030686	10.767609
8000	0.2	17	0.029690	10.865570
8000	0.2	21	0.028861	10.902771
8000	0.2	17	0.029213	10.898895
8000	0.2	19	0.029183	10.846771
8000	0.2	17	0.028893	10.741150
8000	0.2	17	0.028964	10.709229
8000	0.2	17	0.029399	10.781006
8000	0.2	18	0.029239	10.749298

9000	0.2	20	0.033644	12.626862
9000	0.2	17	0.033368	12.570160
9000	0.2	20	0.033762	12.720734
9000	0.2	16	0.035031	12.691345
9000	0.2	18	0.038471	12.761963
9000	0.2	19	0.038658	12.685486
9000	0.2	20	0.033484	12.697784
9000	0.2	17	0.035695	12.790100
9000	0.2	18	0.033788	12.739349
9000	0.2	18	0.033760	12.681030
9000	0.2	17	0.033312	12.717041
9000	0.2	20	0.034056	12.696228
9000	0.2	16	0.033775	12.688202
9000	0.2	17	0.035393	12.647705
9000	0.2	19	0.033960	12.944641
9000	0.2	19	0.036127	12.705261
9000	0.2	18	0.036458	12.830780
9000	0.2	17	0.037271	12.698608
9000	0.2	17	0.035876	12.658203
9000	0.2	18	0.036790	12.691772
9000	0.2	17	0.034030	12.545410
9000	0.2	18	0.033262	12.739563
9000	0.2	18	0.033940	12.829926
9000	0.2	17	0.041389	12.745697
9000	0.2	19	0.085311	12.573944
9000	0.2	20	0.033917	12.748566
9000	0.2	18	0.033863	12.779633
9000	0.2	19	0.033594	12.659241
9000	0.2	19	0.033999	12.740662
9000	0.2	17	0.033822	12.728729

10000	0.2	18	0.038566	14.935211
10000	0.2	20	0.039313	14.930634
10000	0.2	19	0.038987	14.694672
10000	0.2	18	0.039390	14.964142
10000	0.2	18	0.038520	14.851074
10000	0.2	20	0.038983	14.801666
10000	0.2	17	0.038822	14.741272
10000	0.2	19	0.038106	14.707916
10000	0.2	19	0.038635	14.942596
10000	0.2	20	0.038771	14.672729
10000	0.2	16	0.038701	14.821503
10000	0.2	18	0.038395	14.782562
10000	0.2	16	0.038751	14.946350
10000	0.2	19	0.039224	15.026154
10000	0.2	17	0.038872	14.809113
10000	0.2	19	0.039062	14.985077
10000	0.2	17	0.038984	14.849854
10000	0.2	16	0.039098	14.810364
10000	0.2	18	0.038833	14.868561
10000	0.2	17	0.038709	14.848236
10000	0.2	19	0.039555	14.986847
10000	0.2	17	0.039409	14.963654
10000	0.2	21	0.038775	14.841034
10000	0.2	16	0.038467	14.853546
10000	0.2	17	0.038775	14.900085
10000	0.2	18	0.039420	14.920380
10000	0.2	18	0.038796	14.880310
10000	0.2	18	0.038534	14.886139
10000	0.2	17	0.039246	14.889099
10000	0.2	17	0.039138	14.795197

11000	0.2	18	0.043674	17.041565
11000	0.2	16	0.044160	17.126862
11000	0.2	18	0.044089	17.207184
11000	0.2	18	0.071778	17.394775
11000	0.2	17	0.044076	17.203400
11000	0.2	19	0.043466	17.231720
11000	0.2	18	0.044910	17.312592
11000	0.2	19	0.044180	17.185028
11000	0.2	18	0.046023	17.386749
11000	0.2	16	0.065875	17.019043
11000	0.2	18	0.043549	17.093597
11000	0.2	17	0.044138	17.259705
11000	0.2	19	0.044119	17.109955
11000	0.2	18	0.044003	17.270294
11000	0.2	18	0.043981	17.137909
11000	0.2	16	0.044205	17.191681
11000	0.2	20	0.044192	17.272858
11000	0.2	18	0.043982	17.023651
11000	0.2	19	0.043750	17.390411
11000	0.2	17	0.044192	17.197937
11000	0.2	17	0.043305	17.100464
11000	0.2	18	0.043909	17.178009
11000	0.2	18	0.043826	17.192261
11000	0.2	18	0.045791	17.317139
11000	0.2	17	0.045180	17.228271
11000	0.2	18	0.045063	17.184082
11000	0.2	18	0.043822	16.958923
11000	0.2	20	0.043623	17.182098
11000	0.2	17	0.043770	17.226318
11000	0.2	17	0.046291	17.094818

12000	0.2	17	0.048970	19.663269
12000	0.2	19	0.049249	19.805664
12000	0.2	16	0.049273	19.705414
12000	0.2	17	0.050640	19.611542
12000	0.2	16	0.050807	19.923492
12000	0.2	19	0.049539	19.818054
12000	0.2	17	0.049572	19.699127
12000	0.2	18	0.049024	19.554077
12000	0.2	17	0.049929	19.696472
12000	0.2	17	0.049634	19.725311
12000	0.2	17	0.049239	19.483063
12000	0.2	20	0.049806	19.773163
12000	0.2	18	0.050527	19.620117
12000	0.2	18	0.049669	19.776855
12000	0.2	20	0.051425	19.538147
12000	0.2	17	0.050921	19.627441
12000	0.2	18	0.048793	19.548340
12000	0.2	16	0.049975	19.761292
12000	0.2	18	0.050338	19.637390
12000	0.2	17	0.049339	19.706238
12000	0.2	17	0.049470	19.616699
12000	0.2	17	0.051390	19.777893
12000	0.2	18	0.075067	19.479645
12000	0.2	18	0.050802	19.668671
12000	0.2	17	0.050242	19.672394
12000	0.2	18	0.049643	19.684570
12000	0.2	19	0.089115	19.805511
12000	0.2	17	0.049346	19.774933
12000	0.2	17	0.050338	19.662720
12000	0.2	19	0.050324	19.743713

13000	0.2	17	0.055108	22.273010
13000	0.2	17	0.054985	22.191284
13000	0.2	18	0.055452	22.390869
13000	0.2	18	0.054562	22.338959
13000	0.2	18	0.056279	22.381744
13000	0.2	19	0.055108	22.322723
13000	0.2	17	0.056859	22.530975
13000	0.2	20	0.054753	22.395325
13000	0.2	19	0.057601	22.327942
13000	0.2	16	0.056088	22.451569
13000	0.2	18	0.055924	22.500641
13000	0.2	18	0.057300	22.391815
13000	0.2	18	0.056254	22.162994
13000	0.2	17	0.054979	22.297424
13000	0.2	18	0.054689	22.374023
13000	0.2	16	0.055129	22.355042
13000	0.2	18	0.054962	22.259460
13000	0.2	18	0.056235	22.475739
13000	0.2	18	0.055371	22.446503
13000	0.2	18	0.054872	22.209656
13000	0.2	19	0.054835	22.491974
13000	0.2	17	0.054911	22.233276
13000	0.2	17	0.063125	22.367371
13000	0.2	18	0.055112	22.564606
13000	0.2	16	0.055865	22.471344
13000	0.2	19	0.056292	22.433167
13000	0.2	17	0.072462	22.427063
13000	0.2	17	0.054812	22.234009
13000	0.2	18	0.055531	22.495636
13000	0.2	17	0.055433	22.406952

14000	0.2	19	0.088734	25.329102
14000	0.2	18	0.060469	25.147461
14000	0.2	17	0.061315	25.292358
14000	0.2	19	0.088343	25.195282
14000	0.2	18	0.062760	25.197784
14000	0.2	16	0.094806	25.157074
14000	0.2	17	0.061166	25.396484
14000	0.2	17	0.063530	25.337128
14000	0.2	19	0.064588	25.230042
14000	0.2	17	0.064549	25.268677
14000	0.2	18	0.061149	25.282135
14000	0.2	18	0.060350	25.030670
14000	0.2	18	0.061061	25.192139
14000	0.2	17	0.062145	25.158661
14000	0.2	20	0.060826	25.210663
14000	0.2	19	0.061028	25.285370
14000	0.2	17	0.061102	25.170868
14000	0.2	18	0.062106	25.154327
14000	0.2	17	0.062520	25.319092
14000	0.2	17	0.061385	25.304352
14000	0.2	18	0.079694	25.347198
14000	0.2	19	0.062230	25.185913
14000	0.2	16	0.060419	25.238647
14000	0.2	19	0.060906	25.296539
14000	0.2	17	0.062293	25.264374
14000	0.2	18	0.060709	25.126648
14000	0.2	19	0.061130	25.264648
14000	0.2	20	0.060993	25.280487
14000	0.2	19	0.061148	25.292023
14000	0.2	17	0.061522	25.325684

15000	0.2	18	0.069330	28.508698
15000	0.2	19	0.067800	28.233734
15000	0.2	19	0.068174	28.271912
15000	0.2	17	0.068398	28.395081
15000	0.2	17	0.067147	28.319366
15000	0.2	17	0.067346	28.202606
15000	0.2	18	0.066953	28.292328
15000	0.2	18	0.066804	28.221802
15000	0.2	19	0.067289	28.239349
15000	0.2	19	0.067708	28.291107
15000	0.2	17	0.067132	28.153229
15000	0.2	18	0.068047	28.479462
15000	0.2	19	0.068242	28.225891
15000	0.2	19	0.068380	28.119293
15000	0.2	18	0.069266	28.341034
15000	0.2	17	0.067192	28.265198
15000	0.2	17	0.134925	28.431335
15000	0.2	18	0.069601	28.209991
15000	0.2	16	0.068113	28.345673
15000	0.2	17	0.068427	28.449036
15000	0.2	17	0.067145	28.348816
15000	0.2	19	0.066932	28.244781
15000	0.2	19	0.067144	28.256042
15000	0.2	17	0.069883	28.416290
15000	0.2	18	0.068791	28.278687
15000	0.2	19	0.068328	28.352936
15000	0.2	18	0.067056	28.202911
15000	0.2	18	0.066391	28.154297
15000	0.2	17	0.068395	28.273132
15000	0.2	18	0.067681	28.514862

16000	0.2	18	0.075151	31.736694
16000	0.2	20	0.074732	31.526093
16000	0.2	18	0.075568	31.584045
16000	0.2	17	0.074452	31.547119
16000	0.2	19	0.073444	31.533569
16000	0.2	19	0.074372	31.541504
16000	0.2	19	0.074468	31.536011
16000	0.2	18	0.101096	31.490021
16000	0.2	18	0.073185	31.585022
16000	0.2	19	0.073779	31.514801
16000	0.2	17	0.073335	31.526672
16000	0.2	19	0.073323	31.496796
16000	0.2	18	0.074062	31.496826
16000	0.2	18	0.073260	31.559235
16000	0.2	18	0.073616	31.697906
16000	0.2	17	0.073785	31.573425
16000	0.2	18	0.073500	31.368744
16000	0.2	18	0.075323	31.554871
16000	0.2	19	0.086894	31.512238
16000	0.2	18	0.074665	31.665436
16000	0.2	17	0.073652	31.624390
16000	0.2	20	0.073353	31.426178
16000	0.2	19	0.074189	31.712891
16000	0.2	18	0.133424	31.502289
16000	0.2	17	0.140384	31.480652
16000	0.2	20	0.073411	31.525970
16000	0.2	21	0.088064	31.771301
16000	0.2	18	0.073980	31.640961
16000	0.2	18	0.094903	31.620514
16000	0.2	16	0.074040	31.847900

17000	0.2	16	0.081924	35.036438
17000	0.2	18	0.080224	35.008667
17000	0.2	18	0.079651	34.898163
17000	0.2	18	0.079977	34.942871
17000	0.2	16	0.080410	35.220673
17000	0.2	18	0.079561	35.067627
17000	0.2	18	0.080764	35.187561
17000	0.2	18	0.082174	34.903717
17000	0.2	16	0.081925	35.029633
17000	0.2	17	0.081011	34.967163
17000	0.2	19	0.082760	35.273102
17000	0.2	18	0.080133	34.838623
17000	0.2	18	0.080361	35.197418
17000	0.2	18	0.079842	34.837555
17000	0.2	19	0.081087	34.938812
17000	0.2	17	0.080456	34.932007
17000	0.2	18	0.080923	35.029236
17000	0.2	20	0.081077	35.055847
17000	0.2	21	0.080882	35.118500
17000	0.2	17	0.079660	34.828888
17000	0.2	17	0.080692	35.088226
17000	0.2	18	0.082222	34.986786
17000	0.2	18	0.080022	34.931854
17000	0.2	19	0.080342	35.221222
17000	0.2	16	0.139923	35.216370
17000	0.2	15	0.082206	34.941986
17000	0.2	18	0.080592	34.931000
17000	0.2	19	0.081042	35.182159
17000	0.2	19	0.080526	35.196198
17000	0.2	16	0.082939	35.211731

18000	0.2	17	0.113604	38.586792
18000	0.2	20	0.087292	38.651001
18000	0.2	19	0.088724	38.651764
18000	0.2	17	0.087726	38.719238
18000	0.2	18	0.088884	38.813568
18000	0.2	18	0.088252	38.758972
18000	0.2	18	0.086653	38.483154
18000	0.2	18	0.087671	38.627930
18000	0.2	20	0.089073	38.672028
18000	0.2	17	0.087156	38.733612
18000	0.2	18	0.087274	38.817230
18000	0.2	18	0.087467	38.668121
18000	0.2	17	0.086585	38.604095
18000	0.2	17	0.087640	38.710938
18000	0.2	17	0.086668	38.562531
18000	0.2	19	0.087013	38.627960
18000	0.2	20	0.090425	38.712585
18000	0.2	18	0.105825	38.722992
18000	0.2	17	0.087746	38.751312
18000	0.2	17	0.086835	38.679901
18000	0.2	20	0.120535	38.568146
18000	0.2	17	0.087840	38.682800
18000	0.2	19	0.089784	38.791656
18000	0.2	18	0.086563	38.637848
18000	0.2	18	0.086647	38.704071
18000	0.2	20	0.119092	38.870056
18000	0.2	20	0.088487	38.620850
18000	0.2	18	0.087177	38.588959
18000	0.2	17	0.087502	38.499908
18000	0.2	16	0.087549	38.662292

19000	0.2	18	0.093944	42.508301
19000	0.2	18	0.094318	42.427643
19000	0.2	18	0.093347	42.351044
19000	0.2	18	0.093928	42.280731
19000	0.2	18	0.161403	42.600769
19000	0.2	17	0.095209	42.566528
19000	0.2	19	0.095081	42.467834
19000	0.2	18	0.094545	42.421265
19000	0.2	19	0.158638	42.543732
19000	0.2	18	0.095371	42.340881
19000	0.2	18	0.093800	42.232544
19000	0.2	20	0.096171	42.334930
19000	0.2	18	0.094327	42.541138
19000	0.2	18	0.094101	42.572510
19000	0.2	17	0.093937	42.517242
19000	0.2	18	0.094459	42.472321
19000	0.2	19	0.127526	42.593018
19000	0.2	17	0.094627	42.484833
19000	0.2	18	0.094639	42.422180
19000	0.2	18	0.094516	42.456970
19000	0.2	18	0.095061	42.588806
19000	0.2	18	0.096543	42.487915
19000	0.2	17	0.094608	42.689606
19000	0.2	16	0.095012	42.554962
19000	0.2	19	0.094743	42.578613
19000	0.2	18	0.095301	42.432678
19000	0.2	19	0.094738	42.502991
19000	0.2	18	0.093553	42.489746
19000	0.2	17	0.094433	42.785950
19000	0.2	19	0.094528	42.787537

20000	0.2	16	0.101323	46.615356
20000	0.2	18	0.140895	46.419037
20000	0.2	18	0.101443	46.569458
20000	0.2	17	0.168645	46.646545
20000	0.2	20	0.101362	46.490814
20000	0.2	20	0.103091	46.534973
20000	0.2	18	0.155870	46.775970
20000	0.2	19	0.102310	46.508759
20000	0.2	18	0.101898	46.708130
20000	0.2	16	0.102491	46.682190
20000	0.2	19	0.103960	46.624756
20000	0.2	17	0.101794	46.536957
20000	0.2	18	0.143618	46.698975
20000	0.2	20	0.101905	46.506439
20000	0.2	17	0.101638	46.277161
20000	0.2	18	0.101377	46.571472
20000	0.2	20	0.134736	46.544586
20000	0.2	20	0.101822	46.451050
20000	0.2	21	0.102926	46.411102
20000	0.2	19	0.100886	46.385956
20000	0.2	18	0.102925	46.674927
20000	0.2	19	0.103435	46.522827
20000	0.2	18	0.101770	46.654999
20000	0.2	21	0.101211	46.500000
20000	0.2	19	0.130318	46.593140
20000	0.2	19	0.101922	46.640137
20000	0.2	17	0.100802	46.448700
20000	0.2	18	0.149171	46.673401
20000	0.2	16	0.103635	46.626617
20000	0.2	18	0.149517	46.654175

21000	0.2	17	0.110243	50.835358
21000	0.2	19	0.108955	50.724487
21000	0.2	19	0.110211	50.881836
21000	0.2	18	0.108459	50.641541
21000	0.2	18	0.145438	50.808807
21000	0.2	18	0.111726	50.966064
21000	0.2	20	0.110394	50.756226
21000	0.2	18	0.176349	50.853943
21000	0.2	18	0.110890	50.932770
21000	0.2	18	0.112093	50.828094
21000	0.2	17	0.110581	50.646240
21000	0.2	16	0.109411	50.981873
21000	0.2	18	0.109751	50.655457
21000	0.2	17	0.108471	50.786957
21000	0.2	20	0.108918	50.663971
21000	0.2	16	0.109676	50.810181
21000	0.2	18	0.108584	50.649231
21000	0.2	17	0.108555	50.813629
21000	0.2	17	0.112802	51.038696
21000	0.2	18	0.108746	50.709259
21000	0.2	18	0.109596	50.800354
21000	0.2	21	0.111111	50.962402
21000	0.2	19	0.108683	50.745789
21000	0.2	18	0.110316	50.855377
21000	0.2	18	0.109035	50.929596
21000	0.2	19	0.108406	50.796051
21000	0.2	18	0.175956	50.711945
21000	0.2	16	0.110400	50.914093
21000	0.2	17	0.110498	50.643005
21000	0.2	17	0.110496	51.062805

22000	0.2	17	0.156144	55.018951
22000	0.2	20	0.117083	55.254944
22000	0.2	18	0.184998	55.398285
22000	0.2	17	0.117677	55.243225
22000	0.2	19	0.117765	55.521179
22000	0.2	17	0.116438	55.190796
22000	0.2	19	0.117135	55.092407
22000	0.2	17	0.117588	55.264587
22000	0.2	19	0.117087	55.028931
22000	0.2	18	0.119909	55.111847
22000	0.2	19	0.116670	55.215790
22000	0.2	19	0.117781	55.267731
22000	0.2	17	0.118099	55.137604
22000	0.2	17	0.118381	55.408569
22000	0.2	18	0.157071	55.458527
22000	0.2	18	0.116853	55.288605
22000	0.2	18	0.116165	54.993561
22000	0.2	17	0.118194	55.462952
22000	0.2	18	0.117192	55.265442
22000	0.2	17	0.119655	55.247559
22000	0.2	19	0.117346	55.520447
22000	0.2	18	0.185753	55.282013
22000	0.2	17	0.120469	55.021576
22000	0.2	17	0.117374	55.373260
22000	0.2	16	0.119102	55.464935
22000	0.2	18	0.116647	55.072784
22000	0.2	18	0.142040	55.408722
22000	0.2	18	0.118007	55.155151
22000	0.2	17	0.156224	55.362427
22000	0.2	20	0.116792	55.413696

23000	0.2	18	0.125090	59.818481
23000	0.2	18	0.125569	60.018250
23000	0.2	17	0.124334	59.785583
23000	0.2	20	0.124913	59.742157
23000	0.2	16	0.191988	59.982422
23000	0.2	16	0.191443	60.071472
23000	0.2	18	0.126767	59.838837
23000	0.2	16	0.125144	59.777649
23000	0.2	20	0.125387	60.026245
23000	0.2	20	0.126240	59.885895
23000	0.2	19	0.185194	59.892426
23000	0.2	20	0.126091	60.059967
23000	0.2	17	0.127010	59.951813
23000	0.2	18	0.126483	59.812469
23000	0.2	17	0.124310	59.508667
23000	0.2	16	0.126100	60.058960
23000	0.2	18	0.126146	59.940155
23000	0.2	18	0.124661	59.878204
23000	0.2	17	0.125011	59.903290
23000	0.2	20	0.127766	59.980164
23000	0.2	18	0.125468	59.762390
23000	0.2	17	0.125656	59.738464
23000	0.2	18	0.129124	59.974365
23000	0.2	17	0.124195	59.834656
23000	0.2	19	0.125545	59.516266
23000	0.2	18	0.125904	59.679230
23000	0.2	17	0.126146	59.712311
23000	0.2	16	0.125874	60.089355
23000	0.2	18	0.126764	59.835602
23000	0.2	18	0.124710	60.165344

24000	0.2	20	0.133528	64.689850
24000	0.2	18	0.134901	64.851593
24000	0.2	19	0.133160	64.656982
24000	0.2	19	0.133170	64.599609
24000	0.2	17	0.132952	64.482269
24000	0.2	17	0.133088	64.672119
24000	0.2	18	0.134251	64.508728
24000	0.2	17	0.135609	64.614471
24000	0.2	16	0.167989	64.466919
24000	0.2	17	0.135136	64.932007
24000	0.2	20	0.133989	64.511353
24000	0.2	19	0.132632	64.794891
24000	0.2	21	0.133182	64.625214
24000	0.2	19	0.134015	64.728943
24000	0.2	18	0.133951	64.736298
24000	0.2	18	0.134014	64.723938
24000	0.2	19	0.134947	64.491394
24000	0.2	20	0.133803	64.722382
24000	0.2	19	0.132804	64.491211
24000	0.2	18	0.134157	64.483429
24000	0.2	18	0.134040	64.769531
24000	0.2	19	0.134233	64.826660
24000	0.2	20	0.133753	64.532288
24000	0.2	18	0.132983	64.581879
24000	0.2	18	0.132916	64.587219
24000	0.2	18	0.134257	64.830200
24000	0.2	19	0.132803	64.619720
24000	0.2	18	0.133099	64.413635
24000	0.2	17	0.173352	64.590393
24000	0.2	18	0.133181	64.593109

25000	0.2	19	0.141643	69.514679
25000	0.2	18	0.142621	69.853790
25000	0.2	19	0.142046	69.945435
25000	0.2	17	0.142176	69.699280
25000	0.2	19	0.143170	69.729095
25000	0.2	17	0.142961	69.845490
25000	0.2	17	0.141947	69.625061
25000	0.2	20	0.141612	69.769165
25000	0.2	16	0.143669	69.828613
25000	0.2	18	0.141340	69.343750
25000	0.2	15	0.141471	69.679962
25000	0.2	18	0.141857	69.884888
25000	0.2	15	0.140833	69.471710
25000	0.2	18	0.141316	69.483185
25000	0.2	17	0.143657	70.022888
25000	0.2	16	0.192342	69.696198
25000	0.2	19	0.142527	69.873779
25000	0.2	18	0.141689	69.720947
25000	0.2	19	0.141679	69.782532
25000	0.2	17	0.142070	69.757599
25000	0.2	19	0.142067	69.599396
25000	0.2	18	0.143684	69.465637
25000	0.2	16	0.141157	69.766876
25000	0.2	18	0.141059	69.484863
25000	0.2	18	0.180181	69.818420
25000	0.2	17	0.189116	69.884003
25000	0.2	16	0.141595	69.746918
25000	0.2	18	0.141699	69.656769
25000	0.2	17	0.142001	69.743805
25000	0.2	17	0.141601	69.630829

26000	0.2	18	0.151043	74.831329
26000	0.2	18	0.150238	75.094299
26000	0.2	17	0.156147	75.061462
26000	0.2	19	0.169501	74.926666
26000	0.2	16	0.150549	74.957489
26000	0.2	18	0.150496	75.140320
26000	0.2	18	0.150187	74.799011
26000	0.2	18	0.153884	75.040833
26000	0.2	20	0.150729	75.135223
26000	0.2	18	0.150575	75.157562
26000	0.2	18	0.151410	75.018280
26000	0.2	19	0.150077	74.909546
26000	0.2	17	0.150824	74.854370
26000	0.2	19	0.150666	74.897583
26000	0.2	18	0.150954	74.887054
26000	0.2	18	0.190838	74.883087
26000	0.2	18	0.150493	75.043732
26000	0.2	18	0.152227	74.971039
26000	0.2	20	0.174068	74.774719
26000	0.2	19	0.149983	74.582367
26000	0.2	20	0.151378	74.846100
26000	0.2	19	0.186826	75.051788
26000	0.2	18	0.210694	75.107391
26000	0.2	18	0.150888	75.093903
26000	0.2	19	0.187591	75.127838
26000	0.2	17	0.152593	74.973907
26000	0.2	19	0.154357	75.078094
26000	0.2	18	0.151669	75.002228
26000	0.2	18	0.150926	75.120331
26000	0.2	18	0.150488	75.104126

27000	0.2	18	0.229480	80.292358
27000	0.2	19	0.162409	80.650513
27000	0.2	19	0.159337	80.459503
27000	0.2	18	0.159156	80.339417
27000	0.2	19	0.160594	80.465851
27000	0.2	19	0.160335	80.572296
27000	0.2	19	0.160134	80.281342
27000	0.2	17	0.160903	80.367615
27000	0.2	16	0.161108	80.307007
27000	0.2	19	0.160729	80.325348
27000	0.2	17	0.160171	80.465271
27000	0.2	19	0.160653	80.502502
27000	0.2	19	0.159728	80.590332
27000	0.2	17	0.160154	80.326569
27000	0.2	19	0.159363	80.236206
27000	0.2	20	0.160707	80.252441
27000	0.2	17	0.159445	80.407928
27000	0.2	17	0.160684	80.430878
27000	0.2	17	0.160178	80.320892
27000	0.2	17	0.159139	80.298462
27000	0.2	20	0.159797	80.532074
27000	0.2	18	0.159580	80.433594
27000	0.2	19	0.159540	80.351868
27000	0.2	19	0.160785	80.223053
27000	0.2	18	0.159715	80.415771
27000	0.2	18	0.159693	80.169434
27000	0.2	19	0.189473	80.620270
27000	0.2	17	0.160376	80.363708
27000	0.2	18	0.160755	80.243042
27000	0.2	20	0.159081	80.372101

28000	0.2	17	0.169776	86.332489
28000	0.2	19	0.170556	85.884399
28000	0.2	19	0.168376	85.881866
28000	0.2	17	0.168257	85.821472
28000	0.2	17	0.170083	85.859406
28000	0.2	17	0.169634	85.892242
28000	0.2	18	0.168988	86.041534
28000	0.2	17	0.169023	85.765869
28000	0.2	19	0.169193	86.023376
28000	0.2	18	0.168912	85.742432
28000	0.2	18	0.169829	86.354218
28000	0.2	18	0.203497	86.007660
28000	0.2	19	0.168965	85.993591
28000	0.2	19	0.169142	85.913544
28000	0.2	18	0.234904	85.951538
28000	0.2	18	0.169416	86.140839
28000	0.2	19	0.168576	86.054352
28000	0.2	20	0.168164	85.729767
28000	0.2	17	0.169694	86.148132
28000	0.2	19	0.233856	86.052612
28000	0.2	17	0.170219	85.830811
28000	0.2	19	0.170707	86.011414
28000	0.2	20	0.170412	85.911743
28000	0.2	16	0.169921	85.813782
28000	0.2	18	0.168620	85.941467
28000	0.2	19	0.170409	85.967285
28000	0.2	19	0.168957	86.109894
28000	0.2	18	0.176418	86.020142
28000	0.2	19	0.208527	86.176239
28000	0.2	18	0.170001	85.899078

29000	0.2	17	0.180107	91.962158
29000	0.2	19	0.179620	91.960480
29000	0.2	17	0.180414	91.877747
29000	0.2	17	0.178827	91.953278
29000	0.2	18	0.179931	91.846619
29000	0.2	18	0.179179	92.008118
29000	0.2	19	0.180079	91.703217
29000	0.2	18	0.177804	91.659485
29000	0.2	19	0.181401	91.834717
29000	0.2	18	0.179186	91.678986
29000	0.2	20	0.180965	91.533875
29000	0.2	20	0.179275	91.883972
29000	0.2	19	0.178921	92.024139
29000	0.2	18	0.179479	91.708038
29000	0.2	18	0.178067	91.816772
29000	0.2	18	0.178039	91.696106
29000	0.2	18	0.178086	91.760437
29000	0.2	18	0.178600	91.853546
29000	0.2	21	0.218297	91.843567
29000	0.2	17	0.179837	91.868439
29000	0.2	16	0.178427	91.779297
29000	0.2	18	0.180407	91.770355
29000	0.2	17	0.217933	91.622223
29000	0.2	17	0.182566	91.726685
29000	0.2	18	0.177995	91.804108
29000	0.2	19	0.179290	91.825287
29000	0.2	20	0.179125	91.635010
29000	0.2	17	0.179658	91.909668
29000	0.2	19	0.178885	91.504913
29000	0.2	18	0.178594	91.606323

30000	0.2	17	0.188289	97.830841
30000	0.2	17	0.187828	97.777924
30000	0.2	18	0.188290	97.843292
30000	0.2	17	0.187757	97.649475
30000	0.2	17	0.191588	97.904694
30000	0.2	18	0.188256	97.742340
30000	0.2	18	0.190942	97.865906
30000	0.2	18	0.221890	97.888611
30000	0.2	17	0.192211	98.062225
30000	0.2	17	0.188180	97.993286
30000	0.2	18	0.188408	97.758209
30000	0.2	16	0.188312	97.884399
30000	0.2	19	0.188810	97.814270
30000	0.2	16	0.188024	97.660126
30000	0.2	21	0.259988	97.617004
30000	0.2	17	0.210182	97.906952
30000	0.2	18	0.189648	97.814362
30000	0.2	17	0.192493	98.240570
30000	0.2	17	0.242730	97.823547
30000	0.2	17	0.256544	97.788696
30000	0.2	19	0.188871	97.627472
30000	0.2	19	0.191427	97.876495
30000	0.2	18	0.188571	97.702179
30000	0.2	17	0.245155	97.815369
30000	0.2	20	0.252269	97.944305
30000	0.2	17	0.188103	97.702118
30000	0.2	18	0.190183	97.736847
30000	0.2	18	0.228616	98.124054
30000	0.2	17	0.188394	97.851746
30000	0.2	17	0.189292	97.882568

