1000	0.15	24	0.003225	0.988007
1000	0.15	25	0.003040	0.931885
1000	0.15	29	0.003334	0.990936
1000	0.15	25	0.003045	1.035339
1000	0.15	22	0.002992	0.991058
1000	0.15	21	0.002888	0.964294
1000	0.15	27	0.003010	0.933258
1000	0.15	25	0.004842	0.986694
1000	0.15	22	0.005068	0.940399
1000	0.15	27	0.002844	0.903992
1000	0.15	22	0.003057	1.013763
1000	0.15	27	0.003594	0.905853
1000	0.15	25	0.009790	0.971283
1000	0.15	20	0.006560	1.056061
1000	0.15	17	0.003053	1.057465
1000	0.15	22	0.002931	0.956207
1000	0.15	26	0.011249	0.945404
1000	0.15	23	0.003106	0.978241
1000	0.15	23	0.003241	0.953735
1000	0.15	25	0.010364	0.980743
1000	0.15	24	0.002896	0.908936
1000	0.15	28	0.005597	1.070953
1000	0.15	23	0.003160	1.075714
1000	0.15	22	0.002995	1.083435
1000	0.15	21	0.002999	1.022583
1000	0.15	23	0.003092	1.027069
1000	0.15	23	0.002933	0.991760
1000	0.15	25	0.002980	0.946716
1000	0.15	24	0.003039	0.994690
1000	0.15	23	0.005542	0.927155

2000	0.15	25	0.006551	2.278412
2000	0.15	28	0.012380	2.284637
2000	0.15	30	0.006802	2.222107
2000	0.15	28	0.006616	2.252960
2000	0.15	32	0.006852	2.187561
2000	0.15	27	0.006725	2.275360
2000	0.15	19	0.006257	2.302216
2000	0.15	28	0.007325	2.240540
2000	0.15	23	0.006298	2.324066
2000	0.15	32	0.021056	2.266174
2000	0.15	25	0.010886	2.223999
2000	0.15	28	0.010494	2.239624
2000	0.15	24	0.006546	2.282501
2000	0.15	29	0.006682	2.240143
2000	0.15	24	0.006326	2.313324
2000	0.15	28	0.006432	2.219086
2000	0.15	29	0.006370	2.057587
2000	0.15	26	0.006679	2.278168
2000	0.15	26	0.006268	2.282928
2000	0.15	31	0.006401	2.223602
2000	0.15	29	0.011221	2.169617
2000	0.15	28	0.006245	2.202118
2000	0.15	25	0.012831	2.286652
2000	0.15	25	0.006494	2.263367
2000	0.15	27	0.006296	2.227478
2000	0.15	24	0.006504	2.215393
2000	0.15	25	0.006534	2.105560
2000	0.15	29	0.006382	2.248199
2000	0.15	25	0.006430	2.171326
2000	0.15	29	0.006754	2.176331

3000	0.15	29	0.010960	3.606506
3000	0.15	30	0.010288	3.577271
3000	0.15	32	0.014907	3.641296
3000	0.15	24	0.010778	3.954071
3000	0.15	27	0.010252	3.640686
3000	0.15	30	0.010634	3.587738
3000	0.15	25	0.019678	3.762939
3000	0.15	28	0.011638	3.757599
3000	0.15	29	0.009903	3.447021
3000	0.15	28	0.010612	3.797119
3000	0.15	24	0.010520	3.731476
3000	0.15	21	0.009448	4.202728
3000	0.15	29	0.010362	3.722931
3000	0.15	25	0.010157	3.861053
3000	0.15	24	0.009883	3.799652
3000	0.15	30	0.010147	3.484833
3000	0.15	24	0.010055	3.631165
3000	0.15	28	0.009880	4.022797
3000	0.15	28	0.010277	3.558167
3000	0.15	29	0.010720	3.507568
3000	0.15	28	0.010510	3.624939
3000	0.15	30	0.010849	3.776154
3000	0.15	26	0.010078	3.833862
3000	0.15	31	0.010371	3.514374
3000	0.15	31	0.019559	3.509979
3000	0.15	28	0.020367	3.761932
3000	0.15	30	0.030170	3.642639
3000	0.15	31	0.017356	3.701172
3000	0.15	26	0.010191	3.761871
3000	0.15	30	0.010357	3.715057

4000	0.15	27	0.015072	5.521881
4000	0.15	30	0.024365	5.691376
4000	0.15	22	0.014979	5.806702
4000	0.15	31	0.015181	5.019135
4000	0.15	29	0.014600	5.391388
4000	0.15	30	0.032564	5.136353
4000	0.15	36	0.015072	5.097626
4000	0.15	25	0.013633	5.790558
4000	0.15	31	0.014203	5.214691
4000	0.15	31	0.014738	5.652069
4000	0.15	20	0.015858	6.011078
4000	0.15	31	0.014493	5.305817
4000	0.15	28	0.015160	5.335632
4000	0.15	30	0.014396	5.195862
4000	0.15	28	0.014906	5.542084
4000	0.15	31	0.014691	5.491608
4000	0.15	25	0.013902	5.860596
4000	0.15	32	0.032576	5.067017
4000	0.15	26	0.017871	5.739288
4000	0.15	30	0.015051	5.272614
4000	0.15	27	0.014107	5.650208
4000	0.15	23	0.023218	5.912292
4000	0.15	33	0.014557	5.285675
4000	0.15	28	0.014419	5.365662
4000	0.15	28	0.014025	5.442841
4000	0.15	29	0.014358	5.721161
4000	0.15	25	0.014153	5.194153
4000	0.15	27	0.015241	5.211395
4000	0.15	32	0.013959	5.167877
4000	0.15	29	0.014585	5.037994

5000	0.15	31	0.019193	6.479034
5000	0.15	33	0.019051	6.808136
5000	0.15	34	0.033785	6.949249
5000	0.15	30	0.018421	7.038788
5000	0.15	25	0.018425	7.777039
5000	0.15	28	0.033910	8.073547
5000	0.15	26	0.018156	6.864197
5000	0.15	27	0.019519	7.037384
5000	0.15	32	0.019193	6.792297
5000	0.15	33	0.033228	6.687500
5000	0.15	31	0.018765	6.865875
5000	0.15	31	0.019995	6.629028
5000	0.15	36	0.018951	6.876434
5000	0.15	27	0.019216	7.740784
5000	0.15	34	0.019290	6.745117
5000	0.15	26	0.018299	7.754913
5000	0.15	31	0.026015	6.831268
5000	0.15	29	0.018861	6.814453
5000	0.15	33	0.019009	6.878479
5000	0.15	26	0.034305	7.639435
5000	0.15	35	0.018782	6.665955
5000	0.15	24	0.018410	8.117371
5000	0.15	28	0.018686	7.488159
5000	0.15	30	0.024712	6.831604
5000	0.15	28	0.019143	7.216400
5000	0.15	30	0.018845	6.789825
5000	0.15	32	0.018881	6.823029
5000	0.15	31	0.055045	6.822937
5000	0.15	30	0.031542	6.891174
5000	0.15	23	0.017863	8.043823

6000	0.15	30	0.024961	8.783691
6000	0.15	30	0.024202	9.049225
6000	0.15	26	0.023899	10.597137
6000	0.15	25	0.022731	10.285583
6000	0.15	24	0.023801	10.005768
6000	0.15	31	0.024591	8.793030
6000	0.15	26	0.041951	10.393921
6000	0.15	29	0.023583	8.624481
6000	0.15	27	0.023106	9.850983
6000	0.15	29	0.023838	9.443420
6000	0.15	29	0.022715	10.168213
6000	0.15	33	0.023843	9.157166
6000	0.15	28	0.023063	8.743835
6000	0.15	30	0.023881	9.406525
6000	0.15	31	0.023471	8.960052
6000	0.15	30	0.023209	10.439819
6000	0.15	26	0.023332	10.223785
6000	0.15	32	0.024147	8.522827
6000	0.15	35	0.023615	8.462494
6000	0.15	29	0.023217	9.047272
6000	0.15	26	0.023601	9.942719
6000	0.15	27	0.038056	9.668793
6000	0.15	33	0.059656	8.729797
6000	0.15	27	0.024156	9.517944
6000	0.15	32	0.023863	8.881592
6000	0.15	34	0.023311	8.614838
6000	0.15	31	0.034490	9.140991
6000	0.15	27	0.022976	9.812164
6000	0.15	23	0.064844	11.759857
6000	0.15	36	0.023334	8.813995

7000	0.15	31	0.028041	11.070160
7000	0.15	31	0.028642	10.779327
7000	0.15	22	0.029131	14.986084
7000	0.15	28	0.027970	11.850006
7000	0.15	32	0.029541	11.442505
7000	0.15	32	0.028583	10.197784
7000	0.15	29	0.049517	10.505707
7000	0.15	30	0.028001	11.520660
7000	0.15	27	0.028401	11.823303
7000	0.15	21	0.027676	14.060577
7000	0.15	27	0.030783	11.262482
7000	0.15	26	0.029487	11.960052
7000	0.15	29	0.028561	11.663422
7000	0.15	31	0.027743	10.997406
7000	0.15	31	0.028328	10.779297
7000	0.15	34	0.027902	10.564758
7000	0.15	34	0.040610	10.848877
7000	0.15	35	0.028384	10.086456
7000	0.15	37	0.028971	10.572052
7000	0.15	31	0.029697	11.069794
7000	0.15	25	0.028328	13.001495
7000	0.15	35	0.030173	10.805573
7000	0.15	21	0.027681	13.994965
7000	0.15	29	0.028189	11.889191
7000	0.15	32	0.028710	10.759186
7000	0.15	33	0.029864	10.206177
7000	0.15	31	0.028510	11.389465
7000	0.15	20	0.029072	15.244415
7000	0.15	25	0.029157	12.551483
7000	0.15	30	0.028461	11.469482

8000	0.15	31	0.034251	15.621338
8000	0.15	30	0.032877	13.924133
8000	0.15	32	0.033367	13.518494
8000	0.15	34	0.035064	14.361328
8000	0.15	36	0.033553	13.012451
8000	0.15	29	0.032929	14.564545
8000	0.15	27	0.034031	15.790436
8000	0.15	31	0.033542	13.747528
8000	0.15	29	0.033590	14.726349
8000	0.15	24	0.036735	18.752136
8000	0.15	33	0.035872	13.528625
8000	0.15	32	0.033871	13.413483
8000	0.15	36	0.033226	13.981659
8000	0.15	23	0.035986	20.764130
8000	0.15	38	0.034863	13.426025
8000	0.15	30	0.033634	12.581787
8000	0.15	31	0.035132	13.084869
8000	0.15	29	0.032831	14.046844
8000	0.15	27	0.034350	15.510468
8000	0.15	28	0.035039	13.742950
8000	0.15	24	0.035632	17.379028
8000	0.15	28	0.033396	13.419891
8000	0.15	33	0.034451	12.955170
8000	0.15	32	0.035119	13.243256
8000	0.15	34	0.033249	13.434784
8000	0.15	30	0.034207	16.239075
8000	0.15	32	0.034554	13.666412
8000	0.15	29	0.034501	13.378693
8000	0.15	27	0.033681	13.915924
8000	0.15	25	0.034696	16.463470

9000	0.15	31	0.039483	16.100372
9000	0.15	31	0.047176	16.964905
9000	0.15	24	0.037548	19.487823
9000	0.15	31	0.039110	17.025269
9000	0.15	22	0.039554	24.275635
9000	0.15	35	0.038982	15.411560
9000	0.15	33	0.039303	15.829773
9000	0.15	31	0.039745	16.099579
9000	0.15	31	0.039586	15.293396
9000	0.15	25	0.039502	19.093811
9000	0.15	31	0.038567	15.993042
9000	0.15	28	0.039504	18.707550
9000	0.15	26	0.040406	18.696777
9000	0.15	28	0.039877	18.460846
9000	0.15	33	0.040816	17.477112
9000	0.15	28	0.040036	17.303802
9000	0.15	27	0.039608	19.593811
9000	0.15	33	0.039966	15.127411
9000	0.15	31	0.039584	15.886017
9000	0.15	24	0.040557	23.838959
9000	0.15	33	0.039502	15.730286
9000	0.15	27	0.040057	19.326385
9000	0.15	29	0.040258	18.557129
9000	0.15	27	0.039226	18.741669
9000	0.15	29	0.051074	16.648621
9000	0.15	32	0.039510	21.105652
9000	0.15	29	0.039796	18.079956
9000	0.15	31	0.038783	15.363586
9000	0.15	29	0.043083	19.068207
9000	0.15	28	0.039340	16.727051

10000	0.15	30	0.046101	20.462982
10000	0.15	32	0.044639	17.912506
10000	0.15	32	0.047446	18.472076
10000	0.15	31	0.044598	18.611877
10000	0.15	28	0.048225	22.022583
10000	0.15	31	0.046464	22.642517
10000	0.15	32	0.044431	19.577820
10000	0.15	30	0.045753	19.801361
10000	0.15	26	0.044025	19.622009
10000	0.15	28	0.045376	22.816010
10000	0.15	27	0.047018	20.913300
10000	0.15	31	0.045476	18.114990
10000	0.15	29	0.049551	20.405853
10000	0.15	28	0.045741	18.289398
10000	0.15	29	0.045276	19.917145
10000	0.15	25	0.073204	24.295258
10000	0.15	30	0.045517	24.277405
10000	0.15	29	0.044709	22.455994
10000	0.15	34	0.046400	20.736511
10000	0.15	32	0.047543	18.087860
10000	0.15	30	0.048011	20.155212
10000	0.15	34	0.045133	19.314423
10000	0.15	32	0.045193	20.356232
10000	0.15	29	0.049641	20.664459
10000	0.15	26	0.045987	28.229126
10000	0.15	25	0.046037	22.746033
10000	0.15	27	0.046803	21.191162
10000	0.15	35	0.046037	17.658875
10000	0.15	33	0.045717	19.492371
10000	0.15	23	0.044537	28.862640

11000	0.15	37	0.052488	19.573334
11000	0.15	32	0.051294	24.632721
11000	0.15	30	0.124046	35.049103
11000	0.15	32	0.052157	23.569153
11000	0.15	34	0.052194	21.988678
11000	0.15	24	0.052454	28.148132
11000	0.15	33	0.055132	22.054077
11000	0.15	28	0.052566	26.982758
11000	0.15	34	0.052437	20.567902
11000	0.15	31	0.073290	22.025940
11000	0.15	31	0.051014	23.810730
11000	0.15	31	0.051592	22.393555
11000	0.15	33	0.049616	20.365784
11000	0.15	34	0.050531	21.574402
11000	0.15	34	0.053710	23.981506
11000	0.15	28	0.051932	22.115540
11000	0.15	27	0.049875	27.067444
11000	0.15	29	0.052679	25.712067
11000	0.15	27	0.049908	23.064362
11000	0.15	33	0.052185	20.554474
11000	0.15	26	0.055339	28.268127
11000	0.15	32	0.051858	22.718475
11000	0.15	28	0.050786	25.305084
11000	0.15	32	0.052677	24.049347
11000	0.15	32	0.053102	22.746033
11000	0.15	34	0.052964	20.480316
11000	0.15	29	0.051195	21.395660
11000	0.15	35	0.050562	19.754028
11000	0.15	34	0.053317	24.573273
11000	0.15	26	0.114580	27.402618

12000	0.15	33	0.064966	24.153839
12000	0.15	32	0.057489	27.663452
12000	0.15	30	0.084247	23.212616
12000	0.15	35	0.056944	22.730316
12000	0.15	36	0.059033	23.537384
12000	0.15	32	0.056465	25.961548
12000	0.15	33	0.059226	23.762360
12000	0.15	28	0.056043	30.116638
12000	0.15	29	0.061298	34.301788
12000	0.15	27	0.126495	30.375275
12000	0.15	32	0.058735	26.588287
12000	0.15	29	0.058138	31.038116
12000	0.15	24	0.058782	33.012787
12000	0.15	36	0.059597	24.915649
12000	0.15	32	0.057521	26.007751
12000	0.15	32	0.059950	26.569214
12000	0.15	33	0.058239	24.677612
12000	0.15	29	0.059061	27.854645
12000	0.15	27	0.061769	30.521301
12000	0.15	26	0.059781	28.318542
12000	0.15	31	0.056472	26.299103
12000	0.15	35	0.060249	24.665771
12000	0.15	31	0.057711	29.665466
12000	0.15	19	0.071904	46.901703
12000	0.15	31	0.056590	25.894104
12000	0.15	29	0.062171	34.122253
12000	0.15	27	0.062495	34.172455
12000	0.15	29	0.059820	33.091644
12000	0.15	32	0.071973	27.228302
12000	0.15	30	0.061012	28.797546

13000	0.15	33	0.068019	29.158386
13000	0.15	29	0.065300	30.892487
13000	0.15	34	0.065999	26.594086
13000	0.15	34	0.067418	28.473663
13000	0.15	28	0.080633	29.688965
13000	0.15	25	0.089004	44.980042
13000	0.15	33	0.065093	30.753510
13000	0.15	29	0.064342	29.111053
13000	0.15	26	0.066037	38.804565
13000	0.15	30	0.066530	32.187836
13000	0.15	31	0.064473	32.896759
13000	0.15	28	0.070439	33.229523
13000	0.15	26	0.065465	34.147064
13000	0.15	28	0.063646	34.764496
13000	0.15	30	0.064815	29.331909
13000	0.15	27	0.064466	32.095276
13000	0.15	33	0.133136	36.671356
13000	0.15	28	0.066130	30.345673
13000	0.15	35	0.064251	32.316193
13000	0.15	31	0.067393	30.549561
13000	0.15	33	0.064671	32.237457
13000	0.15	31	0.065571	32.492676
13000	0.15	30	0.063879	36.070618
13000	0.15	30	0.080407	30.641846
13000	0.15	37	0.083081	29.001160
13000	0.15	27	0.137386	39.896057
13000	0.15	32	0.067063	29.486176
13000	0.15	30	0.064626	29.874054
13000	0.15	33	0.065071	30.887482
13000	0.15	35	0.063006	29.764801

14000	0.15	34	0.072734	30.737793
14000	0.15	32	0.069906	31.546051
14000	0.15	26	0.076309	42.229706
14000	0.15	25	0.077947	48.305878
14000	0.15	31	0.070782	36.624420
14000	0.15	26	0.074546	44.861328
14000	0.15	31	0.073020	34.415741
14000	0.15	32	0.071792	31.842346
14000	0.15	31	0.069531	31.553619
14000	0.15	27	0.074294	44.218475
14000	0.15	30	0.072152	33.185638
14000	0.15	33	0.073549	40.951843
14000	0.15	35	0.070533	32.895050
14000	0.15	24	0.094501	54.587738
14000	0.15	36	0.072204	34.985809
14000	0.15	26	0.089974	42.721405
14000	0.15	33	0.138875	36.585693
14000	0.15	30	0.137206	37.276733
14000	0.15	34	0.071197	30.158905
14000	0.15	37	0.071515	28.785278
14000	0.15	31	0.075110	37.621918
14000	0.15	35	0.071158	29.630798
14000	0.15	34	0.074950	36.517395
14000	0.15	37	0.072967	28.048309
14000	0.15	35	0.070774	29.814362
14000	0.15	32	0.072498	32.582703
14000	0.15	30	0.069518	32.097137
14000	0.15	31	0.071280	36.272888
14000	0.15	29	0.072579	32.482880
14000	0.15	29	0.135855	37.490662

15000	0.15	31	0.082638	43.909973
15000	0.15	23	0.078559	57.638702
15000	0.15	34	0.080606	37.499847
15000	0.15	27	0.078982	43.102905
15000	0.15	37	0.079526	37.827240
15000	0.15	33	0.079844	40.536896
15000	0.15	30	0.081657	45.352356
15000	0.15	31	0.077733	37.816162
15000	0.15	36	0.079214	35.767487
15000	0.15	35	0.080916	37.775330
15000	0.15	30	0.082058	46.398193
15000	0.15	35	0.078707	40.141296
15000	0.15	35	0.078983	35.047699
15000	0.15	34	0.080108	38.857971
15000	0.15	31	0.080173	47.468109
15000	0.15	30	0.081413	42.770752
15000	0.15	34	0.125258	39.911682
15000	0.15	30	0.145334	38.215668
15000	0.15	35	0.144239	40.086426
15000	0.15	28	0.077796	42.132568
15000	0.15	27	0.082784	53.567596
15000	0.15	36	0.092425	38.604797
15000	0.15	32	0.086115	44.989563
15000	0.15	27	0.081000	44.124451
15000	0.15	35	0.116589	36.416016
15000	0.15	29	0.146822	38.005707
15000	0.15	34	0.079146	42.543274
15000	0.15	22	0.112368	55.448395
15000	0.15	40	0.147411	35.050232
15000	0.15	33	0.079140	41.010193

16000	0.15	33	0.088850	37.111420
16000	0.15	26	0.113076	56.895782
16000	0.15	29	0.086377	49.602936
16000	0.15	33	0.087442	50.153687
16000	0.15	35	0.084691	43.319672
16000	0.15	30	0.090255	52.096558
16000	0.15	32	0.083747	39.700378
16000	0.15	29	0.088669	41.979156
16000	0.15	34	0.086673	40.546295
16000	0.15	33	0.103391	41.259796
16000	0.15	29	0.152552	48.852875
16000	0.15	37	0.150979	40.619537
16000	0.15	36	0.085523	35.887207
16000	0.15	28	0.084727	48.507874
16000	0.15	38	0.129755	34.104980
16000	0.15	35	0.088574	41.397797
16000	0.15	24	0.098283	60.259949
16000	0.15	28	0.085359	48.287598
16000	0.15	34	0.085101	40.887970
16000	0.15	32	0.132388	43.935272
16000	0.15	30	0.084486	47.327423
16000	0.15	35	0.086246	38.176025
16000	0.15	33	0.085897	42.581573
16000	0.15	27	0.140810	47.611938
16000	0.15	20	0.092373	70.514648
16000	0.15	33	0.086764	44.192566
16000	0.15	29	0.082150	46.012726
16000	0.15	31	0.083767	43.547668
16000	0.15	35	0.153755	41.846619
16000	0.15	32	0.155833	49.872650

17000	0.15	30	0.093571	53.479279
17000	0.15	33	0.158811	43.305725
17000	0.15	29	0.097502	54.507874
17000	0.15	31	0.167720	61.167450
17000	0.15	28	0.153999	46.123047
17000	0.15	30	0.099874	59.278778
17000	0.15	31	0.110499	59.299072
17000	0.15	33	0.157895	47.514709
17000	0.15	38	0.094319	44.610992
17000	0.15	37	0.160393	44.643555
17000	0.15	34	0.149387	52.859222
17000	0.15	39	0.093323	41.409454
17000	0.15	34	0.094130	41.937073
17000	0.15	30	0.160718	47.589172
17000	0.15	25	0.112586	56.186310
17000	0.15	35	0.159937	41.992188
17000	0.15	31	0.150349	49.507233
17000	0.15	32	0.095600	49.203644
17000	0.15	33	0.117686	46.714905
17000	0.15	30	0.094639	43.442383
17000	0.15	33	0.113894	46.651123
17000	0.15	32	0.111049	43.311279
17000	0.15	25	0.117630	58.549561
17000	0.15	28	0.117755	58.267395
17000	0.15	31	0.097217	45.846741
17000	0.15	34	0.116048	45.562988
17000	0.15	30	0.097084	53.187622
17000	0.15	33	0.093140	52.172363
17000	0.15	28	0.094146	62.048370
17000	0.15	33	0.160232	41.872009

18000	0.15	31	0.100790	49.249908
18000	0.15	30	0.168626	66.642883
18000	0.15	34	0.142408	52.853271
18000	0.15	29	0.172038	65.721588
18000	0.15	35	0.158811	53.451477
18000	0.15	32	0.100202	55.772827
18000	0.15	35	0.125460	53.760254
18000	0.15	27	0.107711	70.361969
18000	0.15	28	0.127708	66.135864
18000	0.15	34	0.100313	51.354187
18000	0.15	29	0.174349	65.440826
18000	0.15	35	0.169635	56.460083
18000	0.15	33	0.105938	64.627167
18000	0.15	28	0.118725	61.882812
18000	0.15	34	0.103194	46.541931
18000	0.15	24	0.138216	66.856964
18000	0.15	32	0.123072	44.748627
18000	0.15	33	0.167080	44.120300
18000	0.15	29	0.149748	64.759644
18000	0.15	35	0.161751	53.612244
18000	0.15	25	0.115390	62.093262
18000	0.15	36	0.125287	42.645416
18000	0.15	29	0.115093	67.098450
18000	0.15	33	0.174140	58.039612
18000	0.15	33	0.163894	46.730377
18000	0.15	30	0.106439	68.936493
18000	0.15	32	0.125115	46.765472
18000	0.15	33	0.132255	49.878235
18000	0.15	27	0.176965	60.235565
18000	0.15	30	0.105944	59.892731

19000	0.15	27	0.123862	84.609009
19000	0.15	28	0.133677	65.453247
19000	0.15	32	0.160754	53.151947
19000	0.15	27	0.133645	75.376434
19000	0.15	28	0.177976	69.102478
19000	0.15	27	0.146928	75.636597
19000	0.15	33	0.173290	60.154938
19000	0.15	31	0.112405	52.316406
19000	0.15	31	0.111138	60.242157
19000	0.15	35	0.108814	58.526459
19000	0.15	33	0.177263	60.852509
19000	0.15	34	0.176642	58.971710
19000	0.15	33	0.111184	57.498169
19000	0.15	30	0.145366	66.304443
19000	0.15	37	0.175390	48.760101
19000	0.15	33	0.110470	54.196960
19000	0.15	28	0.111428	66.119415
19000	0.15	26	0.130896	78.869263
19000	0.15	34	0.127411	60.840454
19000	0.15	36	0.109589	53.429291
19000	0.15	31	0.139263	70.158936
19000	0.15	32	0.113585	55.531311
19000	0.15	25	0.150059	77.363190
19000	0.15	35	0.117330	72.922089
19000	0.15	30	0.129745	73.547302
19000	0.15	28	0.153955	58.110107
19000	0.15	32	0.175159	54.465088
19000	0.15	27	0.111220	58.831787
19000	0.15	37	0.137292	57.229919
19000	0.15	31	0.177492	59.558777

20000	0.15	30	0.118558	71.759613
20000	0.15	29	0.191020	69.371918
20000	0.15	31	0.113477	54.868317
20000	0.15	29	0.145639	68.263092
20000	0.15	29	0.141474	73.111298
20000	0.15	34	0.119727	59.696594
20000	0.15	30	0.148186	72.356964
20000	0.15	31	0.138436	71.395782
20000	0.15	33	0.115848	65.352356
20000	0.15	34	0.186373	59.309052
20000	0.15	35	0.178582	50.722504
20000	0.15	35	0.140968	60.174225
20000	0.15	30	0.184718	67.577606
20000	0.15	32	0.189843	71.746277
20000	0.15	29	0.180458	82.351074
20000	0.15	29	0.133824	95.790131
20000	0.15	34	0.133625	61.530792
20000	0.15	29	0.147505	64.831360
20000	0.15	35	0.145232	63.575073
20000	0.15	32	0.186307	59.953247
20000	0.15	34	0.117060	57.571136
20000	0.15	31	0.139191	74.599640
20000	0.15	33	0.125218	79.736877
20000	0.15	36	0.134916	54.503204
20000	0.15	29	0.122376	80.704529
20000	0.15	26	0.133599	79.966034
20000	0.15	26	0.124548	82.963684
20000	0.15	34	0.152920	68.726471
20000	0.15	28	0.192529	78.687225
20000	0.15	31	0.191078	75.864807

21000	0.15	29	0.155441	114.714996
21000	0.15	25	0.137361	108.857300
21000	0.15	32	0.167495	73.912811
21000	0.15	31	0.123847	73.620392
21000	0.15	28	0.160514	77.546478
21000	0.15	23	0.155710	91.865814
21000	0.15	30	0.159490	87.931610
21000	0.15	28	0.194445	80.052551
21000	0.15	33	0.137964	72.633209
21000	0.15	29	0.134862	98.420441
21000	0.15	33	0.162413	68.587921
21000	0.15	29	0.125875	75.791504
21000	0.15	28	0.153377	74.825806
21000	0.15	25	0.195743	82.226746
21000	0.15	24	0.191916	94.384399
21000	0.15	29	0.154619	66.109650
21000	0.15	35	0.126651	60.841949
21000	0.15	33	0.125628	68.057098
21000	0.15	33	0.139743	62.416443
21000	0.15	33	0.198029	63.658844
21000	0.15	32	0.131358	82.954132
21000	0.15	29	0.158081	73.200348
21000	0.15	31	0.125455	80.919952
21000	0.15	28	0.133675	94.207581
21000	0.15	37	0.124046	57.407623
21000	0.15	33	0.143798	60.131317
21000	0.15	25	0.123980	83.582520
21000	0.15	23	0.174993	117.820129
21000	0.15	29	0.141373	111.405029
21000	0.15	25	0.201980	95.251434

22000	0.15	35	0.155024	74.180084
22000	0.15	37	0.161678	69.727966
22000	0.15	35	0.197748	66.931763
22000	0.15	31	0.139308	73.565308
22000	0.15	34	0.156964	79.077301
22000	0.15	27	0.204663	85.368347
22000	0.15	36	0.191066	66.773499
22000	0.15	24	0.159295	88.322144
22000	0.15	32	0.145896	93.823944
22000	0.15	36	0.162084	68.752228
22000	0.15	31	0.142219	98.407562
22000	0.15	27	0.134106	82.467712
22000	0.15	35	0.166110	87.887848
22000	0.15	30	0.210606	78.500519
22000	0.15	32	0.197976	63.434662
22000	0.15	32	0.207626	75.359100
22000	0.15	30	0.209950	86.857513
22000	0.15	34	0.184285	70.159058
22000	0.15	31	0.131964	74.051697
22000	0.15	34	0.212846	79.469452
22000	0.15	36	0.205445	83.970642
22000	0.15	32	0.220161	113.069366
22000	0.15	33	0.143905	93.314087
22000	0.15	33	0.173450	87.091553
22000	0.15	27	0.232509	83.677826
22000	0.15	33	0.204451	68.889984
22000	0.15	36	0.132981	66.733368
22000	0.15	35	0.152894	79.135071
22000	0.15	34	0.200369	78.464111
22000	0.15	33	0.202683	80.103668

23000	0.15	32	0.142574	76.088013
23000	0.15	33	0.209118	77.438049
23000	0.15	34	0.207686	78.726715
23000	0.15	28	0.231185	126.241852
23000	0.15	29	0.202905	81.781616
23000	0.15	27	0.193857	82.633331
23000	0.15	29	0.224326	106.642212
23000	0.15	29	0.150158	91.011963
23000	0.15	35	0.176769	81.445953
23000	0.15	26	0.154683	101.771515
23000	0.15	32	0.184517	74.338226
23000	0.15	35	0.151610	79.585876
23000	0.15	29	0.149033	89.406311
23000	0.15	32	0.212568	86.522583
23000	0.15	25	0.243195	129.687134
23000	0.15	28	0.159165	90.407959
23000	0.15	33	0.165879	76.546783
23000	0.15	29	0.153987	108.665344
23000	0.15	26	0.225470	115.126740
23000	0.15	33	0.145247	81.254791
23000	0.15	30	0.145257	86.842255
23000	0.15	30	0.164960	103.214905
23000	0.15	22	0.202254	140.472382
23000	0.15	35	0.207961	73.206726
23000	0.15	31	0.215309	86.428345
23000	0.15	33	0.211922	95.789642
23000	0.15	32	0.214353	90.114655
23000	0.15	35	0.143171	80.102814
23000	0.15	30	0.181396	104.998566
23000	0.15	37	0.156074	77.583374

24000	0.15	37	0.150801	77.381470
24000	0.15	27	0.238166	123.118317
24000	0.15	34	0.193381	87.453949
24000	0.15	33	0.152652	82.682831
24000	0.15	27	0.202487	112.388519
24000	0.15	24	0.166014	115.877075
24000	0.15	27	0.251860	127.945465
24000	0.15	31	0.203205	100.869751
24000	0.15	26	0.176847	105.378235
24000	0.15	35	0.188217	81.042145
24000	0.15	31	0.155235	92.160461
24000	0.15	29	0.161229	102.542603
24000	0.15	33	0.192201	90.452606
24000	0.15	32	0.163388	89.627655
24000	0.15	32	0.200066	98.876007
24000	0.15	34	0.228402	86.365997
24000	0.15	36	0.183849	76.563446
24000	0.15	28	0.159508	127.540771
24000	0.15	33	0.208283	79.629425
24000	0.15	33	0.220081	81.565308
24000	0.15	31	0.218638	93.811371
24000	0.15	33	0.159616	84.570435
24000	0.15	32	0.182244	80.023468
24000	0.15	33	0.160502	111.764954
24000	0.15	30	0.223276	110.041412
24000	0.15	32	0.223042	95.680115
24000	0.15	26	0.196627	102.668243
24000	0.15	35	0.217931	77.166840
24000	0.15	30	0.156141	87.601349
24000	0.15	30	0.168976	112.567871

25000	0.15	38	0.164278	78.604919
25000	0.15	21	0.211370	140.805603
25000	0.15	28	0.174501	111.274567
25000	0.15	33	0.161151	96.653503
25000	0.15	26	0.226789	147.276550
25000	0.15	33	0.164384	90.219391
25000	0.15	33	0.160954	86.456146
25000	0.15	31	0.186105	126.431061
25000	0.15	34	0.173627	103.597290
25000	0.15	33	0.164446	91.491089
25000	0.15	28	0.195368	87.839386
25000	0.15	23	0.200480	166.701630
25000	0.15	32	0.224976	117.078278
25000	0.15	34	0.167013	93.274811
25000	0.15	30	0.227064	103.968353
25000	0.15	26	0.247784	131.819489
25000	0.15	33	0.240409	98.139648
25000	0.15	37	0.161758	85.806610
25000	0.15	32	0.232784	101.560730
25000	0.15	28	0.164774	104.898804
25000	0.15	33	0.202477	92.373322
25000	0.15	36	0.223446	94.022003
25000	0.15	33	0.172666	103.004303
25000	0.15	36	0.201909	90.435486
25000	0.15	38	0.226039	81.584534
25000	0.15	27	0.170905	116.517029
25000	0.15	35	0.232883	104.238312
25000	0.15	35	0.161853	88.616547
25000	0.15	28	0.165582	100.110016
25000	0.15	30	0.168095	104.212311

26000	0.15	38	0.172359	94.382782
26000	0.15	31	0.245771	98.664459
26000	0.15	31	0.173931	113.736572
26000	0.15	36	0.213106	95.648163
26000	0.15	26	0.191105	154.088470
26000	0.15	37	0.185714	102.813538
26000	0.15	34	0.174614	102.179749
26000	0.15	30	0.206220	116.803467
26000	0.15	37	0.168732	90.670013
26000	0.15	32	0.215241	93.407745
26000	0.15	32	0.246064	102.517639
26000	0.15	31	0.254445	111.652893
26000	0.15	30	0.239047	124.676697
26000	0.15	34	0.243134	96.392426
26000	0.15	34	0.178448	97.063324
26000	0.15	31	0.171678	95.537231
26000	0.15	31	0.215514	110.169586
26000	0.15	34	0.231061	87.713501
26000	0.15	31	0.246276	103.096619
26000	0.15	25	0.198017	121.875244
26000	0.15	31	0.222339	99.437531
26000	0.15	29	0.169111	98.119690
26000	0.15	30	0.215427	101.345398
26000	0.15	31	0.197817	114.136108
26000	0.15	32	0.180408	97.108002
26000	0.15	35	0.209299	98.281189
26000	0.15	34	0.243518	116.997711
26000	0.15	25	0.196816	147.596802
26000	0.15	29	0.252262	112.563110
26000	0.15	22	0.258216	163.674316

27000	0.15	27	0.209055	162.863464
27000	0.15	35	0.238789	99.806854
27000	0.15	31	0.178582	101.052673
27000	0.15	28	0.268913	158.386688
27000	0.15	37	0.214084	101.491455
27000	0.15	37	0.254948	108.266052
27000	0.15	28	0.220096	151.279846
27000	0.15	34	0.190061	105.223663
27000	0.15	35	0.185124	108.302795
27000	0.15	34	0.214661	98.477844
27000	0.15	30	0.199429	128.380280
27000	0.15	33	0.219189	119.220520
27000	0.15	33	0.192333	137.238159
27000	0.15	27	0.208592	141.420258
27000	0.15	28	0.200679	138.803955
27000	0.15	37	0.177777	100.042877
27000	0.15	32	0.205598	98.197601
27000	0.15	28	0.178541	129.466370
27000	0.15	23	0.221154	175.161713
27000	0.15	34	0.246618	115.839325
27000	0.15	36	0.251900	98.902161
27000	0.15	41	0.180519	96.444031
27000	0.15	33	0.181279	99.110046
27000	0.15	29	0.216132	147.903076
27000	0.15	35	0.216097	107.389160
27000	0.15	35	0.185045	120.187683
27000	0.15	35	0.184692	94.055878
27000	0.15	33	0.224849	115.445465
27000	0.15	36	0.181117	97.119293
27000	0.15	31	0.249416	117.682617

28000	0.15	25	0.253978	172.183594
28000	0.15	33	0.259352	112.574066
28000	0.15	30	0.214185	146.974365
28000	0.15	29	0.189070	120.049286
28000	0.15	30	0.212105	113.468109
28000	0.15	35	0.199035	107.790344
28000	0.15	33	0.187619	119.357300
28000	0.15	36	0.192505	102.267792
28000	0.15	27	0.245717	149.361633
28000	0.15	37	0.260754	107.929688
28000	0.15	29	0.188693	111.666687
28000	0.15	35	0.189943	115.384583
28000	0.15	34	0.238701	107.473663
28000	0.15	35	0.198848	103.950134
28000	0.15	38	0.261893	112.041779
28000	0.15	33	0.192159	115.555115
28000	0.15	28	0.199269	146.649414
28000	0.15	30	0.255607	119.811462
28000	0.15	33	0.232504	105.803894
28000	0.15	35	0.268970	122.483673
28000	0.15	36	0.191215	105.712128
28000	0.15	35	0.224979	125.149841
28000	0.15	34	0.193452	116.043396
28000	0.15	33	0.195772	122.866547
28000	0.15	32	0.207301	148.223663
28000	0.15	35	0.190459	105.442078
28000	0.15	30	0.237226	117.757172
28000	0.15	31	0.220538	147.478851
28000	0.15	34	0.190283	99.583191
28000	0.15	35	0.238193	117.360992

29000	0.15	26	0.221804	179.558319
29000	0.15	38	0.199722	99.414124
29000	0.15	30	0.275055	129.231232
29000	0.15	30	0.227764	138.394592
29000	0.15	33	0.202551	131.504822
29000	0.15	34	0.254451	127.886169
29000	0.15	24	0.235025	192.378662
29000	0.15	37	0.250901	129.647491
29000	0.15	36	0.213263	133.433319
29000	0.15	30	0.254537	138.453033
29000	0.15	27	0.216752	158.148346
29000	0.15	31	0.222214	161.214386
29000	0.15	35	0.280992	147.236206
29000	0.15	32	0.215259	136.854065
29000	0.15	36	0.199843	119.702026
29000	0.15	35	0.273564	128.230591
29000	0.15	32	0.214710	133.386475
29000	0.15	25	0.245959	170.084167
29000	0.15	35	0.257487	130.320892
29000	0.15	37	0.253034	120.192017
29000	0.15	31	0.265350	126.127106
29000	0.15	37	0.203111	112.461639
29000	0.15	34	0.217536	123.282166
29000	0.15	30	0.277362	143.596954
29000	0.15	27	0.291757	179.928711
29000	0.15	30	0.213571	183.481415
29000	0.15	30	0.205794	151.125793
29000	0.15	33	0.272491	147.121979
29000	0.15	27	0.238870	141.172058
29000	0.15	30	0.257023	148.137756

30000	0.15	29	0.245433	138.479462
30000	0.15	31	0.284120	145.618073
30000	0.15	36	0.222923	122.765503
30000	0.15	36	0.221868	113.077667
30000	0.15	35	0.216625	130.750214
30000	0.15	30	0.223394	119.700867
30000	0.15	33	0.230373	139.291931
30000	0.15	31	0.246949	171.113464
30000	0.15	36	0.257871	118.990387
30000	0.15	34	0.231694	133.133942
30000	0.15	33	0.250755	120.536224
30000	0.15	35	0.311900	133.561310
30000	0.15	34	0.212430	114.402191
30000	0.15	29	0.284497	179.959198
30000	0.15	38	0.207588	112.380859
30000	0.15	37	0.223053	144.060791
30000	0.15	28	0.245502	153.669891
30000	0.15	32	0.223323	141.091095
30000	0.15	30	0.309299	164.476501
30000	0.15	36	0.223755	107.986145
30000	0.15	28	0.234811	163.396332
30000	0.15	33	0.252147	143.488953
30000	0.15	31	0.266043	152.821899
30000	0.15	32	0.213124	123.573029
30000	0.15	31	0.223868	152.175232
30000	0.15	31	0.258735	163.684784
30000	0.15	30	0.280239	124.501099
30000	0.15	32	0.218041	130.500092
30000	0.15	37	0.206850	111.584778
30000	0.15	37	0.277808	128.029449

