1000	0.15	32	0.00368
1000	0.15	33	0.003517
1000	0.15	35	0.003531
1000	0.15	36	0.003553
1000	0.15	35	0.003515
1000	0.15	35	0.003402
1000	0.15	33	0.003493
1000	0.15	34	0.003436
1000	0.15	33	0.003458
1000	0.15	33	0.003469
1000	0.15	34	0.003514
1000	0.15	34	0.003511
1000	0.15	34	0.003539
1000	0.15	32	0.003538
1000	0.15	32	0.003503
1000	0.15	32	0.003475
1000	0.15	34	0.003429
1000	0.15	35	0.003477
1000	0.15	34	0.003523
1000	0.15	33	0.003513
1000	0.15	36	0.003535
1000	0.15	35	0.003549
1000	0.15	35	0.003451
1000	0.15	33	0.003547
1000	0.15	33	0.003462
1000	0.15	32	0.003537
1000	0.15	36	0.003499
1000	0.15	35	0.00347
1000	0.15	33	0.003724
1000	0.15	34	0.003725

2000	0.15	34	0.007682
2000	0.15	35	0.00761
2000	0.15	35	0.007714
2000	0.15	35	0.007632
2000	0.15	39	0.007694
2000	0.15	35	0.007731
2000	0.15	37	0.007524
2000	0.15	38	0.007716
2000	0.15	34	0.00754
2000	0.15	35	0.007755
2000	0.15	34	0.007673
2000	0.15	34	0.007555
2000	0.15	34	0.007735
2000	0.15	33	0.00814
2000	0.15	39	0.007594
2000	0.15	36	0.007694
2000	0.15	36	0.007668
2000	0.15	36	0.007769
2000	0.15	36	0.007586
2000	0.15	34	0.007791
2000	0.15	34	0.007717
2000	0.15	38	0.007758
2000	0.15	34	0.007672
2000	0.15	34	0.007691
2000	0.15	38	0.007545
2000	0.15	35	0.007635
2000	0.15	37	0.007889
2000	0.15	39	0.007629
2000	0.15	36	0.007458
2000	0.15	34	0.007588

3000	0.15	37	0.024105
3000	0.15	34	0.011725
3000	0.15	39	0.011885
3000	0.15	39	0.012039
3000	0.15	34	0.011954
3000	0.15	35	0.011871
3000	0.15	37	0.011993
3000	0.15	36	0.012061
3000	0.15	35	0.011821
3000	0.15	36	0.011722
3000	0.15	35	0.011998
3000	0.15	38	0.012008
3000	0.15	37	0.012157
3000	0.15	37	0.012112
3000	0.15	37	0.012018
3000	0.15	37	0.012042
3000	0.15	35	0.012043
3000	0.15	37	0.011851
3000	0.15	35	0.011872
3000	0.15	36	0.011868
3000	0.15	35	0.011958
3000	0.15	37	0.011888
3000	0.15	37	0.012037
3000	0.15	36	0.011951
3000	0.15	35	0.011891
3000	0.15	34	0.011813
3000	0.15	37	0.011943
3000	0.15	39	0.012028
3000	0.15	36	0.011938
3000	0.15	35	0.011829

4000	0.15	38	0.050083
4000	0.15	36	0.016376
4000	0.15	35	0.016481
4000	0.15	36	0.017229
4000	0.15	36	0.016459
4000	0.15	37	0.016308
4000	0.15	38	0.016551
4000	0.15	39	0.016541
4000	0.15	36	0.050082
4000	0.15	36	0.016312
4000	0.15	35	0.016454
4000	0.15	36	0.016327
4000	0.15	37	0.016579
4000	0.15	37	0.016689
4000	0.15	35	0.050044
4000	0.15	38	0.016442
4000	0.15	36	0.016613
4000	0.15	38	0.016206
4000	0.15	38	0.016148
4000	0.15	36	0.016204
4000	0.15	36	0.016593
4000	0.15	35	0.016397
4000	0.15	38	0.016464
4000	0.15	35	0.016384
4000	0.15	37	0.016298
4000	0.15	38	0.01664
4000	0.15	36	0.016593
4000	0.15	36	0.016494
4000	0.15	40	0.016407
4000	0.15	39	0.016275

5000	0.15	39	0.021296
5000	0.15	35	0.021055
5000	0.15	37	0.021171
5000	0.15	38	0.020838
5000	0.15	38	0.020958
5000	0.15	39	0.021021
5000	0.15	36	0.021681
5000	0.15	37	0.022021
5000	0.15	37	0.021143
5000	0.15	38	0.020911
5000	0.15	37	0.021196
5000	0.15	37	0.02102
5000	0.15	37	0.021362
5000	0.15	38	0.021133
5000	0.15	36	0.02144
5000	0.15	37	0.020905
5000	0.15	36	0.021216
5000	0.15	38	0.020721
5000	0.15	38	0.022397
5000	0.15	40	0.021058
5000	0.15	36	0.0213
5000	0.15	35	0.021006
5000	0.15	38	0.05326
5000	0.15	38	0.021125
5000	0.15	39	0.02121
5000	0.15	36	0.021116
5000	0.15	37	0.021125
5000	0.15	38	0.021365
5000	0.15	36	0.021044
5000	0.15	38	0.022455

6000	0.15	37	0.025827
6000	0.15	38	0.026265
6000	0.15	36	0.026116
6000	0.15	34	0.025485
6000	0.15	41	0.02646
6000	0.15	37	0.027191
6000	0.15	34	0.026133
6000	0.15	39	0.025947
6000	0.15	40	0.025851
6000	0.15	35	0.025808
6000	0.15	35	0.026131
6000	0.15	36	0.025638
6000	0.15	36	0.02574
6000	0.15	36	0.026156
6000	0.15	38	0.02546
6000	0.15	35	0.027039
6000	0.15	40	0.026141
6000	0.15	35	0.025672
6000	0.15	38	0.025556
6000	0.15	38	0.025756
6000	0.15	37	0.066289
6000	0.15	35	0.025889
6000	0.15	38	0.025864
6000	0.15	39	0.025682
6000	0.15	39	0.025709
6000	0.15	38	0.025975
6000	0.15	37	0.026019
6000	0.15	37	0.026052
6000	0.15	36	0.02575
6000	0.15	40	0.025844

7000	0.15	38	0.03084
7000	0.15	38	0.031437
7000	0.15	38	0.03159
7000	0.15	36	0.030807
7000	0.15	37	0.03072
7000	0.15	39	0.030894
7000	0.15	38	0.03112
7000	0.15	37	0.031024
7000	0.15	36	0.030441
7000	0.15	36	0.030723
7000	0.15	35	0.031039
7000	0.15	38	0.030713
7000	0.15	38	0.031488
7000	0.15	38	0.030971
7000	0.15	40	0.030653
7000	0.15	40	0.031216
7000	0.15	38	0.031205
7000	0.15	39	0.030862
7000	0.15	34	0.030467
7000	0.15	37	0.030444
7000	0.15	39	0.030843
7000	0.15	40	0.030917
7000	0.15	42	0.031106
7000	0.15	40	0.030461
7000	0.15	38	0.031204
7000	0.15	35	0.030628
7000	0.15	39	0.030949
7000	0.15	39	0.063328
7000	0.15	36	0.030551
7000	0.15	38	0.030578

8000	0.15	38	0.091914
8000	0.15	39	0.036147
8000	0.15	37	0.036044
8000	0.15	39	0.035821
8000	0.15	40	0.03562
8000	0.15	41	0.035896
8000	0.15	36	0.036214
8000	0.15	40	0.036103
8000	0.15	41	0.035949
8000	0.15	37	0.035794
8000	0.15	38	0.036696
8000	0.15	38	0.036844
8000	0.15	38	0.035866
8000	0.15	38	0.036044
8000	0.15	39	0.0355
8000	0.15	37	0.036092
8000	0.15	37	0.036045
8000	0.15	38	0.035708
8000	0.15	39	0.035811
8000	0.15	39	0.035906
8000	0.15	39	0.0375
8000	0.15	39	0.043955
8000	0.15	39	0.036131
8000	0.15	37	0.035809
8000	0.15	39	0.036218
8000	0.15	37	0.088902
8000	0.15	37	0.036018
8000	0.15	38	0.036015
8000	0.15	38	0.035762
8000	0.15	38	0.036731

9000	0.15	36	0.053454
9000	0.15	36	0.041361
9000	0.15	35	0.040881
9000	0.15	38	0.09006
9000	0.15	40	0.041053
9000	0.15	35	0.040846
9000	0.15	36	0.041006
9000	0.15	37	0.041601
9000	0.15	36	0.041349
9000	0.15	38	0.04118
9000	0.15	41	0.040913
9000	0.15	35	0.041265
9000	0.15	36	0.041813
9000	0.15	37	0.041083
9000	0.15	38	0.040926
9000	0.15	35	0.041157
9000	0.15	36	0.041387
9000	0.15	38	0.041914
9000	0.15	37	0.041799
9000	0.15	37	0.041026
9000	0.15	39	0.041211
9000	0.15	38	0.041387
9000	0.15	36	0.041478
9000	0.15	37	0.040976
9000	0.15	40	0.041173
9000	0.15	36	0.041411
9000	0.15	37	0.041223
9000	0.15	40	0.04147
9000	0.15	38	0.041024
9000	0.15	38	0.041494

10000	0.15	40	0.110289
10000	0.15	37	0.046877
10000	0.15	40	0.046303
10000	0.15	40	0.046641
10000	0.15	39	0.046687
10000	0.15	39	0.0465
10000	0.15	37	0.046441
10000	0.15	37	0.04643
10000	0.15	36	0.046617
10000	0.15	38	0.04678
10000	0.15	40	0.046276
10000	0.15	39	0.046849
10000	0.15	38	0.04701
10000	0.15	39	0.046582
10000	0.15	41	0.04645
10000	0.15	39	0.046852
10000	0.15	35	0.046729
10000	0.15	39	0.046653
10000	0.15	38	0.046644
10000	0.15	40	0.046528
10000	0.15	40	0.046947
10000	0.15	38	0.047469
10000	0.15	38	0.046569
10000	0.15	37	0.046477
10000	0.15	38	0.046994
10000	0.15	37	0.046321
10000	0.15	39	0.046945
10000	0.15	35	0.048671
10000	0.15	37	0.046605
10000	0.15	39	0.046658

11000	0.15	37	0.051825
11000	0.15	37	0.052775
11000	0.15	39	0.053268
11000	0.15	41	0.052261
11000	0.15	38	0.052767
11000	0.15	39	0.052652
11000	0.15	39	0.052741
11000	0.15	40	0.051957
11000	0.15	38	0.051995
11000	0.15	39	0.075628
11000	0.15	39	0.064739
11000	0.15	36	0.052878
11000	0.15	36	0.052915
11000	0.15	37	0.052128
11000	0.15	35	0.052224
11000	0.15	38	0.052568
11000	0.15	39	0.052151
11000	0.15	41	0.05329
11000	0.15	39	0.053709
11000	0.15	37	0.051815
11000	0.15	37	0.052069
11000	0.15	35	0.053267
11000	0.15	40	0.052318
11000	0.15	39	0.052118
11000	0.15	39	0.052168
11000	0.15	38	0.052203
11000	0.15	35	0.052465
11000	0.15	36	0.052313
11000	0.15	40	0.052478
11000	0.15	36	0.052365

12000	0.15	37	0.058494
12000	0.15	40	0.05819
12000	0.15	38	0.057808
12000	0.15	38	0.059285
12000	0.15	37	0.060152
12000	0.15	36	0.058358
12000	0.15	37	0.058256
12000	0.15	39	0.058145
12000	0.15	39	0.05789
12000	0.15	40	0.057827
12000	0.15	38	0.05783
12000	0.15	41	0.058969
12000	0.15	42	0.058866
12000	0.15	37	0.057714
12000	0.15	36	0.057772
12000	0.15	37	0.058527
12000	0.15	39	0.058312
12000	0.15	39	0.058838
12000	0.15	39	0.059144
12000	0.15	37	0.05758
12000	0.15	39	0.057884
12000	0.15	39	0.058176
12000	0.15	39	0.05894
12000	0.15	36	0.058317
12000	0.15	38	0.057935
12000	0.15	38	0.058117
12000	0.15	38	0.059646
12000	0.15	38	0.058261
12000	0.15	37	0.058207
12000	0.15	39	0.058254

13000	0.15	38	0.065196
13000	0.15	37	0.064936
13000	0.15	39	0.064085
13000	0.15	41	0.064715
13000	0.15	35	0.063673
13000	0.15	38	0.114718
13000	0.15	37	0.064089
13000	0.15	38	0.063981
13000	0.15	39	0.064364
13000	0.15	39	0.064246
13000	0.15	41	0.063972
13000	0.15	41	0.064703
13000	0.15	39	0.065654
13000	0.15	38	0.072005
13000	0.15	37	0.063992
13000	0.15	36	0.064075
13000	0.15	37	0.064307
13000	0.15	39	0.064025
13000	0.15	38	0.064742
13000	0.15	37	0.063769
13000	0.15	36	0.065147
13000	0.15	39	0.064406
13000	0.15	38	0.064415
13000	0.15	40	0.064251
13000	0.15	39	0.064182
13000	0.15	39	0.064292
13000	0.15	37	0.064509
13000	0.15	38	0.064226
13000	0.15	39	0.064318
13000	0.15	38	0.064084

14000	0.15	36	0.070013
14000	0.15	39	0.071702
14000	0.15	37	0.070467
14000	0.15	41	0.070664
14000	0.15	39	0.104337
14000	0.15	38	0.071418
14000	0.15	39	0.070507
14000	0.15	37	0.069886
14000	0.15	39	0.070335
14000	0.15	38	0.070201
14000	0.15	40	0.070527
14000	0.15	36	0.070489
14000	0.15	38	0.071105
14000	0.15	40	0.070323
14000	0.15	39	0.070234
14000	0.15	38	0.070567
14000	0.15	39	0.070401
14000	0.15	39	0.069858
14000	0.15	35	0.070487
14000	0.15	41	0.073126
14000	0.15	36	0.070339
14000	0.15	41	0.070536
14000	0.15	38	0.072159
14000	0.15	39	0.109789
14000	0.15	38	0.070766
14000	0.15	39	0.070501
14000	0.15	40	0.100634
14000	0.15	40	0.139408
14000	0.15	37	0.070576
14000	0.15	38	0.070742

15000	0.15	38	0.076557
15000	0.15	38	0.137306
15000	0.15	36	0.076811
15000	0.15	40	0.076652
15000	0.15	38	0.077058
15000	0.15	38	0.076901
15000	0.15	38	0.077376
15000	0.15	38	0.077328
15000	0.15	35	0.078699
15000	0.15	39	0.076722
15000	0.15	40	0.076895
15000	0.15	41	0.077001
15000	0.15	40	0.078167
15000	0.15	42	0.104423
15000	0.15	39	0.091087
15000	0.15	38	0.076097
15000	0.15	38	0.076215
15000	0.15	36	0.14336
15000	0.15	40	0.077544
15000	0.15	38	0.076569
15000	0.15	40	0.077544
15000	0.15	36	0.077418
15000	0.15	37	0.076694
15000	0.15	38	0.077844
15000	0.15	39	0.077017
15000	0.15	40	0.077103
15000	0.15	38	0.076484
15000	0.15	40	0.081925
15000	0.15	41	0.104645
15000	0.15	38	0.137878

16000	0.15	38	0.150817
16000	0.15	36	0.122196
16000	0.15	41	0.083109
16000	0.15	39	0.083769
16000	0.15	40	0.083255
16000	0.15	40	0.084174
16000	0.15	39	0.083797
16000	0.15	37	0.083083
16000	0.15	40	0.149995
16000	0.15	40	0.151884
16000	0.15	38	0.08357
16000	0.15	36	0.083186
16000	0.15	40	0.083723
16000	0.15	37	0.083881
16000	0.15	36	0.143511
16000	0.15	38	0.085783
16000	0.15	39	0.150547
16000	0.15	38	0.083748
16000	0.15	37	0.084171
16000	0.15	38	0.083441
16000	0.15	40	0.101316
16000	0.15	40	0.083791
16000	0.15	38	0.083484
16000	0.15	36	0.101811
16000	0.15	39	0.125963
16000	0.15	38	0.151005
16000	0.15	38	0.083849
16000	0.15	37	0.083592
16000	0.15	42	0.083874
16000	0.15	38	0.083806

17000	0.15	38	0.124411
17000	0.15	40	0.09057
17000	0.15	37	0.090213
17000	0.15	35	0.090509
17000	0.15	38	0.136724
17000	0.15	39	0.158552
17000	0.15	39	0.090114
17000	0.15	38	0.150621
17000	0.15	40	0.153291
17000	0.15	39	0.090186
17000	0.15	35	0.089725
17000	0.15	38	0.090387
17000	0.15	42	0.090919
17000	0.15	39	0.089594
17000	0.15	39	0.092883
17000	0.15	39	0.136768
17000	0.15	38	0.09134
17000	0.15	40	0.157089
17000	0.15	40	0.090665
17000	0.15	38	0.09089
17000	0.15	41	0.089792
17000	0.15	37	0.090313
17000	0.15	36	0.090188
17000	0.15	36	0.089948
17000	0.15	39	0.091144
17000	0.15	40	0.09011
17000	0.15	38	0.090317
17000	0.15	37	0.090698
17000	0.15	41	0.158576
17000	0.15	37	0.092342

18000	0.15	39	0.13054
18000	0.15	37	0.165412
18000	0.15	37	0.163803
18000	0.15	35	0.101626
18000	0.15	38	0.096456
18000	0.15	37	0.097665
18000	0.15	38	0.096821
18000	0.15	40	0.119106
18000	0.15	38	0.097117
18000	0.15	38	0.161372
18000	0.15	41	0.096435
18000	0.15	38	0.098736
18000	0.15	38	0.097402
18000	0.15	38	0.097208
18000	0.15	38	0.09638
18000	0.15	38	0.09688
18000	0.15	37	0.096715
18000	0.15	39	0.096986
18000	0.15	42	0.164318
18000	0.15	37	0.098988
18000	0.15	37	0.096697
18000	0.15	38	0.097246
18000	0.15	40	0.156332
18000	0.15	41	0.164832
18000	0.15	38	0.098193
18000	0.15	39	0.097156
18000	0.15	37	0.097313
18000	0.15	37	0.097271
18000	0.15	38	0.097092
18000	0.15	41	0.097392

19000	0.15	38	0.104489
19000	0.15	40	0.105739
19000	0.15	38	0.104879
19000	0.15	39	0.105092
19000	0.15	38	0.103999
19000	0.15	38	0.105402
19000	0.15	39	0.103956
19000	0.15	40	0.104799
19000	0.15	38	0.104176
19000	0.15	39	0.171302
19000	0.15	40	0.171842
19000	0.15	39	0.103735
19000	0.15	41	0.106621
19000	0.15	37	0.103873
19000	0.15	38	0.103233
19000	0.15	38	0.164692
19000	0.15	37	0.103771
19000	0.15	36	0.171832
19000	0.15	39	0.103769
19000	0.15	40	0.105067
19000	0.15	40	0.170335
19000	0.15	41	0.10564
19000	0.15	39	0.104606
19000	0.15	39	0.121471
19000	0.15	39	0.103951
19000	0.15	39	0.104003
19000	0.15	39	0.105297
19000	0.15	38	0.172318
19000	0.15	40	0.17326
19000	0.15	39	0.104228

20000	0.15	40	0.111438
20000	0.15	39	0.133364
20000	0.15	40	0.110822
20000	0.15	37	0.146854
20000	0.15	40	0.172205
20000	0.15	39	0.177823
20000	0.15	39	0.164317
20000	0.15	37	0.179364
20000	0.15	39	0.18166
20000	0.15	39	0.110784
20000	0.15	41	0.15685
20000	0.15	38	0.11162
20000	0.15	38	0.111014
20000	0.15	42	0.111219
20000	0.15	39	0.179143
20000	0.15	39	0.178884
20000	0.15	38	0.11041
20000	0.15	40	0.112413
20000	0.15	36	0.110105
20000	0.15	38	0.1102
20000	0.15	40	0.110828
20000	0.15	38	0.11121
20000	0.15	40	0.111746
20000	0.15	38	0.111045
20000	0.15	39	0.111324
20000	0.15	40	0.113701
20000	0.15	38	0.178608
20000	0.15	38	0.113693
20000	0.15	38	0.163313
20000	0.15	37	0.111415

21000	0.15	35	0.130883
21000	0.15	39	0.188319
21000	0.15	35	0.118659
21000	0.15	38	0.181435
21000	0.15	40	0.118254
21000	0.15	40	0.118778
21000	0.15	38	0.127128
21000	0.15	38	0.118594
21000	0.15	39	0.11944
21000	0.15	38	0.118125
21000	0.15	39	0.117393
21000	0.15	39	0.172066
21000	0.15	40	0.120215
21000	0.15	39	0.121682
21000	0.15	38	0.118001
21000	0.15	40	0.118331
21000	0.15	37	0.118318
21000	0.15	37	0.186032
21000	0.15	39	0.177225
21000	0.15	41	0.185463
21000	0.15	37	0.13534
21000	0.15	39	0.117914
21000	0.15	39	0.119571
21000	0.15	41	0.184681
21000	0.15	38	0.120038
21000	0.15	40	0.118091
21000	0.15	36	0.147507
21000	0.15	36	0.130598
21000	0.15	39	0.118549
21000	0.15	36	0.185446

22000	0.15	41	0.159003
22000	0.15	38	0.125567
22000	0.15	38	0.159211
22000	0.15	40	0.12615
22000	0.15	38	0.193287
22000	0.15	42	0.127093
22000	0.15	35	0.189395
22000	0.15	41	0.12937
22000	0.15	35	0.125574
22000	0.15	36	0.125577
22000	0.15	38	0.125365
22000	0.15	38	0.126396
22000	0.15	38	0.14621
22000	0.15	41	0.194886
22000	0.15	38	0.127297
22000	0.15	38	0.126098
22000	0.15	35	0.125479
22000	0.15	39	0.126003
22000	0.15	40	0.193102
22000	0.15	37	0.127644
22000	0.15	39	0.192744
22000	0.15	39	0.12638
22000	0.15	38	0.126061
22000	0.15	40	0.126787
22000	0.15	39	0.125335
22000	0.15	37	0.125681
22000	0.15	37	0.126654
22000	0.15	38	0.1929
22000	0.15	38	0.193771
22000	0.15	38	0.195323

23000	0.15	36	0.134909
23000	0.15	37	0.186565
23000	0.15	34	0.201869
23000	0.15	41	0.167901
23000	0.15	42	0.201473
23000	0.15	40	0.133301
23000	0.15	36	0.134545
23000	0.15	40	0.155197
23000	0.15	37	0.132727
23000	0.15	39	0.157975
23000	0.15	40	0.186789
23000	0.15	39	0.202393
23000	0.15	37	0.205482
23000	0.15	37	0.200312
23000	0.15	36	0.134421
23000	0.15	41	0.133246
23000	0.15	38	0.132984
23000	0.15	37	0.134132
23000	0.15	39	0.195794
23000	0.15	40	0.200672
23000	0.15	41	0.132965
23000	0.15	40	0.133597
23000	0.15	36	0.133329
23000	0.15	42	0.139677
23000	0.15	39	0.200929
23000	0.15	39	0.13546
23000	0.15	38	0.146246
23000	0.15	39	0.181366
23000	0.15	37	0.133322
23000	0.15	40	0.133893

24000	0.15	38	0.141427
24000	0.15	42	0.212489
24000	0.15	36	0.209658
24000	0.15	41	0.141516
24000	0.15	38	0.141393
24000	0.15	39	0.143618
24000	0.15	40	0.141474
24000	0.15	38	0.14313
24000	0.15	39	0.140513
24000	0.15	38	0.210441
24000	0.15	38	0.140801
24000	0.15	39	0.141126
24000	0.15	39	0.141377
24000	0.15	40	0.140679
24000	0.15	38	0.143498
24000	0.15	42	0.153613
24000	0.15	36	0.14221
24000	0.15	38	0.141119
24000	0.15	38	0.201774
24000	0.15	40	0.141996
24000	0.15	36	0.141073
24000	0.15	40	0.153743
24000	0.15	40	0.208498
24000	0.15	38	0.140423
24000	0.15	40	0.140545
24000	0.15	38	0.149351
24000	0.15	38	0.209696
24000	0.15	38	0.141132
24000	0.15	36	0.141058
24000	0.15	37	0.188

25000	0.15	38	0.1503
25000	0.15	42	0.149821
25000	0.15	41	0.215908
25000	0.15	38	0.148656
25000	0.15	39	0.150627
25000	0.15	41	0.152034
25000	0.15	37	0.148251
25000	0.15	40	0.148976
25000	0.15	41	0.148652
25000	0.15	38	0.150485
25000	0.15	38	0.149451
25000	0.15	39	0.150342
25000	0.15	40	0.149606
25000	0.15	38	0.210681
25000	0.15	40	0.208728
25000	0.15	38	0.148609
25000	0.15	38	0.148554
25000	0.15	39	0.196809
25000	0.15	36	0.149048
25000	0.15	38	0.149824
25000	0.15	38	0.148625
25000	0.15	41	0.150025
25000	0.15	39	0.211084
25000	0.15	40	0.14902
25000	0.15	39	0.149017
25000	0.15	39	0.14957
25000	0.15	38	0.149367
25000	0.15	37	0.150631
25000	0.15	40	0.149195
25000	0.15	39	0.14969

26000	0.15	37	0.157245
26000	0.15	41	0.158527
26000	0.15	38	0.157002
26000	0.15	41	0.225132
26000	0.15	36	0.204416
26000	0.15	38	0.158145
26000	0.15	39	0.156276
26000	0.15	38	0.2244
26000	0.15	38	0.157811
26000	0.15	38	0.158116
26000	0.15	40	0.15696
26000	0.15	38	0.158011
26000	0.15	39	0.157915
26000	0.15	39	0.225626
26000	0.15	37	0.225627
26000	0.15	40	0.211241
26000	0.15	39	0.157022
26000	0.15	41	0.22673
26000	0.15	39	0.157159
26000	0.15	39	0.156636
26000	0.15	41	0.158203
26000	0.15	37	0.225365
26000	0.15	37	0.22508
26000	0.15	39	0.158678
26000	0.15	39	0.157594
26000	0.15	38	0.160689
26000	0.15	37	0.22586
26000	0.15	36	0.22553
26000	0.15	38	0.227564
26000	0.15	38	0.22445

27000	0.15	40	0.183409
27000	0.15	38	0.166157
27000	0.15	40	0.165296
27000	0.15	39	0.23429
27000	0.15	38	0.177698
27000	0.15	36	0.234373
27000	0.15	38	0.232731
27000	0.15	34	0.165823
27000	0.15	40	0.165339
27000	0.15	41	0.165595
27000	0.15	40	0.224841
27000	0.15	39	0.234979
27000	0.15	39	0.165851
27000	0.15	40	0.211318
27000	0.15	39	0.165287
27000	0.15	39	0.166199
27000	0.15	40	0.166897
27000	0.15	39	0.166517
27000	0.15	41	0.234012
27000	0.15	38	0.165419
27000	0.15	39	0.233627
27000	0.15	38	0.226299
27000	0.15	35	0.166199
27000	0.15	38	0.165653
27000	0.15	36	0.167508
27000	0.15	39	0.233041
27000	0.15	39	0.234038
27000	0.15	39	0.238606
27000	0.15	39	0.166148
27000	0.15	40	0.167113

28000	0.15	36	0.174146
28000	0.15	40	0.206841
28000	0.15	37	0.243115
28000	0.15	39	0.173575
28000	0.15	38	0.177013
28000	0.15	38	0.241617
28000	0.15	39	0.242282
28000	0.15	40	0.240763
28000	0.15	37	0.17377
28000	0.15	39	0.18589
28000	0.15	40	0.173064
28000	0.15	37	0.177624
28000	0.15	36	0.180312
28000	0.15	41	0.174044
28000	0.15	38	0.24574
28000	0.15	39	0.205775
28000	0.15	40	0.240363
28000	0.15	41	0.177233
28000	0.15	36	0.243278
28000	0.15	38	0.173864
28000	0.15	43	0.17389
28000	0.15	38	0.178752
28000	0.15	39	0.243077
28000	0.15	39	0.173555
28000	0.15	39	0.245887
28000	0.15	38	0.173899
28000	0.15	39	0.208207
28000	0.15	38	0.192089
28000	0.15	39	0.173896
28000	0.15	37	0.235378

29000	0.15	40	0.181603
29000	0.15	39	0.183582
29000	0.15	39	0.182648
29000	0.15	38	0.250621
29000	0.15	39	0.230796
29000	0.15	40	0.182782
29000	0.15	38	0.183574
29000	0.15	40	0.257686
29000	0.15	37	0.250555
29000	0.15	40	0.248773
29000	0.15	37	0.250133
29000	0.15	37	0.251031
29000	0.15	40	0.183129
29000	0.15	39	0.186434
29000	0.15	39	0.182127
29000	0.15	38	0.182365
29000	0.15	41	0.251681
29000	0.15	38	0.250697
29000	0.15	38	0.182634
29000	0.15	37	0.253909
29000	0.15	38	0.236249
29000	0.15	39	0.182903
29000	0.15	41	0.182403
29000	0.15	40	0.250162
29000	0.15	38	0.250294
29000	0.15	40	0.25778
29000	0.15	40	0.182757
29000	0.15	39	0.182928
29000	0.15	39	0.182178
29000	0.15	41	0.188719

30000	0.15	39	0.202541
30000	0.15	39	0.191204
30000	0.15	37	0.19186
30000	0.15	40	0.19264
30000	0.15	37	0.258729
30000	0.15	38	0.190999
30000	0.15	40	0.193297
30000	0.15	40	0.193281
30000	0.15	40	0.19122
30000	0.15	37	0.193819
30000	0.15	39	0.231383
30000	0.15	36	0.192189
30000	0.15	38	0.21405
30000	0.15	38	0.19337
30000	0.15	42	0.259276
30000	0.15	40	0.190618
30000	0.15	37	0.2587
30000	0.15	39	0.25796
30000	0.15	35	0.191352
30000	0.15	38	0.259332
30000	0.15	40	0.192574
30000	0.15	36	0.260644
30000	0.15	37	0.192691
30000	0.15	37	0.191485
30000	0.15	38	0.260003
30000	0.15	41	0.196719
30000	0.15	37	0.261214
30000	0.15	36	0.193703
30000	0.15	41	0.191391
30000	0.15	39	0.191401

