1000	0.1	52	0.009404	0.860352
1000	0.1	48	0.007839	0.863129
1000	0.1	52	0.006924	0.858978
1000	0.1	52	0.006088	0.845306
1000	0.1	54	0.005519	0.859680
1000	0.1	54	0.005565	0.891266
1000	0.1	51	0.005433	0.831024
1000	0.1	53	0.005435	0.877563
1000	0.1	51	0.004902	0.848846
1000	0.1	50	0.003621	0.824707
1000	0.1	53	0.003061	0.845825
1000	0.1	52	0.003386	0.852264
1000	0.1	56	0.003248	0.839722
1000	0.1	50	0.003337	0.876678
1000	0.1	49	0.003258	0.849274
1000	0.1	51	0.003317	0.880280
1000	0.1	55	0.003228	0.885742
1000	0.1	50	0.003170	0.887512
1000	0.1	54	0.003194	0.868500
1000	0.1	52	0.003204	0.855225
1000	0.1	52	0.003101	0.840271
1000	0.1	50	0.003391	0.849060
1000	0.1	56	0.003266	0.853149
1000	0.1	51	0.006263	0.878052
1000	0.1	55	0.003319	0.874695
1000	0.1	52	0.003240	0.866882
1000	0.1	57	0.003246	0.878967
1000	0.1	54	0.004308	0.871216
1000	0.1	51	0.005931	0.863708
1000	0.1	53	0.003322	0.886292

2000	0.1	56	0.007774	2.300079
2000	0.1	59	0.007541	2.316803
2000	0.1	55	0.007369	2.307159
2000	0.1	56	0.018081	2.254456
2000	0.1	59	0.007386	2.245453
2000	0.1	56	0.007496	2.325012
2000	0.1	52	0.007254	2.230377
2000	0.1	55	0.007272	2.182037
2000	0.1	57	0.007428	2.290802
2000	0.1	57	0.007353	2.279358
2000	0.1	56	0.007426	2.292084
2000	0.1	54	0.007409	2.280365
2000	0.1	57	0.007550	2.291168
2000	0.1	55	0.007661	2.350708
2000	0.1	55	0.007706	2.345428
2000	0.1	55	0.014597	2.318695
2000	0.1	55	0.007621	2.297699
2000	0.1	56	0.008793	2.327881
2000	0.1	55	0.015981	2.305969
2000	0.1	56	0.011968	2.325500
2000	0.1	53	0.010266	2.372009
2000	0.1	58	0.007600	2.362274
2000	0.1	54	0.007621	2.341705
2000	0.1	57	0.007334	2.267914
2000	0.1	53	0.016362	2.259094
2000	0.1	55	0.007486	2.322235
2000	0.1	55	0.007661	2.371399
2000	0.1	56	0.007565	2.363129
2000	0.1	57	0.007663	2.313293
2000	0.1	54	0.007546	2.374359

3000	0.1	61	0.021582	3.800842
3000	0.1	59	0.012556	3.758789
3000	0.1	55	0.021131	3.801849
3000	0.1	55	0.012108	3.713318
3000	0.1	58	0.012255	3.691772
3000	0.1	58	0.012013	3.708984
3000	0.1	56	0.012140	3.825378
3000	0.1	55	0.012134	3.766327
3000	0.1	59	0.012004	3.564575
3000	0.1	55	0.012799	3.669525
3000	0.1	57	0.012004	3.857483
3000	0.1	57	0.027023	3.878723
3000	0.1	60	0.015239	3.777100
3000	0.1	60	0.039383	3.800476
3000	0.1	60	0.023703	3.767151
3000	0.1	58	0.014885	3.743713
3000	0.1	54	0.026974	3.815643
3000	0.1	58	0.028964	3.761841
3000	0.1	57	0.021620	3.783569
3000	0.1	60	0.011785	3.799408
3000	0.1	57	0.012456	3.642487
3000	0.1	58	0.012101	3.761108
3000	0.1	58	0.012410	3.749695
3000	0.1	57	0.012303	3.741486
3000	0.1	60	0.012424	3.824951
3000	0.1	58	0.012012	3.708740
3000	0.1	56	0.023546	3.579010
3000	0.1	56	0.012500	3.734558
3000	0.1	59	0.012044	3.671387
3000	0.1	55	0.011908	3.817993

4000	0.1	59	0.017651	5.113922
4000	0.1	57	0.016942	5.110962
4000	0.1	55	0.016836	5.004761
4000	0.1	57	0.024856	5.013977
4000	0.1	58	0.017262	5.114380
4000	0.1	57	0.017194	5.037476
4000	0.1	61	0.030220	5.105286
4000	0.1	55	0.017362	5.128448
4000	0.1	56	0.017263	5.066559
4000	0.1	60	0.016773	4.960083
4000	0.1	60	0.029736	5.011047
4000	0.1	58	0.026094	5.083588
4000	0.1	61	0.017311	5.128632
4000	0.1	60	0.017018	5.132416
4000	0.1	59	0.016682	4.961456
4000	0.1	59	0.016923	5.065338
4000	0.1	63	0.017727	5.093231
4000	0.1	58	0.016964	4.985931
4000	0.1	53	0.017114	5.080322
4000	0.1	57	0.016845	5.032623
4000	0.1	61	0.016615	5.032135
4000	0.1	58	0.017468	5.051117
4000	0.1	58	0.017074	5.032440
4000	0.1	61	0.017256	5.112213
4000	0.1	58	0.016981	4.973145
4000	0.1	59	0.017705	5.165741
4000	0.1	58	0.017155	4.965851
4000	0.1	59	0.032800	5.073212
4000	0.1	59	0.018444	4.948395
4000	0.1	56	0.017964	5.043854

5000	0.1	59	0.021621	6.113098
5000	0.1	57	0.021932	6.417664
5000	0.1	60	0.022521	6.396423
5000	0.1	60	0.022102	6.240540
5000	0.1	59	0.022298	6.271484
5000	0.1	59	0.022344	6.366272
5000	0.1	57	0.022149	6.277191
5000	0.1	60	0.021955	6.231262
5000	0.1	59	0.021954	6.205139
5000	0.1	58	0.021692	6.235138
5000	0.1	58	0.021897	6.241547
5000	0.1	59	0.021852	6.267883
5000	0.1	57	0.021928	6.367798
5000	0.1	59	0.021597	6.237030
5000	0.1	59	0.022131	6.199799
5000	0.1	59	0.022410	6.445892
5000	0.1	60	0.022142	6.320343
5000	0.1	59	0.022165	6.442230
5000	0.1	61	0.021883	6.227783
5000	0.1	61	0.022025	6.485931
5000	0.1	57	0.022200	6.312744
5000	0.1	59	0.022774	6.432190
5000	0.1	58	0.022391	6.282288
5000	0.1	60	0.022421	6.286316
5000	0.1	59	0.022891	6.312164
5000	0.1	56	0.022596	6.306122
5000	0.1	60	0.022340	6.227692
5000	0.1	59	0.022153	6.291595
5000	0.1	60	0.022086	6.280914
5000	0.1	59	0.022043	6.295105

6000	0.1	59	0.027444	7.453033
6000	0.1	60	0.026760	7.422455
6000	0.1	61	0.026896	7.482239
6000	0.1	55	0.026886	7.542053
6000	0.1	60	0.029015	7.604279
6000	0.1	61	0.027110	7.453949
6000	0.1	58	0.027665	7.716400
6000	0.1	59	0.026923	7.255737
6000	0.1	60	0.028123	7.450317
6000	0.1	57	0.027219	7.547485
6000	0.1	61	0.027324	7.531036
6000	0.1	56	0.026938	7.401276
6000	0.1	63	0.039921	7.560638
6000	0.1	55	0.026988	7.488831
6000	0.1	59	0.026906	7.475006
6000	0.1	64	0.027213	7.396393
6000	0.1	59	0.027106	7.598297
6000	0.1	60	0.026613	7.335968
6000	0.1	61	0.026909	7.344238
6000	0.1	60	0.027011	7.423187
6000	0.1	60	0.026757	7.461395
6000	0.1	55	0.026999	7.627563
6000	0.1	58	0.027183	7.627228
6000	0.1	63	0.053944	7.606049
6000	0.1	59	0.026981	7.585052
6000	0.1	63	0.027158	7.505188
6000	0.1	60	0.027221	7.442657
6000	0.1	61	0.027276	7.566376
6000	0.1	65	0.027333	7.512299
6000	0.1	60	0.027638	7.592133

7000	0.1	63	0.032729	8.647552
7000	0.1	61	0.032346	8.601532
7000	0.1	62	0.032281	8.612976
7000	0.1	62	0.032639	8.790253
7000	0.1	58	0.032266	8.666443
7000	0.1	58	0.032516	8.591858
7000	0.1	60	0.033817	8.841553
7000	0.1	61	0.032835	8.822815
7000	0.1	59	0.032491	8.734314
7000	0.1	64	0.032295	8.673645
7000	0.1	58	0.031803	8.572144
7000	0.1	56	0.032222	8.681549
7000	0.1	60	0.031941	8.659180
7000	0.1	55	0.032427	8.525940
7000	0.1	63	0.032667	8.815704
7000	0.1	63	0.033000	8.718872
7000	0.1	62	0.033351	8.790222
7000	0.1	62	0.032462	8.658051
7000	0.1	61	0.032458	8.880188
7000	0.1	61	0.032417	8.689911
7000	0.1	60	0.032387	8.755310
7000	0.1	58	0.032297	8.705322
7000	0.1	62	0.033422	8.782990
7000	0.1	58	0.032870	8.870575
7000	0.1	58	0.031923	8.564911
7000	0.1	61	0.033979	8.721344
7000	0.1	60	0.032598	8.846069
7000	0.1	56	0.032323	8.671173
7000	0.1	60	0.032768	8.741486
7000	0.1	61	0.032889	8.835327

8000	0.1	60	0.037991	9.898071
8000	0.1	65	0.037784	9.897797
8000	0.1	60	0.039169	9.962036
8000	0.1	60	0.038214	10.011139
8000	0.1	62	0.037813	9.959137
8000	0.1	60	0.037304	9.828552
8000	0.1	63	0.037667	9.892883
8000	0.1	61	0.037713	9.790131
8000	0.1	62	0.038386	10.075043
8000	0.1	62	0.037642	9.934845
8000	0.1	60	0.038198	9.902069
8000	0.1	64	0.038201	9.820129
8000	0.1	61	0.038780	9.929016
8000	0.1	60	0.038510	9.906799
8000	0.1	58	0.038098	9.916321
8000	0.1	62	0.038664	9.993073
8000	0.1	59	0.038282	10.072113
8000	0.1	58	0.037062	9.669800
8000	0.1	61	0.038649	9.795227
8000	0.1	57	0.037414	9.922546
8000	0.1	59	0.036904	9.655090
8000	0.1	60	0.037572	9.897614
8000	0.1	61	0.037833	9.946167
8000	0.1	61	0.037385	9.836426
8000	0.1	57	0.037737	9.922089
8000	0.1	59	0.038938	9.972748
8000	0.1	60	0.038338	9.854950
8000	0.1	56	0.037390	9.746338
8000	0.1	57	0.038559	10.027191
8000	0.1	58	0.038023	10.096985

9000	0.1	61	0.043330	11.118011
9000	0.1	60	0.043361	11.207184
9000	0.1	63	0.043455	10.906464
9000	0.1	62	0.043038	11.033783
9000	0.1	65	0.043247	11.186218
9000	0.1	60	0.043644	11.083160
9000	0.1	60	0.043736	10.973541
9000	0.1	61	0.042871	10.833496
9000	0.1	56	0.044318	10.969910
9000	0.1	58	0.044374	10.967773
9000	0.1	57	0.043608	11.107422
9000	0.1	61	0.044156	11.145050
9000	0.1	63	0.042957	10.969055
9000	0.1	61	0.043560	10.986664
9000	0.1	61	0.043542	11.074890
9000	0.1	62	0.044182	10.947571
9000	0.1	58	0.043541	11.117065
9000	0.1	57	0.044052	11.139069
9000	0.1	57	0.043244	10.992493
9000	0.1	60	0.043677	11.036407
9000	0.1	61	0.042857	10.930420
9000	0.1	61	0.043140	11.117981
9000	0.1	62	0.043780	11.212616
9000	0.1	61	0.043561	11.059235
9000	0.1	62	0.043699	11.114471
9000	0.1	58	0.044014	11.036285
9000	0.1	60	0.045682	11.311005
9000	0.1	60	0.043496	11.023285
9000	0.1	60	0.043684	11.092804
9000	0.1	59	0.043615	11.251312

10000	0.1	58	0.049186	12.236938
10000	0.1	62	0.048752	12.261841
10000	0.1	58	0.049474	12.457520
10000	0.1	57	0.048571	12.049561
10000	0.1	61	0.049602	12.361938
10000	0.1	58	0.048756	12.175293
10000	0.1	60	0.048885	12.183167
10000	0.1	62	0.049386	12.172546
10000	0.1	59	0.049582	12.303589
10000	0.1	60	0.048594	12.114990
10000	0.1	59	0.048660	12.236298
10000	0.1	60	0.049030	12.209595
10000	0.1	60	0.049352	12.353607
10000	0.1	59	0.049981	12.351959
10000	0.1	60	0.049257	12.032654
10000	0.1	62	0.050068	12.219025
10000	0.1	57	0.048657	12.219543
10000	0.1	59	0.049986	12.266418
10000	0.1	61	0.049868	12.104187
10000	0.1	59	0.054496	12.490967
10000	0.1	61	0.051143	12.332367
10000	0.1	60	0.048933	12.137451
10000	0.1	62	0.050526	12.537506
10000	0.1	58	0.048820	12.008636
10000	0.1	61	0.049878	12.178131
10000	0.1	60	0.049422	12.361237
10000	0.1	59	0.049312	12.156525
10000	0.1	62	0.050095	12.249969
10000	0.1	59	0.048880	12.221069
10000	0.1	61	0.048790	12.073578

11000	0.1	62	0.053891	13.121460
11000	0.1	60	0.056189	13.370728
11000	0.1	61	0.056269	13.198120
11000	0.1	63	0.057274	13.544830
11000	0.1	59	0.056401	13.529053
11000	0.1	60	0.055351	13.277832
11000	0.1	59	0.054896	13.476715
11000	0.1	61	0.055272	13.430115
11000	0.1	63	0.055108	13.386993
11000	0.1	58	0.054671	13.354950
11000	0.1	66	0.055086	13.543762
11000	0.1	64	0.054910	13.548157
11000	0.1	62	0.055911	13.417023
11000	0.1	62	0.054716	13.362427
11000	0.1	58	0.055800	13.681213
11000	0.1	58	0.054496	13.204803
11000	0.1	61	0.056505	13.398956
11000	0.1	59	0.054515	13.400665
11000	0.1	61	0.054830	13.293152
11000	0.1	65	0.055357	13.544159
11000	0.1	61	0.054952	13.434235
11000	0.1	63	0.054532	13.411224
11000	0.1	57	0.055156	13.383759
11000	0.1	58	0.055458	13.330719
11000	0.1	65	0.055195	13.252869
11000	0.1	61	0.054845	13.135773
11000	0.1	61	0.054858	13.365540
11000	0.1	63	0.058254	13.629517
11000	0.1	63	0.054894	13.410583
11000	0.1	57	0.055057	13.294342

12000	0.1	64	0.060179	14.586426
12000	0.1	61	0.060466	14.597656
12000	0.1	60	0.060565	14.406250
12000	0.1	60	0.060993	14.311584
12000	0.1	65	0.061081	14.728424
12000	0.1	58	0.061175	14.757477
12000	0.1	58	0.061842	14.807922
12000	0.1	63	0.062005	14.560638
12000	0.1	63	0.060847	14.729248
12000	0.1	64	0.061776	14.544952
12000	0.1	60	0.061790	14.710419
12000	0.1	59	0.062157	14.855682
12000	0.1	64	0.061412	14.540009
12000	0.1	64	0.061840	14.769745
12000	0.1	61	0.100161	14.436859
12000	0.1	57	0.064825	14.422089
12000	0.1	60	0.060476	14.497314
12000	0.1	58	0.061419	14.692963
12000	0.1	57	0.061353	14.795502
12000	0.1	60	0.061120	14.649139
12000	0.1	63	0.061518	14.673431
12000	0.1	60	0.061516	14.681396
12000	0.1	61	0.061584	14.633362
12000	0.1	61	0.061030	14.674652
12000	0.1	60	0.062655	14.629059
12000	0.1	61	0.061720	14.658661
12000	0.1	59	0.060207	14.299347
12000	0.1	59	0.122373	14.569122
12000	0.1	58	0.061614	14.421661
12000	0.1	59	0.060845	14.663513

13000	0.1	62	0.079852	15.798462
13000	0.1	61	0.066619	15.760681
13000	0.1	64	0.066491	15.632050
13000	0.1	60	0.067252	15.935455
13000	0.1	62	0.067370	15.978973
13000	0.1	61	0.068328	15.827026
13000	0.1	61	0.069412	15.861603
13000	0.1	60	0.068566	15.901062
13000	0.1	62	0.066760	15.881073
13000	0.1	63	0.066780	15.789246
13000	0.1	62	0.067839	15.645874
13000	0.1	61	0.066602	15.716858
13000	0.1	59	0.067141	16.012207
13000	0.1	60	0.066586	15.650909
13000	0.1	62	0.066103	15.611420
13000	0.1	58	0.067539	15.754547
13000	0.1	62	0.067241	15.635345
13000	0.1	60	0.066369	15.828644
13000	0.1	58	0.066534	15.772186
13000	0.1	59	0.066964	16.031372
13000	0.1	62	0.066680	15.840515
13000	0.1	62	0.066339	15.663300
13000	0.1	56	0.067876	15.827911
13000	0.1	60	0.066695	15.846344
13000	0.1	61	0.067451	15.851990
13000	0.1	68	0.066865	15.952820
13000	0.1	62	0.067444	15.925232
13000	0.1	60	0.069556	16.132843
13000	0.1	59	0.066714	15.773560
13000	0.1	61	0.067901	15.954559

14000	0.1	63	0.075520	17.119019
14000	0.1	62	0.076096	17.078400
14000	0.1	62	0.073824	16.940369
14000	0.1	61	0.075142	17.057312
14000	0.1	64	0.072298	16.965576
14000	0.1	58	0.073424	17.054474
14000	0.1	66	0.073969	17.281738
14000	0.1	62	0.073862	17.276154
14000	0.1	59	0.073164	17.000000
14000	0.1	61	0.072919	17.139954
14000	0.1	58	0.072738	17.142761
14000	0.1	59	0.072769	16.932892
14000	0.1	62	0.073738	17.101410
14000	0.1	62	0.072443	17.002411
14000	0.1	58	0.073379	17.190796
14000	0.1	60	0.074048	16.867828
14000	0.1	60	0.073833	17.173157
14000	0.1	61	0.073506	16.918762
14000	0.1	60	0.073387	17.052948
14000	0.1	58	0.073913	17.156372
14000	0.1	62	0.075100	17.165588
14000	0.1	60	0.085656	16.896393
14000	0.1	61	0.073845	17.417511
14000	0.1	62	0.073365	17.214142
14000	0.1	62	0.104653	17.310822
14000	0.1	61	0.074053	17.161835
14000	0.1	62	0.075044	17.192291
14000	0.1	59	0.074059	17.054321
14000	0.1	60	0.073200	17.066956
14000	0.1	63	0.073902	16.948456

15000	0.1	63	0.080383	18.284149
15000	0.1	62	0.083465	18.263824
15000	0.1	61	0.080674	18.470612
15000	0.1	60	0.080704	18.541229
15000	0.1	64	0.078956	17.965424
15000	0.1	61	0.083612	18.490753
15000	0.1	61	0.079473	18.338104
15000	0.1	60	0.078972	18.215179
15000	0.1	58	0.080041	18.167572
15000	0.1	60	0.079397	18.542145
15000	0.1	61	0.079305	18.276886
15000	0.1	61	0.081233	18.318787
15000	0.1	59	0.078550	18.092804
15000	0.1	58	0.080520	18.201233
15000	0.1	60	0.080798	18.218872
15000	0.1	61	0.080489	18.418549
15000	0.1	61	0.079429	18.392181
15000	0.1	61	0.080845	18.226593
15000	0.1	65	0.078892	18.141357
15000	0.1	62	0.080485	18.370087
15000	0.1	60	0.079541	18.131836
15000	0.1	63	0.080558	18.412903
15000	0.1	61	0.079324	18.225464
15000	0.1	64	0.080469	18.499756
15000	0.1	61	0.081134	18.369202
15000	0.1	62	0.079225	18.291901
15000	0.1	58	0.080785	18.555817
15000	0.1	63	0.080598	18.056580
15000	0.1	58	0.081650	18.684235
15000	0.1	63	0.080535	18.365906

16000	0.1	64	0.087415	20.005920
16000	0.1	63	0.086502	19.567413
16000	0.1	60	0.087121	19.401520
16000	0.1	62	0.086299	19.759247
16000	0.1	61	0.087004	19.680206
16000	0.1	63	0.086118	19.587341
16000	0.1	61	0.087857	19.960999
16000	0.1	63	0.087427	19.716187
16000	0.1	64	0.086663	19.559143
16000	0.1	61	0.087139	19.518555
16000	0.1	58	0.086291	19.530365
16000	0.1	60	0.086914	19.967163
16000	0.1	63	0.086070	19.696472
16000	0.1	60	0.086712	19.671509
16000	0.1	61	0.086026	19.684082
16000	0.1	63	0.086542	19.647095
16000	0.1	64	0.086315	19.587433
16000	0.1	61	0.086810	19.510010
16000	0.1	65	0.085597	19.608459
16000	0.1	63	0.087340	19.822998
16000	0.1	60	0.087270	19.658722
16000	0.1	62	0.085513	19.550079
16000	0.1	61	0.086462	19.472931
16000	0.1	62	0.086603	19.517944
16000	0.1	62	0.087902	19.663025
16000	0.1	63	0.086587	19.690765
16000	0.1	63	0.087834	20.003876
16000	0.1	63	0.087528	19.835571
16000	0.1	58	0.086841	19.487823
16000	0.1	60	0.085873	19.698578

17000	0.1	58	0.091361	20.638306
17000	0.1	61	0.094493	20.780792
17000	0.1	63	0.094399	21.130371
17000	0.1	63	0.094066	20.758453
17000	0.1	59	0.094082	20.892700
17000	0.1	61	0.092134	20.968842
17000	0.1	58	0.092038	20.944183
17000	0.1	61	0.097264	20.880096
17000	0.1	61	0.160302	20.772675
17000	0.1	60	0.094770	20.998199
17000	0.1	60	0.093610	21.389648
17000	0.1	59	0.093531	20.790924
17000	0.1	63	0.093326	21.015747
17000	0.1	63	0.093153	21.061127
17000	0.1	63	0.093212	20.780182
17000	0.1	63	0.091977	20.797424
17000	0.1	62	0.121029	21.203217
17000	0.1	63	0.093245	21.071014
17000	0.1	63	0.092192	20.779053
17000	0.1	63	0.093743	20.985046
17000	0.1	63	0.092059	20.881927
17000	0.1	60	0.095381	20.937042
17000	0.1	63	0.092667	21.271057
17000	0.1	60	0.092368	21.042206
17000	0.1	62	0.094265	21.202759
17000	0.1	60	0.092613	20.808533
17000	0.1	60	0.093732	20.958710
17000	0.1	57	0.092152	20.584930
17000	0.1	63	0.094416	20.864441
17000	0.1	60	0.093742	20.896942

18000	0.1	62	0.099194	22.278473
18000	0.1	64	0.100278	22.295074
18000	0.1	56	0.098526	22.237396
18000	0.1	62	0.098949	22.239532
18000	0.1	61	0.101202	22.387482
18000	0.1	62	0.099001	22.353882
18000	0.1	63	0.138455	22.397522
18000	0.1	58	0.098733	21.868378
18000	0.1	59	0.104055	22.106140
18000	0.1	63	0.166753	22.023834
18000	0.1	59	0.099219	22.430115
18000	0.1	60	0.101169	22.233398
18000	0.1	61	0.099531	22.221619
18000	0.1	64	0.111132	22.658752
18000	0.1	62	0.099653	22.324402
18000	0.1	62	0.099048	22.148651
18000	0.1	64	0.099272	22.296295
18000	0.1	66	0.099182	22.327423
18000	0.1	59	0.100032	22.177368
18000	0.1	61	0.100054	22.185944
18000	0.1	61	0.099914	22.150574
18000	0.1	61	0.099705	22.314972
18000	0.1	61	0.100277	22.318329
18000	0.1	65	0.100246	22.212280
18000	0.1	63	0.100263	22.577026
18000	0.1	61	0.099059	22.233765
18000	0.1	63	0.099647	22.116638
18000	0.1	59	0.098989	22.146271
18000	0.1	63	0.099607	22.348328
18000	0.1	61	0.099181	22.493225

19000	0.1	61	0.107377	23.746460
19000	0.1	64	0.106036	23.460022
19000	0.1	58	0.106457	23.734558
19000	0.1	63	0.112254	23.922852
19000	0.1	62	0.111418	23.495209
19000	0.1	62	0.107377	23.538177
19000	0.1	60	0.107023	23.993225
19000	0.1	62	0.106235	23.491486
19000	0.1	61	0.108866	23.642303
19000	0.1	61	0.108175	23.659210
19000	0.1	66	0.106078	23.493011
19000	0.1	57	0.106260	23.706268
19000	0.1	61	0.107743	23.511963
19000	0.1	59	0.108320	23.581482
19000	0.1	60	0.106310	23.695862
19000	0.1	62	0.107477	23.507538
19000	0.1	63	0.106623	23.873474
19000	0.1	59	0.105463	23.533356
19000	0.1	61	0.106172	23.537048
19000	0.1	63	0.105973	23.591217
19000	0.1	63	0.105634	23.592896
19000	0.1	64	0.106267	23.688446
19000	0.1	55	0.108108	23.740845
19000	0.1	62	0.107625	23.779236
19000	0.1	63	0.105507	23.276215
19000	0.1	61	0.109468	24.138000
19000	0.1	61	0.107141	23.671661
19000	0.1	63	0.105127	23.452850
19000	0.1	62	0.105751	23.544373
19000	0.1	63	0.105953	23.813232

20000	0.1	65	0.112790	24.990295
20000	0.1	61	0.112705	25.035278
20000	0.1	61	0.113929	25.309601
20000	0.1	62	0.114180	25.411469
20000	0.1	61	0.112362	24.905884
20000	0.1	60	0.114680	25.041412
20000	0.1	59	0.114009	24.998016
20000	0.1	61	0.113314	24.729218
20000	0.1	59	0.147466	25.354980
20000	0.1	62	0.112661	24.992706
20000	0.1	62	0.113675	25.146179
20000	0.1	66	0.180014	25.348022
20000	0.1	63	0.113603	25.187988
20000	0.1	57	0.115952	25.270935
20000	0.1	63	0.114217	24.946594
20000	0.1	62	0.147356	25.167297
20000	0.1	61	0.117923	25.390015
20000	0.1	60	0.112703	25.031189
20000	0.1	60	0.135979	25.329926
20000	0.1	61	0.116615	25.107513
20000	0.1	63	0.115323	25.608459
20000	0.1	63	0.111877	24.844543
20000	0.1	60	0.111615	24.539398
20000	0.1	63	0.113935	24.909454
20000	0.1	61	0.112676	24.878448
20000	0.1	60	0.113839	25.160370
20000	0.1	59	0.116267	25.149811
20000	0.1	63	0.113094	25.000793
20000	0.1	60	0.112532	24.903229
20000	0.1	61	0.113189	25.264252

21000	0.1	60	0.121487	26.367767
21000	0.1	59	0.178263	26.575439
21000	0.1	62	0.122002	26.538055
21000	0.1	62	0.121257	26.607025
21000	0.1	62	0.121663	26.456055
21000	0.1	62	0.120855	26.526276
21000	0.1	63	0.120954	26.459595
21000	0.1	64	0.120448	26.720551
21000	0.1	61	0.121437	26.698730
21000	0.1	62	0.121222	26.564911
21000	0.1	60	0.119859	26.381165
21000	0.1	65	0.145178	26.286377
21000	0.1	62	0.120141	26.478058
21000	0.1	61	0.120657	26.555389
21000	0.1	59	0.119752	26.462250
21000	0.1	61	0.121009	26.227478
21000	0.1	64	0.121170	26.754578
21000	0.1	59	0.124031	26.709351
21000	0.1	59	0.121514	26.723328
21000	0.1	61	0.123050	26.761444
21000	0.1	59	0.121029	26.474945
21000	0.1	62	0.121286	26.524567
21000	0.1	61	0.119568	26.562805
21000	0.1	63	0.120075	26.341400
21000	0.1	60	0.120779	26.715485
21000	0.1	63	0.120300	26.513275
21000	0.1	62	0.119824	26.533600
21000	0.1	67	0.122798	26.487305
21000	0.1	59	0.121768	26.410095
21000	0.1	64	0.122829	26.649963

22000	0.1	59	0.128739	28.151642
22000	0.1	62	0.197459	28.033722
22000	0.1	61	0.128659	28.061310
22000	0.1	62	0.127827	28.191589
22000	0.1	63	0.165360	28.202667
22000	0.1	62	0.128089	27.879242
22000	0.1	61	0.128556	28.145355
22000	0.1	64	0.127314	28.014038
22000	0.1	59	0.127960	27.977753
22000	0.1	63	0.126365	27.631042
22000	0.1	60	0.128615	28.039856
22000	0.1	64	0.128630	28.069122
22000	0.1	64	0.191892	27.681763
22000	0.1	64	0.162766	27.914673
22000	0.1	62	0.126832	27.750702
22000	0.1	62	0.126866	27.869598
22000	0.1	62	0.130720	28.031067
22000	0.1	60	0.168491	28.119934
22000	0.1	61	0.128711	27.924347
22000	0.1	62	0.127462	28.084595
22000	0.1	63	0.127763	28.101471
22000	0.1	61	0.127416	27.800720
22000	0.1	65	0.156673	27.987335
22000	0.1	64	0.127842	27.869110
22000	0.1	65	0.190275	28.166199
22000	0.1	61	0.126808	27.801666
22000	0.1	63	0.128995	28.060028
22000	0.1	61	0.127338	27.988708
22000	0.1	63	0.128919	27.976379
22000	0.1	62	0.128145	28.028534

23000	0.1	60	0.156487	29.167908
23000	0.1	62	0.134659	29.500122
23000	0.1	63	0.134051	29.609985
23000	0.1	59	0.135581	29.537476
23000	0.1	64	0.137790	29.416168
23000	0.1	61	0.137162	29.695374
23000	0.1	63	0.138029	29.707153
23000	0.1	65	0.135266	29.712311
23000	0.1	62	0.134446	29.578552
23000	0.1	59	0.174998	29.496399
23000	0.1	60	0.134396	29.462830
23000	0.1	62	0.135544	29.659851
23000	0.1	61	0.135094	29.717712
23000	0.1	64	0.135506	29.782043
23000	0.1	62	0.134333	29.183075
23000	0.1	62	0.133308	29.208069
23000	0.1	62	0.135935	29.363007
23000	0.1	63	0.137352	29.620972
23000	0.1	63	0.202707	29.604248
23000	0.1	61	0.136147	29.677338
23000	0.1	64	0.136761	29.652161
23000	0.1	63	0.134264	29.230865
23000	0.1	64	0.136228	29.631104
23000	0.1	63	0.135559	29.484009
23000	0.1	60	0.135135	29.400330
23000	0.1	64	0.134319	29.540009
23000	0.1	61	0.134848	29.579407
23000	0.1	60	0.134634	29.395844
23000	0.1	60	0.134001	29.351379
23000	0.1	58	0.136021	29.677094

24000	0.1	61	0.142604	31.076660
24000	0.1	63	0.142053	31.129395
24000	0.1	61	0.143021	30.892059
24000	0.1	61	0.204392	30.919128
24000	0.1	63	0.143401	30.765686
24000	0.1	60	0.142511	30.986511
24000	0.1	63	0.144122	31.138062
24000	0.1	65	0.142853	30.931030
24000	0.1	62	0.142854	30.984528
24000	0.1	60	0.143242	30.948273
24000	0.1	60	0.141863	30.959656
24000	0.1	63	0.143620	30.991180
24000	0.1	61	0.142353	31.260315
24000	0.1	61	0.141424	30.986359
24000	0.1	62	0.143774	31.200653
24000	0.1	64	0.216062	30.945221
24000	0.1	64	0.142275	31.200867
24000	0.1	59	0.142112	30.854340
24000	0.1	64	0.145439	31.026978
24000	0.1	62	0.166486	30.873474
24000	0.1	62	0.143660	31.082245
24000	0.1	61	0.144641	31.019257
24000	0.1	60	0.142537	31.107300
24000	0.1	62	0.143136	31.039581
24000	0.1	62	0.142298	31.051422
24000	0.1	64	0.141518	30.857849
24000	0.1	60	0.143648	30.786011
24000	0.1	61	0.141190	30.889038
24000	0.1	59	0.141265	30.671783
24000	0.1	62	0.185053	30.987701

25000	0.1	60	0.150067	32.561432
25000	0.1	59	0.149873	32.541718
25000	0.1	64	0.218571	32.895111
25000	0.1	61	0.153460	32.698273
25000	0.1	63	0.151042	32.666565
25000	0.1	60	0.150104	32.807983
25000	0.1	64	0.150393	32.531433
25000	0.1	65	0.148943	32.459442
25000	0.1	65	0.151053	32.884644
25000	0.1	60	0.151729	32.485107
25000	0.1	62	0.149612	32.634338
25000	0.1	66	0.149606	32.692596
25000	0.1	63	0.218332	32.578705
25000	0.1	60	0.148876	32.561707
25000	0.1	59	0.210773	32.543640
25000	0.1	58	0.212835	32.559570
25000	0.1	62	0.151515	32.806305
25000	0.1	64	0.216656	32.801208
25000	0.1	63	0.150071	32.571930
25000	0.1	62	0.150355	32.454376
25000	0.1	62	0.151727	32.540131
25000	0.1	61	0.148355	32.455139
25000	0.1	63	0.149442	32.538361
25000	0.1	65	0.148957	32.496399
25000	0.1	61	0.151056	33.013733
25000	0.1	59	0.153017	32.869415
25000	0.1	65	0.149211	32.426208
25000	0.1	63	0.148749	32.611603
25000	0.1	63	0.149306	32.618561
25000	0.1	59	0.184056	32.585083

26000	0.1	61	0.156900	34.284637
26000	0.1	65	0.155544	33.922485
26000	0.1	63	0.224224	34.033020
26000	0.1	62	0.217916	34.235107
26000	0.1	60	0.157177	34.206329
26000	0.1	60	0.157368	34.483093
26000	0.1	61	0.156974	34.333008
26000	0.1	61	0.158613	34.153656
26000	0.1	62	0.158984	34.132446
26000	0.1	62	0.157151	34.413055
26000	0.1	63	0.160683	34.426056
26000	0.1	63	0.198327	34.487335
26000	0.1	61	0.225606	34.298981
26000	0.1	61	0.160351	34.389526
26000	0.1	62	0.158269	34.050262
26000	0.1	58	0.157251	34.450195
26000	0.1	60	0.156347	34.139160
26000	0.1	60	0.192289	34.191101
26000	0.1	57	0.158382	34.169647
26000	0.1	64	0.157227	34.107727
26000	0.1	62	0.158572	34.090088
26000	0.1	60	0.157414	34.415771
26000	0.1	63	0.176286	34.540985
26000	0.1	60	0.158930	34.650055
26000	0.1	61	0.159772	34.472839
26000	0.1	59	0.156732	34.161652
26000	0.1	57	0.157994	34.268890
26000	0.1	61	0.157420	34.150208
26000	0.1	60	0.226091	34.268799
26000	0.1	62	0.163098	34.177032

27000	0.1	62	0.166309	35.929596
27000	0.1	64	0.189639	36.135864
27000	0.1	61	0.199083	36.223206
27000	0.1	64	0.165190	35.848145
27000	0.1	63	0.165098	35.912750
27000	0.1	61	0.166168	35.994995
27000	0.1	59	0.164920	36.028625
27000	0.1	60	0.165610	36.203430
27000	0.1	63	0.165626	35.751404
27000	0.1	60	0.164345	35.646484
27000	0.1	64	0.166554	36.166626
27000	0.1	61	0.164946	36.014893
27000	0.1	61	0.164276	35.706360
27000	0.1	60	0.165209	35.753662
27000	0.1	63	0.164445	35.729889
27000	0.1	63	0.164083	35.767609
27000	0.1	63	0.166327	36.063324
27000	0.1	62	0.165489	36.002258
27000	0.1	66	0.166545	36.052277
27000	0.1	62	0.165913	35.824463
27000	0.1	64	0.166256	36.001526
27000	0.1	62	0.234253	36.090332
27000	0.1	66	0.165118	35.626709
27000	0.1	63	0.173836	36.099243
27000	0.1	64	0.164317	35.982605
27000	0.1	62	0.164273	35.856232
27000	0.1	58	0.164828	35.830627
27000	0.1	61	0.166299	35.989655
27000	0.1	59	0.165509	35.915802
27000	0.1	64	0.168143	36.230469

28000	0.1	61	0.212679	38.039642
28000	0.1	62	0.172765	37.645355
28000	0.1	62	0.206110	37.909943
28000	0.1	60	0.172049	37.520477
28000	0.1	63	0.181052	37.549286
28000	0.1	62	0.171831	37.534363
28000	0.1	63	0.174717	37.720215
28000	0.1	60	0.174545	37.458191
28000	0.1	58	0.172955	37.428101
28000	0.1	60	0.179710	37.691833
28000	0.1	60	0.173795	37.916595
28000	0.1	62	0.173507	37.572754
28000	0.1	67	0.205035	37.606659
28000	0.1	62	0.172228	37.728088
28000	0.1	63	0.173348	37.684174
28000	0.1	66	0.174162	37.379913
28000	0.1	62	0.172699	37.626648
28000	0.1	58	0.211757	37.832855
28000	0.1	60	0.173311	38.063782
28000	0.1	63	0.175492	37.912720
28000	0.1	62	0.172546	37.677612
28000	0.1	62	0.177094	37.509735
28000	0.1	62	0.207714	37.792603
28000	0.1	62	0.172835	37.582611
28000	0.1	62	0.173998	37.872345
28000	0.1	64	0.201686	37.547058
28000	0.1	57	0.178533	37.889496
28000	0.1	63	0.172495	37.403259
28000	0.1	63	0.241719	37.401398
28000	0.1	60	0.213816	37.639313

29000	0.1	63	0.182526	39.387909
29000	0.1	60	0.181936	39.413727
29000	0.1	60	0.180251	39.436462
29000	0.1	64	0.183132	39.473511
29000	0.1	65	0.181649	39.300873
29000	0.1	60	0.180326	39.271851
29000	0.1	59	0.180715	39.301880
29000	0.1	63	0.181033	39.414917
29000	0.1	63	0.180775	39.330872
29000	0.1	62	0.180376	39.350464
29000	0.1	64	0.181097	39.256714
29000	0.1	64	0.182880	39.483002
29000	0.1	59	0.180847	39.170929
29000	0.1	60	0.181990	39.459076
29000	0.1	62	0.183086	39.217194
29000	0.1	64	0.180899	39.375549
29000	0.1	63	0.179455	39.214539
29000	0.1	66	0.183855	39.391998
29000	0.1	66	0.181134	39.469269
29000	0.1	61	0.183254	39.593689
29000	0.1	61	0.180102	39.322388
29000	0.1	60	0.180460	39.320129
29000	0.1	64	0.181822	39.609100
29000	0.1	63	0.181919	39.403687
29000	0.1	64	0.183291	39.624298
29000	0.1	59	0.180494	39.088867
29000	0.1	60	0.181329	39.588898
29000	0.1	61	0.181365	39.614655
29000	0.1	62	0.180162	39.185730
29000	0.1	63	0.181653	39.077728

30000	0.1	62	0.189438	41.199524
30000	0.1	65	0.187882	40.942963
30000	0.1	60	0.199012	41.507416
30000	0.1	59	0.188871	41.115784
30000	0.1	63	0.188684	41.014801
30000	0.1	64	0.240690	41.237518
30000	0.1	61	0.189389	41.309967
30000	0.1	60	0.190997	40.889343
30000	0.1	61	0.189912	41.346100
30000	0.1	59	0.259367	41.107971
30000	0.1	61	0.235094	41.190155
30000	0.1	65	0.189471	41.481812
30000	0.1	61	0.191203	40.831207
30000	0.1	61	0.189502	41.112854
30000	0.1	62	0.188794	41.256897
30000	0.1	61	0.189031	41.026215
30000	0.1	60	0.189495	41.112640
30000	0.1	62	0.191713	41.433563
30000	0.1	61	0.189735	41.582428
30000	0.1	63	0.188477	41.187286
30000	0.1	61	0.188464	41.259583
30000	0.1	63	0.222609	41.224884
30000	0.1	62	0.189527	41.028595
30000	0.1	61	0.190076	41.179871
30000	0.1	63	0.253943	41.302673
30000	0.1	62	0.190295	41.304993
30000	0.1	61	0.189724	41.187927
30000	0.1	59	0.188869	41.316833
30000	0.1	64	0.188561	40.996735
30000	0.1	63	0.189618	40.926575

