200	0.2	11	0.002225	0.173645
200	0.2	14	0.002437	0.197510
200	0.2	15	0.002031	0.148132
200	0.2	12	0.003545	0.199158
200	0.2	11	0.003315	0.197693
200	0.2	10	0.002392	0.249451
200	0.2	15	0.001131	0.163879
200	0.2	14	0.001140	0.182373
200	0.2	13	0.001145	0.171509
200	0.2	14	0.001130	0.156677
200	0.2	12	0.001076	0.195618
200	0.2	13	0.001130	0.153503
200	0.2	13	0.001086	0.171082
200	0.2	12	0.001125	0.228088
200	0.2	9	0.001182	0.241638
200	0.2	10	0.001169	0.210083
200	0.2	14	0.001084	0.184387
200	0.2	14	0.001164	0.180786
200	0.2	13	0.001138	0.197876
200	0.2	12	0.001098	0.195068
200	0.2	11	0.001143	0.178772
200	0.2	12	0.001181	0.214294
200	0.2	12	0.001195	0.227173
200	0.2	11	0.001182	0.271667
200	0.2	9	0.001196	0.240234
200	0.2	13	0.001131	0.189270
200	0.2	11	0.001102	0.192261
200	0.2	13	0.001149	0.195251
200	0.2	12	0.001090	0.178711
200	0.2	10	0.001150	0.201904

400	0.2	12	0.002960	1.120056
400	0.2	12	0.002549	0.735535
400	0.2	13	0.002503	0.803894
400	0.2	13	0.002428	0.771545
400	0.2	16	0.002387	0.632568
400	0.2	18	0.002727	0.718811
400	0.2	11	0.002510	0.884094
400	0.2	15	0.002584	0.762878
400	0.2	12	0.002397	0.632080
400	0.2	15	0.002592	0.732361
400	0.2	12	0.002657	0.829224
400	0.2	15	0.002571	0.689331
400	0.2	12	0.002624	0.820068
400	0.2	15	0.002537	0.812317
400	0.2	11	0.002549	0.808899
400	0.2	14	0.002542	0.763306
400	0.2	14	0.002421	0.633057
400	0.2	16	0.002607	0.772034
400	0.2	12	0.002403	0.755798
400	0.2	17	0.002393	0.622803
400	0.2	14	0.004116	0.678162
400	0.2	15	0.002585	0.759094
400	0.2	14	0.002670	0.723328
400	0.2	12	0.002772	1.014221
400	0.2	14	0.002453	0.671265
400	0.2	14	0.002680	0.859192
400	0.2	15	0.002454	0.741882
400	0.2	16	0.002552	0.717224
400	0.2	12	0.002366	0.738037
400	0.2	14	0.002499	0.711792

600	0.2	17	0.004445	1.969055
600	0.2	17	0.004018	1.443237
600	0.2	16	0.004029	1.407715
600	0.2	15	0.004354	2.133484
600	0.2	16	0.004085	1.638611
600	0.2	18	0.004046	1.574951
600	0.2	14	0.004248	1.713928
600	0.2	14	0.004188	1.862000
600	0.2	16	0.003922	1.615906
600	0.2	13	0.004108	1.911560
600	0.2	13	0.004725	2.040588
600	0.2	10	0.004916	2.444031
600	0.2	15	0.004373	1.553040
600	0.2	13	0.004430	1.756409
600	0.2	14	0.004328	2.144165
600	0.2	15	0.004322	1.721313
600	0.2	15	0.004146	1.744629
600	0.2	11	0.004263	1.918274
600	0.2	15	0.004402	1.741577
600	0.2	16	0.004146	1.649109
600	0.2	14	0.004238	1.769714
600	0.2	15	0.004732	1.611389
600	0.2	15	0.004630	2.033020
600	0.2	18	0.004041	1.379822
600	0.2	15	0.004382	1.613708
600	0.2	14	0.004156	1.688843
600	0.2	16	0.004124	1.684326
600	0.2	14	0.004293	1.558777
600	0.2	12	0.004811	2.156494
600	0.2	15	0.004369	1.808411

800	0.2	15	0.006698	3.452148
800	0.2	15	0.006288	2.901489
800	0.2	11	0.006596	3.473511
800	0.2	18	0.006101	2.539612
800	0.2	16	0.008847	2.939087
800	0.2	18	0.006053	2.685791
800	0.2	16	0.005920	2.526245
800	0.2	13	0.006592	3.628479
800	0.2	15	0.006149	3.056580
800	0.2	16	0.005715	2.997375
800	0.2	11	0.007213	5.399963
800	0.2	15	0.018923	3.548584
800	0.2	13	0.007212	3.160217
800	0.2	18	0.006269	2.942444
800	0.2	15	0.006164	3.113831
800	0.2	15	0.006287	3.161316
800	0.2	14	0.006283	3.420715
800	0.2	16	0.006051	2.613403
800	0.2	12	0.006370	3.221558
800	0.2	16	0.005827	2.862671
800	0.2	13	0.005755	2.751343
800	0.2	10	0.005896	3.522278
800	0.2	15	0.006149	2.967163
800	0.2	13	0.006450	3.183411
800	0.2	14	0.005809	2.768982
800	0.2	14	0.005813	2.512024
800	0.2	14	0.006260	3.470459
800	0.2	14	0.006459	3.153931
800	0.2	17	0.005847	2.841125
800	0.2	17	0.006358	2.861816

1000	0.2	15	0.008349	4.624939
1000	0.2	16	0.007558	3.967957
1000	0.2	18	0.023790	4.873291
1000	0.2	13	0.009095	5.352417
1000	0.2	13	0.009069	5.807739
1000	0.2	16	0.008180	4.704651
1000	0.2	14	0.008925	6.300781
1000	0.2	16	0.008734	5.401123
1000	0.2	20	0.007666	3.962402
1000	0.2	18	0.007823	3.753723
1000	0.2	20	0.008382	4.541260
1000	0.2	18	0.008114	4.316833
1000	0.2	19	0.008194	4.942810
1000	0.2	13	0.014794	6.268188
1000	0.2	16	0.008120	4.021301
1000	0.2	13	0.015492	5.617859
1000	0.2	17	0.008008	4.565735
1000	0.2	16	0.008106	4.060730
1000	0.2	19	0.009565	4.765137
1000	0.2	16	0.008241	5.604004
1000	0.2	19	0.007672	3.739075
1000	0.2	13	0.009947	7.966553
1000	0.2	15	0.008161	4.816406
1000	0.2	16	0.008878	4.716431
1000	0.2	16	0.008624	5.005005
1000	0.2	15	0.009814	4.435364
1000	0.2	16	0.008115	4.114136
1000	0.2	17	0.009844	4.400208
1000	0.2	15	0.008350	4.623596
1000	0.2	12	0.009297	7.597473

1200	0.2	15	0.012812	8.139893
1200	0.2	18	0.034084	6.244324
1200	0.2	12	0.022847	9.470337
1200	0.2	14	0.013023	8.259888
1200	0.2	16	0.010182	6.061584
1200	0.2	15	0.011594	7.109619
1200	0.2	11	0.011926	8.799866
1200	0.2	17	0.037377	7.350830
1200	0.2	16	0.021714	6.502197
1200	0.2	16	0.019308	7.434937
1200	0.2	13	0.010563	7.355835
1200	0.2	15	0.010539	6.150818
1200	0.2	16	0.010951	6.446106
1200	0.2	14	0.010707	7.051086
1200	0.2	18	0.010727	6.030884
1200	0.2	16	0.010778	7.085754
1200	0.2	14	0.011496	8.036499
1200	0.2	17	0.010934	6.464722
1200	0.2	18	0.009689	5.347290
1200	0.2	14	0.011204	7.076843
1200	0.2	16	0.028193	5.533936
1200	0.2	13	0.022333	7.895813
1200	0.2	15	0.011853	6.756104
1200	0.2	17	0.012012	7.721069
1200	0.2	19	0.010075	5.561157
1200	0.2	19	0.009873	5.518860
1200	0.2	17	0.011934	6.993896
1200	0.2	14	0.011363	8.629028
1200	0.2	14	0.011399	8.333679
1200	0.2	19	0.021239	6.279846

1400	0.2	15	0.014085	9.176514
1400	0.2	19	0.012922	7.735168
1400	0.2	11	0.016497	14.739685
1400	0.2	15	0.014377	11.732361
1400	0.2	16	0.016644	10.012634
1400	0.2	18	0.013208	7.932983
1400	0.2	18	0.014566	10.572388
1400	0.2	15	0.013717	9.073120
1400	0.2	17	0.014545	9.971313
1400	0.2	11	0.017892	17.986206
1400	0.2	16	0.014582	10.141174
1400	0.2	13	0.017502	13.927185
1400	0.2	17	0.013221	9.533997
1400	0.2	14	0.014543	10.856750
1400	0.2	17	0.012536	8.133484
1400	0.2	19	0.016385	7.772644
1400	0.2	20	0.012944	8.592957
1400	0.2	17	0.012707	7.167236
1400	0.2	18	0.023144	7.822266
1400	0.2	19	0.014559	9.481628
1400	0.2	15	0.013220	9.212036
1400	0.2	17	0.012975	8.418823
1400	0.2	12	0.013501	10.065857
1400	0.2	15	0.014426	10.037659
1400	0.2	18	0.013594	9.640869
1400	0.2	18	0.012649	7.729919
1400	0.2	17	0.014483	10.376953
1400	0.2	12	0.013416	10.342285
1400	0.2	14	0.014999	10.910461
1400	0.2	18	0.012890	8.393311

1600	0.2	14	0.017344	13.222839
1600	0.2	17	0.016932	13.188110
1600	0.2	18	0.015469	10.104492
1600	0.2	16	0.017130	11.546814
1600	0.2	19	0.014981	9.439148
1600	0.2	16	0.016737	13.331543
1600	0.2	17	0.016780	12.965332
1600	0.2	17	0.028829	11.640930
1600	0.2	13	0.015870	11.210754
1600	0.2	10	0.018194	14.740479
1600	0.2	19	0.016055	10.818237
1600	0.2	19	0.017397	11.869812
1600	0.2	19	0.016902	12.509338
1600	0.2	12	0.022810	15.134216
1600	0.2	18	0.016573	11.572754
1600	0.2	17	0.016766	11.634155
1600	0.2	18	0.016644	11.648132
1600	0.2	17	0.016278	11.265198
1600	0.2	14	0.017458	13.485840
1600	0.2	19	0.017781	12.607544
1600	0.2	13	0.042521	20.508240
1600	0.2	17	0.016902	12.615723
1600	0.2	23	0.031552	10.243469
1600	0.2	19	0.039447	10.336304
1600	0.2	15	0.032784	13.356873
1600	0.2	15	0.017677	13.530518
1600	0.2	17	0.017206	13.952637
1600	0.2	16	0.017447	13.152954
1600	0.2	17	0.017545	13.831543
1600	0.2	14	0.016537	12.163757

1800	0.2	18	0.020865	16.090393
1800	0.2	16	0.020885	16.562866
1800	0.2	14	0.019936	17.506836
1800	0.2	19	0.018604	13.383728
1800	0.2	14	0.023154	27.460999
1800	0.2	18	0.020266	13.981750
1800	0.2	18	0.018365	12.894043
1800	0.2	17	0.029286	16.186279
1800	0.2	18	0.020963	14.766724
1800	0.2	17	0.020440	16.437195
1800	0.2	17	0.020000	14.963013
1800	0.2	16	0.020322	15.115234
1800	0.2	16	0.022023	18.501770
1800	0.2	15	0.021018	16.178406
1800	0.2	18	0.019825	14.457703
1800	0.2	15	0.020371	16.727356
1800	0.2	16	0.022651	20.937927
1800	0.2	21	0.018801	12.150208
1800	0.2	19	0.021744	17.128723
1800	0.2	16	0.020533	17.571472
1800	0.2	17	0.021025	16.065857
1800	0.2	14	0.019968	16.047546
1800	0.2	17	0.031969	14.386169
1800	0.2	14	0.020847	19.595276
1800	0.2	16	0.020412	17.330261
1800	0.2	14	0.018977	14.664917
1800	0.2	14	0.020992	16.799866
1800	0.2	19	0.020380	16.566772
1800	0.2	16	0.021143	16.561707
1800	0.2	17	0.021052	17.021973

2000	0.2	18	0.023369	17.387146
2000	0.2	18	0.021886	15.764343
2000	0.2	18	0.026927	23.431519
2000	0.2	19	0.023051	18.298645
2000	0.2	17	0.027760	23.727417
2000	0.2	15	0.022541	20.412781
2000	0.2	16	0.025131	22.195007
2000	0.2	15	0.025661	22.842041
2000	0.2	17	0.024411	21.296631
2000	0.2	15	0.022160	18.341797
2000	0.2	15	0.026969	23.758972
2000	0.2	18	0.022885	16.984680
2000	0.2	16	0.028348	26.659485
2000	0.2	17	0.023635	17.842102
2000	0.2	18	0.024717	20.191284
2000	0.2	13	0.025781	23.720093
2000	0.2	17	0.021378	17.947876
2000	0.2	16	0.024951	22.847046
2000	0.2	18	0.023935	19.577271
2000	0.2	16	0.041212	16.888123
2000	0.2	17	0.024435	18.520508
2000	0.2	17	0.024292	18.807495
2000	0.2	18	0.022487	17.881287
2000	0.2	17	0.025864	20.320740
2000	0.2	12	0.041968	25.057922
2000	0.2	18	0.022621	19.973145
2000	0.2	15	0.027695	23.556091
2000	0.2	21	0.025168	18.998840
2000	0.2	18	0.024768	20.043274
2000	0.2	13	0.032835	26.434692

2200	0.2	21	0.026721	19.056824
2200	0.2	17	0.027498	22.115784
2200	0.2	13	0.031277	27.190613
2200	0.2	18	0.038710	21.100586
2200	0.2	21	0.025541	19.180176
2200	0.2	13	0.032719	31.573486
2200	0.2	18	0.027130	21.357361
2200	0.2	16	0.029332	25.581726
2200	0.2	19	0.026269	19.721375
2200	0.2	16	0.048646	26.756836
2200	0.2	17	0.026684	22.218811
2200	0.2	16	0.030585	23.212402
2200	0.2	20	0.028216	22.635071
2200	0.2	17	0.027839	23.345520
2200	0.2	14	0.030115	25.979858
2200	0.2	18	0.030774	25.320618
2200	0.2	15	0.031283	29.746338
2200	0.2	13	0.031647	27.715088
2200	0.2	17	0.028541	26.065674
2200	0.2	20	0.026008	19.944397
2200	0.2	14	0.035765	33.506653
2200	0.2	17	0.026231	21.056335
2200	0.2	15	0.026379	22.597229
2200	0.2	20	0.026477	21.999634
2200	0.2	20	0.028359	22.173218
2200	0.2	23	0.025196	17.989380
2200	0.2	18	0.028590	24.385803
2200	0.2	22	0.027659	21.754822
2200	0.2	18	0.026274	21.422058
2200	0.2	16	0.031538	25.540161

2400	0.2	20	0.033614	26.641602
2400	0.2	16	0.034466	30.872559
2400	0.2	19	0.034439	29.382812
2400	0.2	20	0.030315	21.887451
2400	0.2	22	0.029284	21.965820
2400	0.2	20	0.030811	26.627930
2400	0.2	15	0.031185	24.624634
2400	0.2	16	0.036279	37.371887
2400	0.2	16	0.035597	33.081543
2400	0.2	15	0.052000	33.006226
2400	0.2	20	0.032578	27.962952
2400	0.2	15	0.033664	29.601685
2400	0.2	15	0.031968	30.088196
2400	0.2	20	0.035347	29.938354
2400	0.2	17	0.032380	26.417114
2400	0.2	19	0.032953	27.127686
2400	0.2	18	0.033632	27.285583
2400	0.2	18	0.034348	30.388245
2400	0.2	16	0.036241	34.601807
2400	0.2	15	0.031529	30.185120
2400	0.2	16	0.030992	26.427979
2400	0.2	17	0.034565	28.217224
2400	0.2	16	0.032564	29.951538
2400	0.2	11	0.042662	43.145081
2400	0.2	19	0.032197	26.948181
2400	0.2	16	0.032478	27.894043
2400	0.2	16	0.048604	25.745728
2400	0.2	16	0.035268	31.834656
2400	0.2	18	0.032500	27.219910
2400	0.2	16	0.035469	31.334229

2600	0.2	16	0.043465	36.190918
2600	0.2	18	0.035434	29.652832
2600	0.2	20	0.036417	28.251465
2600	0.2	18	0.034279	27.716858
2600	0.2	20	0.038416	34.732178
2600	0.2	13	0.040115	43.588867
2600	0.2	19	0.039798	36.016235
2600	0.2	18	0.038100	33.853882
2600	0.2	14	0.048457	41.193970
2600	0.2	19	0.037864	31.846741
2600	0.2	16	0.037216	31.170959
2600	0.2	18	0.050244	48.563049
2600	0.2	17	0.043247	38.339111
2600	0.2	16	0.036315	33.710815
2600	0.2	19	0.037280	32.825134
2600	0.2	15	0.041864	39.714539
2600	0.2	18	0.033884	30.420044
2600	0.2	17	0.043074	40.248474
2600	0.2	18	0.033022	26.891785
2600	0.2	19	0.035764	27.923706
2600	0.2	19	0.034742	28.454834
2600	0.2	17	0.036761	30.194641
2600	0.2	15	0.037429	37.583557
2600	0.2	14	0.044189	38.286499
2600	0.2	21	0.037664	31.293457
2600	0.2	15	0.040956	39.588623
2600	0.2	20	0.037890	30.848572
2600	0.2	16	0.038091	36.710938
2600	0.2	18	0.035076	29.759827
2600	0.2	19	0.039492	37.110168

2800	0.2	17	0.041828	33.237610
2800	0.2	18	0.039197	33.533813
2800	0.2	14	0.040262	36.074524
2800	0.2	12	0.041181	38.263062
2800	0.2	17	0.042866	41.119385
2800	0.2	15	0.043851	42.758362
2800	0.2	17	0.040391	32.989258
2800	0.2	20	0.038546	30.846985
2800	0.2	17	0.043173	39.710144
2800	0.2	16	0.047313	53.944885
2800	0.2	18	0.040535	34.364319
2800	0.2	21	0.038877	34.034790
2800	0.2	19	0.038789	33.521423
2800	0.2	12	0.044169	47.510925
2800	0.2	18	0.038721	31.873352
2800	0.2	12	0.058845	56.665283
2800	0.2	18	0.041710	37.654358
2800	0.2	15	0.043534	44.966980
2800	0.2	20	0.038992	33.356628
2800	0.2	19	0.038522	29.820190
2800	0.2	17	0.043699	38.333252
2800	0.2	18	0.040622	32.849487
2800	0.2	16	0.040569	33.866272
2800	0.2	23	0.038136	28.479004
2800	0.2	19	0.037293	29.325623
2800	0.2	16	0.041363	36.563599
2800	0.2	17	0.039658	35.645996
2800	0.2	17	0.038230	31.727051
2800	0.2	19	0.048366	43.875732
2800	0.2	15	0.045516	44.569519

3000	0.2	17	0.043082	37.728516
3000	0.2	12	0.050214	60.505859
3000	0.2	22	0.045571	38.887390
3000	0.2	15	0.048539	48.283630
3000	0.2	21	0.043177	38.039185
3000	0.2	18	0.045872	39.537231
3000	0.2	15	0.052132	51.831665
3000	0.2	20	0.044309	41.973694
3000	0.2	17	0.049071	44.199768
3000	0.2	20	0.050526	41.243591
3000	0.2	14	0.050050	45.478638
3000	0.2	21	0.043831	38.256165
3000	0.2	21	0.045626	39.502991
3000	0.2	18	0.044435	38.282227
3000	0.2	13	0.045461	41.473206
3000	0.2	22	0.048045	41.937927
3000	0.2	19	0.047592	40.037415
3000	0.2	20	0.045426	41.340759
3000	0.2	18	0.047741	43.510559
3000	0.2	16	0.052755	52.815491
3000	0.2	13	0.044938	44.002380
3000	0.2	17	0.047723	44.405579
3000	0.2	15	0.047861	40.492493
3000	0.2	15	0.049257	46.943787
3000	0.2	19	0.043225	35.522339
3000	0.2	19	0.046955	41.555115
3000	0.2	20	0.069325	43.901917
3000	0.2	11	0.054738	67.687927
3000	0.2	21	0.042745	33.798157
3000	0.2	15	0.044017	38.377258

3200	0.2	21	0.055330	45.009033
3200	0.2	13	0.063968	64.908203
3200	0.2	18	0.051958	51.294800
3200	0.2	19	0.050095	47.746094
3200	0.2	19	0.055317	50.446289
3200	0.2	16	0.057992	55.128662
3200	0.2	17	0.050675	46.530823
3200	0.2	16	0.060093	57.459167
3200	0.2	20	0.049512	43.553894
3200	0.2	21	0.047853	40.036316
3200	0.2	15	0.053981	53.501099
3200	0.2	21	0.047583	42.808960
3200	0.2	21	0.052180	44.338318
3200	0.2	15	0.052582	52.412415
3200	0.2	21	0.049049	39.783569
3200	0.2	20	0.055666	49.271484
3200	0.2	12	0.063782	59.410156
3200	0.2	16	0.053514	51.901306
3200	0.2	19	0.052132	45.266907
3200	0.2	18	0.057724	52.627197
3200	0.2	18	0.053287	56.284973
3200	0.2	19	0.053776	50.073792
3200	0.2	17	0.053021	48.367065
3200	0.2	15	0.053453	60.421509
3200	0.2	13	0.053394	69.215210
3200	0.2	19	0.051419	45.255615
3200	0.2	17	0.054423	55.576416
3200	0.2	18	0.050499	47.355469
3200	0.2	20	0.054333	53.133423
3200	0.2	19	0.052830	46.325134

3400	0.2	18	0.057639	53.219421
3400	0.2	19	0.066101	59.756409
3400	0.2	15	0.063357	61.851440
3400	0.2	17	0.059910	56.418457
3400	0.2	15	0.069335	66.401428
3400	0.2	17	0.060081	57.920898
3400	0.2	17	0.054458	52.343811
3400	0.2	18	0.057486	52.806702
3400	0.2	19	0.056779	49.297119
3400	0.2	18	0.057448	51.642334
3400	0.2	20	0.058365	59.856262
3400	0.2	21	0.053561	45.037720
3400	0.2	17	0.060313	52.575745
3400	0.2	17	0.061020	59.682861
3400	0.2	13	0.068360	73.784424
3400	0.2	23	0.052385	43.941528
3400	0.2	16	0.061543	58.603516
3400	0.2	18	0.056120	49.165649
3400	0.2	20	0.061001	53.579041
3400	0.2	18	0.076458	56.306274
3400	0.2	21	0.057024	51.955200
3400	0.2	20	0.059813	53.886169
3400	0.2	15	0.065377	72.649719
3400	0.2	15	0.064762	63.741638
3400	0.2	19	0.070475	66.401978
3400	0.2	19	0.064317	61.179077
3400	0.2	16	0.060248	57.809875
3400	0.2	20	0.056569	50.180420
3400	0.2	17	0.059593	62.538452
3400	0.2	19	0.057713	52.992371

3600	0.2	16	0.066577	61.652588
3600	0.2	16	0.064208	69.153809
3600	0.2	23	0.063532	61.963745
3600	0.2	18	0.068741	63.047485
3600	0.2	17	0.059795	53.387146
3600	0.2	18	0.069366	64.698425
3600	0.2	20	0.056439	47.185730
3600	0.2	14	0.076873	80.857971
3600	0.2	17	0.067266	67.132751
3600	0.2	20	0.061067	54.546814
3600	0.2	17	0.063054	63.708374
3600	0.2	18	0.064009	59.670227
3600	0.2	15	0.064040	62.273621
3600	0.2	17	0.078564	72.680481
3600	0.2	21	0.063612	56.911987
3600	0.2	13	0.090976	90.872192
3600	0.2	18	0.068749	62.048889
3600	0.2	21	0.062477	57.212280
3600	0.2	17	0.088668	90.083191
3600	0.2	17	0.064641	56.766907
3600	0.2	12	0.094198	92.000732
3600	0.2	21	0.061912	51.749573
3600	0.2	16	0.068803	64.217102
3600	0.2	17	0.060572	52.898865
3600	0.2	18	0.086878	67.076172
3600	0.2	16	0.063858	66.536194
3600	0.2	18	0.067776	63.692383
3600	0.2	18	0.069384	63.338440
3600	0.2	15	0.086432	93.529114
3600	0.2	18	0.067321	63.326050

3800	0.2	13	0.084636	95.182922
3800	0.2	17	0.080405	82.018738
3800	0.2	18	0.075622	69.916748
3800	0.2	14	0.078111	85.157837
3800	0.2	15	0.080672	92.122559
3800	0.2	16	0.073746	83.339722
3800	0.2	18	0.064352	62.309509
3800	0.2	20	0.074505	65.895813
3800	0.2	18	0.069023	62.454590
3800	0.2	21	0.063422	60.429504
3800	0.2	20	0.071487	69.625183
3800	0.2	18	0.069327	62.729309
3800	0.2	15	0.079852	75.993408
3800	0.2	16	0.085028	82.927612
3800	0.2	23	0.071582	66.072205
3800	0.2	18	0.074851	73.598694
3800	0.2	16	0.080199	84.256897
3800	0.2	15	0.066757	76.273254
3800	0.2	18	0.071134	71.989258
3800	0.2	20	0.072896	66.206177
3800	0.2	16	0.073894	80.874695
3800	0.2	20	0.073761	67.955200
3800	0.2	14	0.088396	85.980713
3800	0.2	17	0.097453	77.878418
3800	0.2	16	0.073294	69.144836
3800	0.2	18	0.068143	65.669189
3800	0.2	20	0.081355	80.382812
3800	0.2	17	0.147504	78.787964
3800	0.2	22	0.064669	56.636841
3800	0.2	20	0.071119	71.555115

4000	0.2	19	0.076917	73.256287
4000	0.2	19	0.089813	89.447021
4000	0.2	21	0.079795	75.450378
4000	0.2	16	0.079491	86.511475
4000	0.2	15	0.101269	94.524109
4000	0.2	22	0.071402	61.164429
4000	0.2	17	0.082525	77.977539
4000	0.2	20	0.071897	63.933350
4000	0.2	17	0.080417	81.527649
4000	0.2	16	0.095633	73.229004
4000	0.2	19	0.080999	69.835388
4000	0.2	22	0.074653	68.535645
4000	0.2	17	0.087662	87.670105
4000	0.2	17	0.080800	78.724060
4000	0.2	17	0.086247	87.068604
4000	0.2	16	0.081696	85.006470
4000	0.2	20	0.074743	64.629089
4000	0.2	18	0.084394	83.149048
4000	0.2	21	0.076699	74.280762
4000	0.2	19	0.082299	82.337219
4000	0.2	18	0.087567	85.788513
4000	0.2	16	0.083017	88.701111
4000	0.2	15	0.080010	86.103027
4000	0.2	22	0.074334	66.644348
4000	0.2	16	0.080058	88.090393
4000	0.2	14	0.082709	92.602783
4000	0.2	16	0.086532	89.969177
4000	0.2	18	0.078540	73.443176
4000	0.2	15	0.098701	102.376953
4000	0.2	16	0.078463	74.135681

4200	0.2	14	0.099945	105.771179
4200	0.2	10	0.089158	117.933472
4200	0.2	17	0.108137	73.780823
4200	0.2	16	0.092153	91.630493
4200	0.2	15	0.090376	91.327637
4200	0.2	17	0.124960	123.959167
4200	0.2	17	0.094159	105.350098
4200	0.2	16	0.090732	93.993774
4200	0.2	19	0.090744	83.069458
4200	0.2	15	0.084240	93.004578
4200	0.2	18	0.097659	93.811768
4200	0.2	18	0.130218	81.283203
4200	0.2	17	0.089463	95.543152
4200	0.2	15	0.109755	92.863770
4200	0.2	11	0.117883	115.890564
4200	0.2	18	0.090299	87.109741
4200	0.2	18	0.109680	78.313354
4200	0.2	17	0.090512	90.053040
4200	0.2	21	0.081815	75.890076
4200	0.2	18	0.095394	89.662170
4200	0.2	16	0.082380	78.718567
4200	0.2	17	0.098770	92.779724
4200	0.2	17	0.081979	79.914368
4200	0.2	17	0.089853	104.751648
4200	0.2	20	0.079132	69.882507
4200	0.2	21	0.085414	79.222839
4200	0.2	16	0.091122	111.847107
4200	0.2	13	0.110681	138.735535
4200	0.2	15	0.101925	151.415405
4200	0.2	16	0.087211	102.459534

4400	0.2	18	0.107924	105.332092
4400	0.2	18	0.085107	78.426880
4400	0.2	20	0.093821	85.740051
4400	0.2	17	0.095666	92.650391
4400	0.2	19	0.096827	110.452515
4400	0.2	17	0.116714	114.909424
4400	0.2	18	0.090416	82.371765
4400	0.2	15	0.145675	117.393677
4400	0.2	16	0.089514	85.481812
4400	0.2	21	0.086065	74.750671
4400	0.2	16	0.103305	125.387085
4400	0.2	18	0.169078	112.430847
4400	0.2	20	0.089862	89.638550
4400	0.2	17	0.107476	105.528503
4400	0.2	20	0.098192	89.965393
4400	0.2	18	0.115730	91.089783
4400	0.2	18	0.090521	94.654297
4400	0.2	17	0.091835	86.577759
4400	0.2	19	0.087441	83.245789
4400	0.2	18	0.100326	96.871704
4400	0.2	19	0.081180	73.764404
4400	0.2	16	0.091323	88.814880
4400	0.2	19	0.098477	96.656738
4400	0.2	16	0.096629	92.348206
4400	0.2	15	0.122500	118.485107
4400	0.2	19	0.153005	98.227600
4400	0.2	21	0.156928	85.994751
4400	0.2	18	0.153157	85.510559
4400	0.2	16	0.159199	89.854370
4400	0.2	18	0.162262	103.277466

4600	0.2	16	0.143793	94.448303
4600	0.2	19	0.100436	100.873169
4600	0.2	19	0.102819	102.964233
4600	0.2	14	0.184083	136.722290
4600	0.2	20	0.162063	92.532410
4600	0.2	17	0.187240	127.856323
4600	0.2	16	0.166340	99.422302
4600	0.2	17	0.119531	131.679932
4600	0.2	22	0.091715	85.418152
4600	0.2	16	0.115472	116.769165
4600	0.2	19	0.153675	122.708435
4600	0.2	19	0.164827	94.837585
4600	0.2	17	0.173410	108.073303
4600	0.2	19	0.112846	113.070435
4600	0.2	12	0.194091	137.563293
4600	0.2	16	0.182374	108.314331
4600	0.2	22	0.165065	93.677856
4600	0.2	15	0.171331	118.050415
4600	0.2	15	0.164945	109.548645
4600	0.2	22	0.090807	88.351379
4600	0.2	18	0.105726	102.957336
4600	0.2	18	0.163420	115.563782
4600	0.2	13	0.110263	118.553284
4600	0.2	23	0.095961	93.897949
4600	0.2	18	0.102392	109.344910
4600	0.2	19	0.147473	93.745544
4600	0.2	17	0.100998	103.501465
4600	0.2	19	0.127003	110.251404
4600	0.2	18	0.175378	122.186829
4600	0.2	20	0.186820	108.432251

4800	0.2	19	0.127939	104.757935
4800	0.2	16	0.188606	135.235779
4800	0.2	21	0.099213	93.179626
4800	0.2	18	0.118934	93.283752
4800	0.2	14	0.149237	139.020325
4800	0.2	15	0.118806	139.680298
4800	0.2	14	0.152645	171.392761
4800	0.2	16	0.115240	110.622314
4800	0.2	15	0.147360	114.685425
4800	0.2	21	0.175744	98.975586
4800	0.2	20	0.178224	109.365479
4800	0.2	17	0.185783	121.781067
4800	0.2	21	0.105377	101.172302
4800	0.2	19	0.116822	113.821533
4800	0.2	18	0.167792	112.212463
4800	0.2	19	0.191815	123.991394
4800	0.2	22	0.171216	96.827942
4800	0.2	13	0.145475	146.328735
4800	0.2	17	0.132243	104.243103
4800	0.2	19	0.177377	110.242065
4800	0.2	18	0.179597	112.111877
4800	0.2	19	0.173523	103.827881
4800	0.2	18	0.173150	104.518738
4800	0.2	20	0.154794	100.119080
4800	0.2	16	0.133326	180.169800
4800	0.2	17	0.124873	141.228760
4800	0.2	16	0.122770	130.249268
4800	0.2	23	0.095040	90.304871
4800	0.2	20	0.112578	117.545654
4800	0.2	18	0.145368	111.356873

5000	0.2	22	0.112780	103.489014
5000	0.2	13	0.201688	188.446045
5000	0.2	16	0.208350	144.989929
5000	0.2	22	0.154165	113.988464
5000	0.2	12	0.214484	162.262268
5000	0.2	20	0.131294	97.445679
5000	0.2	19	0.123499	120.733521
5000	0.2	16	0.181331	114.207092
5000	0.2	19	0.171905	103.255371
5000	0.2	19	0.115456	107.330627
5000	0.2	20	0.196898	117.775818
5000	0.2	12	0.194789	148.376526
5000	0.2	18	0.183856	141.755981
5000	0.2	20	0.143293	118.821106
5000	0.2	20	0.116355	135.007202
5000	0.2	15	0.183421	128.511353
5000	0.2	17	0.175751	143.802490
5000	0.2	21	0.166921	100.357727
5000	0.2	18	0.179568	114.531006
5000	0.2	17	0.193577	148.708374
5000	0.2	19	0.196046	127.791504
5000	0.2	20	0.186047	113.194946
5000	0.2	19	0.180677	106.979370
5000	0.2	21	0.150389	127.515747
5000	0.2	19	0.176000	100.148682
5000	0.2	14	0.206953	174.550903
5000	0.2	17	0.145186	112.284424
5000	0.2	18	0.154756	123.113708
5000	0.2	17	0.134733	145.536011
5000	0.2	17	0.121926	125.688721

5200	0.2	22	0.115962	111.102844
5200	0.2	18	0.198688	125.523804
5200	0.2	19	0.117590	119.434753
5200	0.2	19	0.179383	118.358582
5200	0.2	13	0.193826	149.344788
5200	0.2	21	0.195061	128.035767
5200	0.2	20	0.161290	114.340149
5200	0.2	18	0.172620	143.026672
5200	0.2	21	0.128836	114.740356
5200	0.2	19	0.158094	130.414734
5200	0.2	18	0.198875	142.639282
5200	0.2	18	0.204981	137.103577
5200	0.2	16	0.190887	130.427612
5200	0.2	20	0.186987	116.900696
5200	0.2	22	0.197586	133.627808
5200	0.2	19	0.196992	131.581604
5200	0.2	20	0.115612	115.056396
5200	0.2	19	0.155054	131.153320
5200	0.2	19	0.136572	138.359985
5200	0.2	16	0.149490	162.082336
5200	0.2	16	0.188864	156.165466
5200	0.2	19	0.194721	148.913269
5200	0.2	17	0.149700	148.045349
5200	0.2	17	0.139495	149.378906
5200	0.2	19	0.206497	141.213074
5200	0.2	21	0.146871	97.556152
5200	0.2	17	0.178160	139.563171
5200	0.2	14	0.192971	137.163513
5200	0.2	18	0.192830	146.506348
5200	0.2	11	0.205842	196.815308

5400	0.2	16	0.175912	200.103394
5400	0.2	20	0.181427	122.383179
5400	0.2	16	0.179689	148.565613
5400	0.2	18	0.204499	167.537354
5400	0.2	21	0.198559	130.504089
5400	0.2	21	0.186868	122.669739
5400	0.2	14	0.153945	172.890503
5400	0.2	19	0.219152	150.917175
5400	0.2	21	0.192366	127.996887
5400	0.2	20	0.198108	129.146362
5400	0.2	16	0.172753	148.239014
5400	0.2	19	0.165017	127.696838
5400	0.2	21	0.184369	131.604065
5400	0.2	14	0.224388	176.954773
5400	0.2	16	0.165325	192.229004
5400	0.2	20	0.124480	121.646729
5400	0.2	18	0.199522	141.514404
5400	0.2	17	0.192715	170.482910
5400	0.2	16	0.180374	174.427368
5400	0.2	19	0.196860	127.148682
5400	0.2	22	0.136998	109.884277
5400	0.2	21	0.170848	120.896301
5400	0.2	19	0.136773	119.421509
5400	0.2	16	0.229286	168.886719
5400	0.2	17	0.187223	141.883484
5400	0.2	21	0.177326	119.659668
5400	0.2	22	0.168114	116.918762
5400	0.2	20	0.175267	136.560486
5400	0.2	21	0.170143	104.782043
5400	0.2	14	0.135269	139.184875

5600	0.2	16	0.217245	229.668213
5600	0.2	19	0.217203	160.458679
5600	0.2	13	0.239313	185.177734
5600	0.2	16	0.226439	184.914001
5600	0.2	20	0.216681	153.966187
5600	0.2	19	0.210083	136.941406
5600	0.2	18	0.167605	132.387939
5600	0.2	19	0.138148	129.798096
5600	0.2	17	0.176182	194.109619
5600	0.2	21	0.169332	137.273987
5600	0.2	17	0.140426	143.828552
5600	0.2	17	0.197907	148.977234
5600	0.2	20	0.143220	136.176575
5600	0.2	24	0.203770	125.482422
5600	0.2	20	0.152611	125.540649
5600	0.2	24	0.149559	129.825134
5600	0.2	15	0.147088	150.621155
5600	0.2	20	0.155057	147.885498
5600	0.2	19	0.179652	146.237000
5600	0.2	17	0.195380	158.187561
5600	0.2	18	0.219744	150.479431
5600	0.2	18	0.201360	135.785522
5600	0.2	20	0.220269	177.549805
5600	0.2	19	0.180929	172.037720
5600	0.2	20	0.131927	135.493713
5600	0.2	20	0.180323	134.048889
5600	0.2	15	0.151425	151.860901
5600	0.2	17	0.179965	189.217651
5600	0.2	21	0.142089	130.550781
5600	0.2	19	0.182450	145.494812

5800	0.2	12	0.193583	215.667786
5800	0.2	22	0.215269	149.020630
5800	0.2	19	0.220164	160.704773
5800	0.2	18	0.185544	157.582336
5800	0.2	17	0.231170	201.921997
5800	0.2	20	0.169909	175.338013
5800	0.2	14	0.177874	231.533020
5800	0.2	20	0.205511	142.149780
5800	0.2	20	0.249847	197.153076
5800	0.2	15	0.209819	181.229553
5800	0.2	16	0.234409	195.482544
5800	0.2	16	0.230216	157.539185
5800	0.2	20	0.144161	127.888489
5800	0.2	19	0.171210	170.983215
5800	0.2	20	0.185152	153.318542
5800	0.2	19	0.206815	136.021851
5800	0.2	18	0.191579	157.007263
5800	0.2	14	0.267223	198.076477
5800	0.2	21	0.199665	126.273193
5800	0.2	19	0.194744	174.613892
5800	0.2	18	0.210372	162.524658
5800	0.2	20	0.209662	137.748596
5800	0.2	17	0.244349	177.257507
5800	0.2	17	0.185334	166.224182
5800	0.2	17	0.245144	241.340576
5800	0.2	15	0.139980	157.250854
5800	0.2	18	0.216017	156.793396
5800	0.2	20	0.208469	168.391235
5800	0.2	16	0.258979	185.782959
5800	0.2	18	0.213571	163.829956

6000	0.2	18	0.158807	165.218994
6000	0.2	19	0.152056	152.305237
6000	0.2	20	0.152545	150.286560
6000	0.2	20	0.193567	147.788452
6000	0.2	16	0.145132	147.527222
6000	0.2	19	0.207106	182.706299
6000	0.2	20	0.163734	164.896606
6000	0.2	18	0.159501	168.003296
6000	0.2	18	0.231491	166.704468
6000	0.2	20	0.179953	150.213440
6000	0.2	21	0.198988	177.693726
6000	0.2	18	0.205285	165.833862
6000	0.2	20	0.225549	152.785828
6000	0.2	15	0.264270	243.599243
6000	0.2	20	0.229342	170.145203
6000	0.2	22	0.159153	157.836914
6000	0.2	17	0.251218	208.052612
6000	0.2	18	0.213639	165.670227
6000	0.2	17	0.188684	185.808533
6000	0.2	23	0.219621	140.835938
6000	0.2	16	0.237795	218.917175
6000	0.2	19	0.161878	175.905701
6000	0.2	17	0.223639	163.220276
6000	0.2	19	0.230454	179.195984
6000	0.2	19	0.202242	185.757507
6000	0.2	19	0.148601	152.468628
6000	0.2	21	0.231873	161.883118
6000	0.2	21	0.176095	180.338867
6000	0.2	23	0.219236	149.139648
6000	0.2	20	0.154932	164.325439

