200	0.2	14	0.001981	0.158081
200	0.2	14	0.002024	0.174988
200	0.2	15	0.001969	0.176453
200	0.2	15	0.004001	0.163757
200	0.2	13	0.002692	0.167664
200	0.2	14	0.001104	0.169800
200	0.2	13	0.001108	0.168945
200	0.2	13	0.001669	0.169678
200	0.2	14	0.001108	0.176392
200	0.2	14	0.001033	0.169434
200	0.2	14	0.001095	0.182190
200	0.2	15	0.001117	0.169922
200	0.2	14	0.001147	0.168701
200	0.2	15	0.001218	0.177612
200	0.2	17	0.001108	0.162964
200	0.2	14	0.001074	0.168579
200	0.2	14	0.001036	0.167114
200	0.2	15	0.001109	0.162170
200	0.2	14	0.001086	0.166016
200	0.2	14	0.001030	0.169006
200	0.2	15	0.001077	0.170349
200	0.2	17	0.001113	0.175415
200	0.2	15	0.001121	0.176025
200	0.2	18	0.001114	0.166870
200	0.2	14	0.001033	0.174683
200	0.2	15	0.001109	0.169800
200	0.2	16	0.001928	0.166382
200	0.2	14	0.001122	0.175842
200	0.2	14	0.001052	0.166260
200	0.2	15	0.001112	0.169495

400	0.2	17	0.002392	0.648621
400	0.2	16	0.002383	0.655518
400	0.2	15	0.002525	0.689575
400	0.2	16	0.002818	0.665344
400	0.2	16	0.002494	0.663940
400	0.2	16	0.002395	0.662720
400	0.2	16	0.002434	0.693176
400	0.2	14	0.002483	0.650269
400	0.2	16	0.002507	0.681702
400	0.2	16	0.002480	0.674438
400	0.2	15	0.002423	0.639771
400	0.2	15	0.003017	0.674255
400	0.2	16	0.002336	0.670227
400	0.2	18	0.002474	0.642334
400	0.2	16	0.002491	0.662292
400	0.2	16	0.002357	0.663879
400	0.2	17	0.002506	0.709900
400	0.2	19	0.002321	0.648438
400	0.2	17	0.002494	0.668457
400	0.2	16	0.002505	0.672974
400	0.2	17	0.003957	0.665894
400	0.2	17	0.002474	0.673645
400	0.2	15	0.002507	0.670715
400	0.2	16	0.002501	0.645203
400	0.2	16	0.002469	0.652405
400	0.2	18	0.002874	0.641113
400	0.2	16	0.002403	0.656372
400	0.2	16	0.002337	0.674316
400	0.2	14	0.002335	0.672119
400	0.2	17	0.002343	0.657104

600	0.2	15	0.004172	1.472900
600	0.2	15	0.003901	1.520691
600	0.2	17	0.003964	1.485413
600	0.2	18	0.003924	1.486145
600	0.2	18	0.004022	1.543823
600	0.2	15	0.004100	1.499451
600	0.2	16	0.003962	1.469849
600	0.2	15	0.003903	1.465149
600	0.2	18	0.003969	1.489441
600	0.2	17	0.003923	1.452576
600	0.2	17	0.004821	1.495911
600	0.2	17	0.004208	1.493225
600	0.2	16	0.003781	1.469482
600	0.2	16	0.003918	1.500977
600	0.2	15	0.004189	1.476990
600	0.2	17	0.003948	1.466919
600	0.2	16	0.004102	1.523193
600	0.2	16	0.004186	1.471497
600	0.2	16	0.004204	1.492859
600	0.2	17	0.004132	1.485046
600	0.2	16	0.004161	1.465027
600	0.2	16	0.004192	1.446228
600	0.2	18	0.004185	1.464600
600	0.2	17	0.003979	1.495605
600	0.2	16	0.004096	1.501038
600	0.2	17	0.003900	1.472595
600	0.2	17	0.003978	1.468445
600	0.2	15	0.004192	1.484924
600	0.2	18	0.004123	1.473145
600	0.2	17	0.004150	1.534729

800	0.2	19	0.005948	2.681885
800	0.2	18	0.005845	2.661621
800	0.2	19	0.006205	2.683411
800	0.2	17	0.006029	2.716919
800	0.2	16	0.006022	2.664185
800	0.2	15	0.006078	2.578247
800	0.2	17	0.006122	2.783020
800	0.2	17	0.006071	2.631104
800	0.2	16	0.005908	2.735901
800	0.2	18	0.006251	2.666260
800	0.2	18	0.011552	2.570435
800	0.2	17	0.009495	2.526428
800	0.2	18	0.005919	2.699219
800	0.2	18	0.005865	2.619019
800	0.2	17	0.005423	2.680176
800	0.2	16	0.006007	2.669250
800	0.2	17	0.005717	2.618652
800	0.2	16	0.005591	2.640686
800	0.2	16	0.005583	2.645630
800	0.2	16	0.005722	2.594421
800	0.2	16	0.005631	2.598755
800	0.2	16	0.005804	2.611450
800	0.2	17	0.006032	2.682251
800	0.2	16	0.005709	2.584167
800	0.2	17	0.005528	2.665405
800	0.2	16	0.009578	2.668152
800	0.2	16	0.006020	2.642822
800	0.2	18	0.005921	2.647339
800	0.2	17	0.005824	2.636902
800	0.2	17	0.005605	2.636292

1000	0.2	17	0.007708	4.106567
1000	0.2	17	0.007817	4.253235
1000	0.2	18	0.007943	4.160522
1000	0.2	18	0.008057	4.095276
1000	0.2	18	0.008021	4.091187
1000	0.2	17	0.008472	4.155762
1000	0.2	16	0.007980	4.103271
1000	0.2	19	0.007893	4.171936
1000	0.2	17	0.007603	4.165588
1000	0.2	15	0.008333	4.250488
1000	0.2	17	0.007512	4.130432
1000	0.2	18	0.008003	4.244080
1000	0.2	17	0.007509	4.109009
1000	0.2	17	0.007956	4.157288
1000	0.2	18	0.007489	4.049011
1000	0.2	17	0.012979	4.141357
1000	0.2	17	0.008046	4.206787
1000	0.2	17	0.013963	4.208984
1000	0.2	17	0.007725	4.257263
1000	0.2	17	0.007596	4.211975
1000	0.2	19	0.020597	4.151001
1000	0.2	17	0.014128	4.172302
1000	0.2	18	0.008328	4.157532
1000	0.2	16	0.008025	4.222534
1000	0.2	17	0.021010	4.155884
1000	0.2	16	0.007876	4.186401
1000	0.2	18	0.013609	4.052856
1000	0.2	17	0.008084	4.170227
1000	0.2	18	0.008230	4.076477
1000	0.2	18	0.007559	4.097595

1200	0.2	16	0.010666	6.003845
1200	0.2	17	0.024750	5.887329
1200	0.2	17	0.016904	5.996582
1200	0.2	19	0.010707	5.868774
1200	0.2	17	0.010482	6.060181
1200	0.2	15	0.010662	5.967712
1200	0.2	16	0.010297	5.997009
1200	0.2	16	0.025998	5.982056
1200	0.2	19	0.018257	5.902100
1200	0.2	17	0.011888	5.880371
1200	0.2	15	0.010270	5.872498
1200	0.2	17	0.010824	6.026794
1200	0.2	17	0.010250	5.861816
1200	0.2	16	0.010420	5.774963
1200	0.2	18	0.010679	5.857666
1200	0.2	17	0.010625	5.987183
1200	0.2	19	0.011450	6.034180
1200	0.2	19	0.010629	5.999207
1200	0.2	20	0.010406	5.977051
1200	0.2	18	0.010322	5.958923
1200	0.2	15	0.022551	5.911011
1200	0.2	18	0.017378	6.159363
1200	0.2	17	0.011323	5.961914
1200	0.2	20	0.010174	6.052246
1200	0.2	18	0.010300	5.961304
1200	0.2	17	0.010090	6.037659
1200	0.2	18	0.010238	5.758362
1200	0.2	18	0.010795	5.999817
1200	0.2	18	0.010631	5.928589
1200	0.2	16	0.017315	6.070068

1400	0.2	19	0.013401	8.300598
1400	0.2	19	0.013625	8.046753
1400	0.2	17	0.012797	8.088928
1400	0.2	18	0.021737	8.041565
1400	0.2	18	0.014605	8.083923
1400	0.2	19	0.012750	8.108704
1400	0.2	17	0.013059	8.207336
1400	0.2	17	0.013120	8.052734
1400	0.2	17	0.013074	8.082031
1400	0.2	18	0.013302	8.294189
1400	0.2	19	0.013016	8.140991
1400	0.2	18	0.013040	8.175232
1400	0.2	20	0.012691	7.880127
1400	0.2	17	0.013258	7.973694
1400	0.2	17	0.012897	8.198669
1400	0.2	20	0.012747	8.034241
1400	0.2	17	0.012876	8.200500
1400	0.2	18	0.012934	8.282104
1400	0.2	18	0.013051	8.190063
1400	0.2	20	0.013268	8.217529
1400	0.2	18	0.012807	8.332092
1400	0.2	19	0.012897	7.986633
1400	0.2	19	0.012884	8.022095
1400	0.2	18	0.012775	8.102356
1400	0.2	17	0.012796	8.176941
1400	0.2	19	0.013178	8.182312
1400	0.2	19	0.012909	8.023071
1400	0.2	18	0.012825	8.074646
1400	0.2	16	0.013210	7.969055
1400	0.2	19	0.012961	8.100159

1600	0.2	18	0.016108	10.483582
1600	0.2	18	0.015853	10.574646
1600	0.2	18	0.016255	10.456543
1600	0.2	20	0.016051	10.511902
1600	0.2	18	0.015860	10.679871
1600	0.2	19	0.016026	10.560364
1600	0.2	17	0.015951	10.444946
1600	0.2	18	0.018876	10.830688
1600	0.2	19	0.016161	11.043945
1600	0.2	19	0.015799	10.582764
1600	0.2	17	0.016200	10.625610
1600	0.2	18	0.016022	10.622559
1600	0.2	17	0.029767	10.763550
1600	0.2	18	0.015784	10.501038
1600	0.2	18	0.015853	10.666443
1600	0.2	19	0.015838	10.649597
1600	0.2	17	0.015590	10.444153
1600	0.2	18	0.015661	10.430359
1600	0.2	17	0.015997	10.549011
1600	0.2	19	0.015766	10.553833
1600	0.2	16	0.020435	10.791504
1600	0.2	19	0.038021	10.456177
1600	0.2	19	0.026184	10.610046
1600	0.2	20	0.040517	10.690369
1600	0.2	19	0.021270	10.649414
1600	0.2	19	0.016096	10.696045
1600	0.2	18	0.015927	10.677063
1600	0.2	18	0.015436	10.553833
1600	0.2	18	0.015840	10.588074
1600	0.2	18	0.016133	11.009827

1800	0.2	18	0.018863	13.390564
1800	0.2	17	0.019270	13.297546
1800	0.2	20	0.019423	13.578857
1800	0.2	18	0.019312	13.685364
1800	0.2	17	0.019519	13.457581
1800	0.2	17	0.018840	13.479553
1800	0.2	18	0.019208	13.535828
1800	0.2	19	0.019335	13.634399
1800	0.2	20	0.019214	13.288879
1800	0.2	18	0.019591	13.435608
1800	0.2	17	0.019340	13.470276
1800	0.2	19	0.019024	13.280945
1800	0.2	17	0.019429	13.327332
1800	0.2	17	0.019193	13.394348
1800	0.2	18	0.018873	13.548035
1800	0.2	18	0.018775	13.373779
1800	0.2	17	0.018861	13.489380
1800	0.2	18	0.018918	13.626953
1800	0.2	17	0.018932	13.525818
1800	0.2	19	0.018925	13.547546
1800	0.2	18	0.019211	13.448181
1800	0.2	18	0.019109	13.406494
1800	0.2	19	0.019102	13.266418
1800	0.2	18	0.019509	13.625916
1800	0.2	17	0.019595	13.324890
1800	0.2	17	0.019422	13.364197
1800	0.2	18	0.019283	13.601624
1800	0.2	20	0.019311	13.578552
1800	0.2	19	0.018667	13.229675
1800	0.2	20	0.019747	13.526611

2000	0.2	18	0.023192	16.622253
2000	0.2	16	0.023066	16.571045
2000	0.2	17	0.022375	16.098633
2000	0.2	18	0.023096	16.657593
2000	0.2	17	0.023048	16.569519
2000	0.2	17	0.022999	16.449158
2000	0.2	17	0.022870	16.272034
2000	0.2	19	0.024092	16.480896
2000	0.2	18	0.022329	16.454224
2000	0.2	19	0.022895	16.508362
2000	0.2	18	0.022820	16.589355
2000	0.2	17	0.023003	16.441895
2000	0.2	16	0.022939	16.896973
2000	0.2	19	0.035106	16.353333
2000	0.2	17	0.022857	16.580322
2000	0.2	19	0.022902	16.717285
2000	0.2	18	0.022888	16.655884
2000	0.2	18	0.022983	16.420898
2000	0.2	18	0.023575	16.361938
2000	0.2	17	0.028442	16.687012
2000	0.2	18	0.022321	16.514648
2000	0.2	16	0.023159	16.642273
2000	0.2	18	0.035450	16.642761
2000	0.2	20	0.023300	16.766907
2000	0.2	17	0.025613	16.735352
2000	0.2	17	0.035313	16.767029
2000	0.2	19	0.022834	16.710815
2000	0.2	18	0.034115	16.562195
2000	0.2	18	0.022381	16.097290
2000	0.2	19	0.022439	16.172485

2200	0.2	18	0.027440	20.351013
2200	0.2	19	0.026571	19.772888
2200	0.2	19	0.026943	20.348022
2200	0.2	17	0.026361	19.619751
2200	0.2	18	0.026841	20.307068
2200	0.2	17	0.026591	20.108215
2200	0.2	20	0.026895	20.228210
2200	0.2	19	0.026271	19.974609
2200	0.2	18	0.026868	20.522461
2200	0.2	18	0.026573	20.056885
2200	0.2	20	0.026963	20.385132
2200	0.2	18	0.026949	20.268188
2200	0.2	20	0.026804	20.257202
2200	0.2	18	0.026565	19.652222
2200	0.2	18	0.026973	19.745850
2200	0.2	20	0.027815	20.099548
2200	0.2	18	0.026946	20.150269
2200	0.2	18	0.026774	20.193481
2200	0.2	18	0.026764	20.262451
2200	0.2	20	0.026696	20.024780
2200	0.2	20	0.026516	19.788086
2200	0.2	20	0.027355	20.429749
2200	0.2	18	0.026854	20.489868
2200	0.2	18	0.026307	20.041382
2200	0.2	19	0.026973	19.826111
2200	0.2	17	0.026791	20.136230
2200	0.2	19	0.026627	19.912231
2200	0.2	19	0.027197	20.114258
2200	0.2	18	0.026881	20.108398
2200	0.2	19	0.026928	19.836975

2400	0.2	19	0.031127	23.690369
2400	0.2	17	0.030758	23.811646
2400	0.2	19	0.032189	23.673828
2400	0.2	19	0.031577	24.231750
2400	0.2	18	0.030426	23.711670
2400	0.2	19	0.031390	24.122009
2400	0.2	19	0.030962	23.873352
2400	0.2	19	0.030970	23.496765
2400	0.2	19	0.031176	23.658813
2400	0.2	18	0.031334	23.977905
2400	0.2	18	0.031440	24.042053
2400	0.2	19	0.032789	23.970032
2400	0.2	18	0.031078	23.969788
2400	0.2	20	0.031649	24.092468
2400	0.2	16	0.031052	24.079407
2400	0.2	17	0.031193	24.100464
2400	0.2	17	0.030917	23.467346
2400	0.2	19	0.030965	23.909912
2400	0.2	19	0.031501	24.497314
2400	0.2	18	0.031350	24.289795
2400	0.2	18	0.031370	24.069214
2400	0.2	18	0.031103	24.100281
2400	0.2	19	0.031133	24.085388
2400	0.2	18	0.030753	23.715088
2400	0.2	19	0.030939	23.948608
2400	0.2	17	0.032229	24.231323
2400	0.2	20	0.032305	24.428406
2400	0.2	19	0.031531	23.816589
2400	0.2	18	0.031506	24.030457
2400	0.2	18	0.030817	23.578064

2600	0.2	19	0.035315	27.837402
2600	0.2	19	0.035628	28.632751
2600	0.2	19	0.044721	27.976807
2600	0.2	17	0.035187	27.676392
2600	0.2	18	0.034973	27.812683
2600	0.2	17	0.035944	28.217468
2600	0.2	20	0.035655	27.902954
2600	0.2	17	0.035978	28.276489
2600	0.2	18	0.035599	27.784180
2600	0.2	19	0.035437	27.478577
2600	0.2	18	0.035617	27.806091
2600	0.2	19	0.035717	28.439514
2600	0.2	19	0.036089	28.356079
2600	0.2	19	0.035668	28.293091
2600	0.2	18	0.035633	28.298279
2600	0.2	19	0.035279	28.172241
2600	0.2	17	0.035056	27.679382
2600	0.2	17	0.034984	27.743591
2600	0.2	19	0.035272	28.135437
2600	0.2	18	0.035131	27.667114
2600	0.2	21	0.035846	28.374390
2600	0.2	19	0.035377	27.906799
2600	0.2	20	0.036465	27.837952
2600	0.2	19	0.035109	28.009521
2600	0.2	18	0.036547	28.048462
2600	0.2	18	0.035928	28.553589
2600	0.2	21	0.035598	28.151550
2600	0.2	19	0.035676	28.230652
2600	0.2	20	0.035524	28.091919
2600	0.2	18	0.035950	28.174255

2800	0.2	18	0.040126	32.300415
2800	0.2	18	0.040267	32.146912
2800	0.2	18	0.040249	32.227722
2800	0.2	17	0.040701	32.807495
2800	0.2	18	0.040736	32.483826
2800	0.2	17	0.040173	32.346069
2800	0.2	18	0.040821	32.656311
2800	0.2	18	0.039886	32.168518
2800	0.2	17	0.040185	32.836182
2800	0.2	18	0.040602	32.453430
2800	0.2	18	0.039557	32.109436
2800	0.2	18	0.040288	32.585510
2800	0.2	19	0.040540	32.743408
2800	0.2	19	0.040552	31.799805
2800	0.2	19	0.040271	32.606873
2800	0.2	19	0.041528	33.093140
2800	0.2	19	0.040134	32.348083
2800	0.2	20	0.042137	33.058899
2800	0.2	18	0.039892	32.475281
2800	0.2	19	0.039720	32.104858
2800	0.2	21	0.040741	32.915405
2800	0.2	18	0.040147	32.373047
2800	0.2	18	0.040196	32.440308
2800	0.2	18	0.040446	32.800049
2800	0.2	19	0.040907	32.930176
2800	0.2	20	0.040367	32.544922
2800	0.2	18	0.041033	33.068970
2800	0.2	20	0.040093	32.010254
2800	0.2	18	0.040378	32.381958
2800	0.2	17	0.040469	32.750916

3000	0.2	17	0.045462	37.097961
3000	0.2	19	0.045607	38.130249
3000	0.2	20	0.045213	37.168091
3000	0.2	20	0.045189	37.667542
3000	0.2	17	0.044971	37.330750
3000	0.2	19	0.046099	37.211121
3000	0.2	19	0.045072	37.390991
3000	0.2	18	0.044957	37.424927
3000	0.2	18	0.044933	37.356384
3000	0.2	16	0.045570	37.429626
3000	0.2	20	0.045358	37.418823
3000	0.2	17	0.045584	37.004822
3000	0.2	20	0.044601	36.567932
3000	0.2	18	0.045544	37.598328
3000	0.2	18	0.044996	37.408142
3000	0.2	17	0.045953	36.869995
3000	0.2	19	0.045312	37.257812
3000	0.2	18	0.045693	37.875366
3000	0.2	19	0.045702	37.909851
3000	0.2	17	0.045045	36.982788
3000	0.2	20	0.045207	37.084717
3000	0.2	17	0.044932	37.284241
3000	0.2	21	0.045227	36.919373
3000	0.2	20	0.045849	37.355713
3000	0.2	20	0.045257	37.633118
3000	0.2	20	0.045463	37.283569
3000	0.2	18	0.045574	37.142578
3000	0.2	19	0.045747	37.749084
3000	0.2	20	0.045053	37.194336
3000	0.2	17	0.045816	37.940491

3200	0.2	20	0.050816	42.917908
3200	0.2	20	0.050970	42.653137
3200	0.2	19	0.050629	42.172913
3200	0.2	18	0.051545	43.059143
3200	0.2	19	0.051057	42.402222
3200	0.2	20	0.051109	42.500732
3200	0.2	19	0.051147	42.860168
3200	0.2	20	0.051117	42.821228
3200	0.2	19	0.051543	42.174316
3200	0.2	19	0.050324	42.357605
3200	0.2	20	0.050886	42.560608
3200	0.2	19	0.050444	42.717529
3200	0.2	17	0.050249	41.962646
3200	0.2	18	0.051607	42.527405
3200	0.2	19	0.050795	42.606567
3200	0.2	18	0.051253	43.281677
3200	0.2	18	0.050751	42.130615
3200	0.2	20	0.051572	42.558960
3200	0.2	20	0.050767	42.307678
3200	0.2	17	0.049968	41.911987
3200	0.2	19	0.050504	42.548035
3200	0.2	18	0.050341	42.101440
3200	0.2	17	0.064192	42.850403
3200	0.2	18	0.111548	42.420593
3200	0.2	19	0.050736	42.446167
3200	0.2	17	0.051012	42.883362
3200	0.2	18	0.050286	42.410583
3200	0.2	19	0.051081	42.827515
3200	0.2	20	0.064538	43.251038
3200	0.2	19	0.050232	42.340515

3400	0.2	19	0.057696	47.940002
3400	0.2	18	0.056654	48.102905
3400	0.2	18	0.056215	47.661682
3400	0.2	19	0.057425	48.034302
3400	0.2	18	0.056376	48.362671
3400	0.2	18	0.056232	48.087585
3400	0.2	19	0.056295	48.129211
3400	0.2	18	0.057054	48.370911
3400	0.2	18	0.056654	48.058899
3400	0.2	18	0.056099	47.573059
3400	0.2	17	0.056718	48.359009
3400	0.2	18	0.058571	47.538513
3400	0.2	18	0.056757	47.240234
3400	0.2	19	0.056273	48.025269
3400	0.2	19	0.056152	48.114868
3400	0.2	18	0.055938	47.824829
3400	0.2	20	0.057554	48.323364
3400	0.2	20	0.056126	47.839417
3400	0.2	17	0.056895	48.483215
3400	0.2	17	0.057086	48.416504
3400	0.2	18	0.056792	48.613281
3400	0.2	18	0.057124	48.255554
3400	0.2	20	0.057004	48.507629
3400	0.2	18	0.056477	47.978577
3400	0.2	18	0.057893	48.082947
3400	0.2	20	0.056470	48.038086
3400	0.2	19	0.057087	48.329224
3400	0.2	18	0.056971	47.907288
3400	0.2	19	0.056522	47.632568
3400	0.2	18	0.056440	48.036682

3600	0.2	20	0.062886	53.839355
3600	0.2	18	0.062603	53.960571
3600	0.2	20	0.062309	53.616211
3600	0.2	19	0.062767	53.905334
3600	0.2	20	0.061992	53.189758
3600	0.2	19	0.062441	53.783264
3600	0.2	18	0.062705	53.644165
3600	0.2	21	0.061929	53.520142
3600	0.2	18	0.063168	53.946167
3600	0.2	18	0.062743	53.785706
3600	0.2	18	0.062454	53.968262
3600	0.2	17	0.061965	53.346252
3600	0.2	20	0.062160	53.472839
3600	0.2	18	0.062309	53.578125
3600	0.2	18	0.062960	54.677551
3600	0.2	17	0.062374	53.778870
3600	0.2	18	0.062313	53.628174
3600	0.2	18	0.061855	53.047119
3600	0.2	18	0.062010	53.610352
3600	0.2	18	0.062725	54.724609
3600	0.2	18	0.061728	53.291260
3600	0.2	18	0.062081	53.358521
3600	0.2	20	0.061954	53.605591
3600	0.2	19	0.063311	53.640747
3600	0.2	19	0.062002	53.268066
3600	0.2	19	0.062468	53.636963
3600	0.2	18	0.063412	54.636658
3600	0.2	21	0.062021	53.454224
3600	0.2	18	0.061748	53.483948
3600	0.2	17	0.062297	54.219482

3800	0.2	19	0.069212	60.203186
3800	0.2	18	0.068675	59.614868
3800	0.2	18	0.068083	59.466064
3800	0.2	21	0.068378	59.804077
3800	0.2	20	0.068052	59.610718
3800	0.2	19	0.068377	59.763550
3800	0.2	23	0.069461	60.666199
3800	0.2	16	0.068926	60.329346
3800	0.2	16	0.068362	59.535217
3800	0.2	19	0.068512	59.827515
3800	0.2	16	0.067910	58.912476
3800	0.2	19	0.068813	60.038635
3800	0.2	20	0.069268	60.605713
3800	0.2	20	0.069110	60.276978
3800	0.2	20	0.068762	60.122437
3800	0.2	18	0.068835	60.078674
3800	0.2	20	0.068702	59.832825
3800	0.2	18	0.067224	58.628601
3800	0.2	19	0.067901	59.333557
3800	0.2	20	0.068779	59.507812
3800	0.2	19	0.069401	59.576416
3800	0.2	18	0.068359	59.877991
3800	0.2	19	0.071071	60.648865
3800	0.2	20	0.090717	59.842712
3800	0.2	18	0.068164	59.716003
3800	0.2	18	0.068308	59.668701
3800	0.2	20	0.091393	60.237976
3800	0.2	20	0.120105	60.289001
3800	0.2	19	0.068280	59.543518
3800	0.2	19	0.068513	60.151672

4000	0.2	20	0.074971	66.384644
4000	0.2	18	0.075044	66.369629
4000	0.2	20	0.075462	66.589111
4000	0.2	20	0.092238	65.711365
4000	0.2	18	0.075703	66.632507
4000	0.2	18	0.075893	65.989380
4000	0.2	19	0.074784	66.218994
4000	0.2	17	0.075389	66.481812
4000	0.2	17	0.075027	66.542419
4000	0.2	16	0.076047	66.921387
4000	0.2	20	0.074653	65.353333
4000	0.2	19	0.074553	66.065247
4000	0.2	18	0.075090	66.703064
4000	0.2	19	0.074519	66.173523
4000	0.2	20	0.096109	65.738037
4000	0.2	18	0.075512	66.644836
4000	0.2	21	0.075254	66.362793
4000	0.2	19	0.097654	66.036621
4000	0.2	19	0.075245	66.684143
4000	0.2	17	0.075024	65.928345
4000	0.2	21	0.075882	66.842590
4000	0.2	19	0.075814	66.734802
4000	0.2	20	0.074815	65.853821
4000	0.2	20	0.074612	65.884644
4000	0.2	17	0.075230	66.854187
4000	0.2	19	0.076132	66.347229
4000	0.2	19	0.075314	66.557373
4000	0.2	18	0.075216	66.575317
4000	0.2	18	0.075090	66.430176
4000	0.2	18	0.075155	65.653564

4200	0.2	18	0.082722	73.690430
4200	0.2	18	0.094369	72.697327
4200	0.2	19	0.126433	73.604309
4200	0.2	18	0.081967	73.187683
4200	0.2	18	0.081843	72.647217
4200	0.2	17	0.108887	73.788269
4200	0.2	17	0.081976	73.178345
4200	0.2	20	0.081586	72.915771
4200	0.2	19	0.081835	72.347412
4200	0.2	18	0.082334	73.520935
4200	0.2	19	0.099263	72.797302
4200	0.2	20	0.082926	73.482483
4200	0.2	20	0.082533	73.615234
4200	0.2	16	0.109964	73.247925
4200	0.2	18	0.081567	73.077637
4200	0.2	19	0.082178	73.338867
4200	0.2	23	0.100082	73.842896
4200	0.2	20	0.082373	73.663147
4200	0.2	20	0.082087	73.263916
4200	0.2	17	0.093772	72.724792
4200	0.2	19	0.081881	72.797607
4200	0.2	19	0.082269	72.897278
4200	0.2	17	0.098884	72.422424
4200	0.2	19	0.084468	73.024902
4200	0.2	18	0.081437	72.789001
4200	0.2	20	0.082761	73.726440
4200	0.2	19	0.082108	73.001770
4200	0.2	19	0.109793	73.247559
4200	0.2	21	0.083930	73.433960
4200	0.2	19	0.082606	73.112793

4400	0.2	18	0.089097	80.187317
4400	0.2	20	0.088991	79.732727
4400	0.2	17	0.089673	81.143311
4400	0.2	19	0.090324	80.719543
4400	0.2	18	0.101614	80.562561
4400	0.2	20	0.088684	79.628601
4400	0.2	18	0.089237	80.380615
4400	0.2	19	0.156730	80.290771
4400	0.2	18	0.111927	80.186279
4400	0.2	18	0.088693	79.971680
4400	0.2	20	0.112161	80.898499
4400	0.2	19	0.090179	81.281921
4400	0.2	21	0.090108	80.574463
4400	0.2	19	0.089570	80.318176
4400	0.2	21	0.089278	80.133972
4400	0.2	20	0.148678	79.681152
4400	0.2	18	0.089270	79.874878
4400	0.2	20	0.090216	79.587036
4400	0.2	18	0.090603	79.519470
4400	0.2	19	0.106496	80.027344
4400	0.2	19	0.089626	79.723877
4400	0.2	17	0.089205	80.087402
4400	0.2	19	0.089441	79.339905
4400	0.2	20	0.088895	79.663330
4400	0.2	19	0.122560	80.001648
4400	0.2	19	0.147372	80.739685
4400	0.2	19	0.157594	79.391663
4400	0.2	19	0.147880	80.690796
4400	0.2	19	0.147518	79.973633
4400	0.2	20	0.157711	79.859863

4600	0.2	20	0.148273	88.500366
4600	0.2	18	0.095965	86.859741
4600	0.2	21	0.130733	87.859253
4600	0.2	20	0.147068	88.306335
4600	0.2	19	0.164179	87.018616
4600	0.2	19	0.163817	87.287354
4600	0.2	21	0.099149	87.110352
4600	0.2	17	0.097043	88.231323
4600	0.2	19	0.096934	88.125549
4600	0.2	20	0.096229	87.379150
4600	0.2	19	0.131740	87.843506
4600	0.2	19	0.148274	88.287903
4600	0.2	20	0.124577	87.436890
4600	0.2	19	0.098769	88.081360
4600	0.2	17	0.162137	88.113586
4600	0.2	17	0.164956	88.768127
4600	0.2	20	0.150291	87.570129
4600	0.2	18	0.164332	86.747925
4600	0.2	19	0.118855	87.307373
4600	0.2	21	0.097260	88.526978
4600	0.2	18	0.163776	87.089600
4600	0.2	17	0.165942	88.475586
4600	0.2	19	0.096954	88.023865
4600	0.2	20	0.096462	87.499695
4600	0.2	19	0.097555	88.716675
4600	0.2	18	0.095982	87.123657
4600	0.2	19	0.118370	87.276672
4600	0.2	19	0.165458	88.750732
4600	0.2	22	0.163690	88.897644
4600	0.2	19	0.163621	87.844055

4800	0.2	18	0.171868	95.104736
4800	0.2	17	0.130656	95.224976
4800	0.2	18	0.104453	95.926819
4800	0.2	20	0.120639	93.918457
4800	0.2	21	0.104920	94.779663
4800	0.2	18	0.105196	95.549255
4800	0.2	18	0.141450	94.963440
4800	0.2	20	0.104367	94.803772
4800	0.2	19	0.171113	95.328735
4800	0.2	18	0.172909	95.156128
4800	0.2	19	0.173041	96.055542
4800	0.2	18	0.104058	95.397034
4800	0.2	19	0.103386	94.369568
4800	0.2	19	0.133223	96.247253
4800	0.2	21	0.172178	95.947876
4800	0.2	17	0.161197	94.859375
4800	0.2	19	0.167571	97.019531
4800	0.2	19	0.171912	95.066284
4800	0.2	20	0.170982	94.717468
4800	0.2	19	0.169445	95.152649
4800	0.2	19	0.173021	96.034119
4800	0.2	20	0.159964	94.342041
4800	0.2	17	0.169988	95.251404
4800	0.2	20	0.172398	94.971680
4800	0.2	18	0.104301	95.687561
4800	0.2	20	0.104539	96.341370
4800	0.2	18	0.104961	95.768799
4800	0.2	19	0.104121	94.907959
4800	0.2	18	0.103751	95.431641
4800	0.2	17	0.156248	96.406799

5000	0.2	20	0.140080	103.288696
5000	0.2	19	0.176563	103.322449
5000	0.2	20	0.173841	104.834167
5000	0.2	19	0.179195	102.783386
5000	0.2	18	0.124426	103.067200
5000	0.2	18	0.114495	105.061096
5000	0.2	16	0.139449	103.507568
5000	0.2	18	0.169212	103.147583
5000	0.2	19	0.112314	103.413086
5000	0.2	16	0.140002	104.322815
5000	0.2	20	0.180341	104.124634
5000	0.2	18	0.172835	103.547302
5000	0.2	19	0.141493	104.290527
5000	0.2	19	0.134689	103.174805
5000	0.2	18	0.129506	104.327698
5000	0.2	20	0.176833	103.684753
5000	0.2	18	0.179449	104.444092
5000	0.2	18	0.179886	105.681702
5000	0.2	20	0.177177	103.436523
5000	0.2	20	0.169700	103.117432
5000	0.2	18	0.180337	103.127441
5000	0.2	19	0.178070	104.679688
5000	0.2	18	0.179513	103.769470
5000	0.2	18	0.181583	103.390869
5000	0.2	20	0.176076	103.465393
5000	0.2	19	0.184074	105.068665
5000	0.2	19	0.180871	103.531311
5000	0.2	19	0.115416	103.526367
5000	0.2	18	0.110932	101.480347
5000	0.2	20	0.134612	103.262512

5200	0.2	19	0.154848	112.693665
5200	0.2	19	0.120490	112.462952
5200	0.2	19	0.147506	112.157654
5200	0.2	19	0.189277	111.836487
5200	0.2	18	0.147706	111.240051
5200	0.2	18	0.141860	110.942871
5200	0.2	19	0.185860	111.690796
5200	0.2	21	0.163810	111.113953
5200	0.2	19	0.120277	111.548462
5200	0.2	19	0.148476	112.262085
5200	0.2	18	0.187568	112.320801
5200	0.2	19	0.178562	111.981140
5200	0.2	19	0.183030	110.692993
5200	0.2	21	0.180154	113.090271
5200	0.2	20	0.172058	112.676147
5200	0.2	19	0.129996	112.054810
5200	0.2	18	0.120736	111.475403
5200	0.2	18	0.174292	111.823120
5200	0.2	18	0.120196	112.054626
5200	0.2	19	0.187860	111.370605
5200	0.2	19	0.171526	111.678589
5200	0.2	18	0.120233	111.689026
5200	0.2	20	0.153633	112.771912
5200	0.2	20	0.158351	112.183655
5200	0.2	17	0.132790	112.260071
5200	0.2	21	0.188859	111.860413
5200	0.2	20	0.173968	112.034424
5200	0.2	19	0.186302	112.116943
5200	0.2	19	0.190028	112.813904
5200	0.2	18	0.120071	111.059021

5400	0.2	21	0.175600	120.721802
5400	0.2	19	0.129113	120.804077
5400	0.2	18	0.197172	120.890015
5400	0.2	21	0.188076	120.512146
5400	0.2	20	0.128994	120.122803
5400	0.2	19	0.128404	120.586670
5400	0.2	19	0.127834	119.433044
5400	0.2	19	0.201684	120.789185
5400	0.2	19	0.146729	121.331665
5400	0.2	18	0.141219	120.138428
5400	0.2	19	0.197216	121.878235
5400	0.2	18	0.197970	120.998413
5400	0.2	19	0.186642	121.447754
5400	0.2	19	0.173895	121.512085
5400	0.2	18	0.169524	121.670837
5400	0.2	19	0.129068	119.968384
5400	0.2	20	0.183020	120.741333
5400	0.2	21	0.129303	120.531250
5400	0.2	21	0.197186	121.066650
5400	0.2	22	0.131232	120.812134
5400	0.2	22	0.188998	119.665833
5400	0.2	21	0.196102	120.657593
5400	0.2	18	0.175507	121.763184
5400	0.2	18	0.196573	119.914917
5400	0.2	17	0.163135	120.577148
5400	0.2	19	0.197112	120.905945
5400	0.2	19	0.195650	120.159912
5400	0.2	21	0.190507	121.048767
5400	0.2	19	0.128391	119.994019
5400	0.2	19	0.162241	120.557251

5600	0.2	20	0.166024	130.404724
5600	0.2	19	0.171910	129.375427
5600	0.2	20	0.202366	129.360657
5600	0.2	21	0.205485	129.809448
5600	0.2	20	0.140218	128.375061
5600	0.2	18	0.203184	129.553589
5600	0.2	19	0.139291	131.186890
5600	0.2	19	0.138306	130.206848
5600	0.2	18	0.138496	130.708801
5600	0.2	20	0.198181	129.867493
5600	0.2	20	0.166946	131.666870
5600	0.2	18	0.137901	129.315674
5600	0.2	20	0.170592	130.603760
5600	0.2	19	0.137869	129.832642
5600	0.2	18	0.197004	128.821411
5600	0.2	19	0.177932	129.038879
5600	0.2	17	0.177892	129.968567
5600	0.2	19	0.172161	130.149658
5600	0.2	18	0.178682	130.150146
5600	0.2	20	0.205287	129.471069
5600	0.2	19	0.194867	129.551697
5600	0.2	19	0.204757	130.069702
5600	0.2	20	0.137246	129.239136
5600	0.2	19	0.196580	130.005676
5600	0.2	18	0.169355	129.070007
5600	0.2	17	0.149122	129.544373
5600	0.2	19	0.187780	129.223022
5600	0.2	18	0.154820	129.636597
5600	0.2	20	0.137659	129.338989
5600	0.2	18	0.163191	130.704773

5800	0.2	19	0.216630	140.137634
5800	0.2	19	0.204663	139.099426
5800	0.2	20	0.146732	138.508057
5800	0.2	19	0.198022	140.750671
5800	0.2	20	0.214467	139.901123
5800	0.2	19	0.180118	138.648315
5800	0.2	19	0.181610	140.223389
5800	0.2	19	0.216854	140.501770
5800	0.2	19	0.145712	137.960449
5800	0.2	20	0.152807	140.831909
5800	0.2	19	0.202388	140.255310
5800	0.2	19	0.185147	138.319092
5800	0.2	20	0.181492	140.616150
5800	0.2	17	0.186636	138.699768
5800	0.2	20	0.216365	139.547607
5800	0.2	20	0.217058	140.576660
5800	0.2	18	0.180767	139.518860
5800	0.2	18	0.212642	140.067627
5800	0.2	19	0.148857	140.940247
5800	0.2	17	0.203893	138.779480
5800	0.2	18	0.211895	139.362549
5800	0.2	19	0.215299	138.198608
5800	0.2	20	0.205189	139.356262
5800	0.2	18	0.204540	139.945251
5800	0.2	19	0.146221	138.015564
5800	0.2	19	0.214071	139.037964
5800	0.2	20	0.196922	138.664246
5800	0.2	19	0.215567	139.060059
5800	0.2	20	0.196933	138.594177
5800	0.2	19	0.204756	138.909973

6000	0.2	21	0.196807	149.226624
6000	0.2	22	0.208775	149.556335
6000	0.2	20	0.159332	148.715759
6000	0.2	16	0.222027	149.375061
6000	0.2	18	0.156834	149.822327
6000	0.2	18	0.221902	148.738464
6000	0.2	18	0.195638	148.576782
6000	0.2	21	0.225632	148.671448
6000	0.2	19	0.206298	148.360901
6000	0.2	19	0.198594	151.587097
6000	0.2	20	0.157476	149.992371
6000	0.2	19	0.177442	148.736877
6000	0.2	17	0.164863	148.920105
6000	0.2	19	0.222467	148.698242
6000	0.2	19	0.218818	149.057739
6000	0.2	19	0.195807	150.149353
6000	0.2	19	0.215405	149.067505
6000	0.2	18	0.157707	149.466614
6000	0.2	19	0.156071	148.173889
6000	0.2	20	0.160428	148.754761
6000	0.2	19	0.223478	147.935181
6000	0.2	18	0.226402	150.884094
6000	0.2	18	0.215512	149.259216
6000	0.2	20	0.156231	148.656067
6000	0.2	19	0.178122	147.575073
6000	0.2	20	0.176698	147.389282
6000	0.2	21	0.158552	150.230591
6000	0.2	17	0.192483	151.249756
6000	0.2	22	0.225414	149.129333
6000	0.2	19	0.184532	149.286926

