200	0.15	19	0.001942	0.098877
200	0.15	19	0.001050	0.106445
200	0.15	21	0.001069	0.107117
200	0.15	24	0.000975	0.098511
200	0.15	19	0.000984	0.105774
200	0.15	23	0.001022	0.105164
200	0.15	22	0.000978	0.103516
200	0.15	22	0.001057	0.105835
200	0.15	21	0.001042	0.106567
200	0.15	20	0.000985	0.103455
200	0.15	23	0.001022	0.108765
200	0.15	22	0.001030	0.104065
200	0.15	22	0.001047	0.104370
200	0.15	22	0.001054	0.105652
200	0.15	21	0.000977	0.098633
200	0.15	24	0.001045	0.102844
200	0.15	22	0.000983	0.101318
200	0.15	20	0.000997	0.098511
200	0.15	20	0.000977	0.103210
200	0.15	19	0.001043	0.103943
200	0.15	23	0.001010	0.100403
200	0.15	22	0.000980	0.105164
200	0.15	21	0.001905	0.108276
200	0.15	24	0.000983	0.101379
200	0.15	21	0.000981	0.107605
200	0.15	21	0.001022	0.102417
200	0.15	24	0.001042	0.099487
200	0.15	24	0.001020	0.109192
200	0.15	20	0.001037	0.104248
200	0.15	22	0.001049	0.100281

400	0.15	23	0.002257	0.394470
400	0.15	25	0.002239	0.394287
400	0.15	23	0.002286	0.408508
400	0.15	22	0.002146	0.401794
400	0.15	22	0.002138	0.407349
400	0.15	25	0.002111	0.396790
400	0.15	26	0.002157	0.419373
400	0.15	25	0.002256	0.395142
400	0.15	26	0.002160	0.398804
400	0.15	24	0.002283	0.413391
400	0.15	25	0.002222	0.383423
400	0.15	25	0.002143	0.401917
400	0.15	23	0.002108	0.398499
400	0.15	23	0.002133	0.381592
400	0.15	25	0.002149	0.394043
400	0.15	26	0.002123	0.393555
400	0.15	26	0.002183	0.422119
400	0.15	24	0.002107	0.389587
400	0.15	25	0.002282	0.404358
400	0.15	26	0.002145	0.403259
400	0.15	22	0.002132	0.397888
400	0.15	22	0.002165	0.403503
400	0.15	26	0.002151	0.401917
400	0.15	23	0.002097	0.388794
400	0.15	24	0.002115	0.396667
400	0.15	25	0.002124	0.385437
400	0.15	26	0.002216	0.397888
400	0.15	25	0.002171	0.402527
400	0.15	24	0.002225	0.404419
400	0.15	25	0.002114	0.395325

600	0.15	26	0.003557	0.886597
600	0.15	26	0.003510	0.911133
600	0.15	25	0.004337	0.892151
600	0.15	23	0.003419	0.900269
600	0.15	25	0.003440	0.923584
600	0.15	22	0.003455	0.901489
600	0.15	24	0.005308	0.878052
600	0.15	28	0.005845	0.874939
600	0.15	26	0.003453	0.895325
600	0.15	26	0.003500	0.872192
600	0.15	24	0.003399	0.893066
600	0.15	27	0.003664	0.899963
600	0.15	24	0.003416	0.887573
600	0.15	26	0.003420	0.900879
600	0.15	25	0.003441	0.887451
600	0.15	25	0.005306	0.885071
600	0.15	26	0.003455	0.915771
600	0.15	28	0.003436	0.885193
600	0.15	26	0.003422	0.889160
600	0.15	23	0.003455	0.901550
600	0.15	27	0.003489	0.893372
600	0.15	23	0.003464	0.884827
600	0.15	25	0.003465	0.885681
600	0.15	29	0.003421	0.891113
600	0.15	23	0.003424	0.891479
600	0.15	28	0.003482	0.879822
600	0.15	26	0.003360	0.881287
600	0.15	26	0.003454	0.892090
600	0.15	25	0.003403	0.883362
600	0.15	26	0.003687	0.918213

800	0.15	27	0.005335	1.582947
800	0.15	28	0.004848	1.585205
800	0.15	24	0.004973	1.589417
800	0.15	29	0.004712	1.611389
800	0.15	26	0.004936	1.598511
800	0.15	30	0.004955	1.558044
800	0.15	27	0.005028	1.660583
800	0.15	27	0.004950	1.582886
800	0.15	27	0.004941	1.632751
800	0.15	27	0.005176	1.583191
800	0.15	25	0.004725	1.546936
800	0.15	24	0.005099	1.524231
800	0.15	27	0.004807	1.610718
800	0.15	25	0.004883	1.559387
800	0.15	26	0.004885	1.583984
800	0.15	25	0.007424	1.600525
800	0.15	24	0.004804	1.576172
800	0.15	28	0.017398	1.581543
800	0.15	26	0.005166	1.589722
800	0.15	26	0.004927	1.559753
800	0.15	27	0.004918	1.551514
800	0.15	27	0.005143	1.582214
800	0.15	26	0.004975	1.595947
800	0.15	26	0.007355	1.557129
800	0.15	26	0.008485	1.596619
800	0.15	27	0.008003	1.597595
800	0.15	27	0.008291	1.591431
800	0.15	28	0.005200	1.580811
800	0.15	26	0.004988	1.589050
800	0.15	27	0.004923	1.584839

1000	0.15	27	0.006558	2.447083
1000	0.15	28	0.006331	2.511108
1000	0.15	28	0.006580	2.487976
1000	0.15	25	0.006700	2.446533
1000	0.15	26	0.006606	2.457092
1000	0.15	27	0.006600	2.490967
1000	0.15	26	0.006556	2.473450
1000	0.15	30	0.006597	2.473206
1000	0.15	29	0.006801	2.493835
1000	0.15	29	0.006736	2.521240
1000	0.15	27	0.006570	2.456360
1000	0.15	30	0.006625	2.526367
1000	0.15	28	0.006617	2.460205
1000	0.15	26	0.006608	2.493164
1000	0.15	29	0.006175	2.431396
1000	0.15	27	0.006575	2.479187
1000	0.15	28	0.006577	2.511475
1000	0.15	26	0.011798	2.516541
1000	0.15	28	0.006829	2.512390
1000	0.15	28	0.006655	2.498962
1000	0.15	28	0.006571	2.479797
1000	0.15	31	0.006824	2.486816
1000	0.15	25	0.006719	2.470337
1000	0.15	25	0.006497	2.509888
1000	0.15	26	0.011530	2.470215
1000	0.15	27	0.009943	2.496948
1000	0.15	28	0.006513	2.422852
1000	0.15	27	0.006875	2.495911
1000	0.15	29	0.006486	2.450989
1000	0.15	27	0.006201	2.438293

1200	0.15	31	0.008906	3.579651
1200	0.15	28	0.008029	3.520203
1200	0.15	29	0.008716	3.585327
1200	0.15	28	0.007911	3.508667
1200	0.15	27	0.008410	3.621765
1200	0.15	27	0.008027	3.549866
1200	0.15	27	0.008479	3.565430
1200	0.15	28	0.013294	3.558838
1200	0.15	25	0.008278	3.531616
1200	0.15	28	0.008373	3.502441
1200	0.15	24	0.008259	3.527283
1200	0.15	27	0.008358	3.593018
1200	0.15	29	0.008216	3.522339
1200	0.15	26	0.008302	3.460571
1200	0.15	26	0.008640	3.504150
1200	0.15	26	0.013725	3.562195
1200	0.15	26	0.020601	3.591187
1200	0.15	28	0.015732	3.560242
1200	0.15	28	0.011809	3.579773
1200	0.15	29	0.026926	3.560913
1200	0.15	28	0.008173	3.529419
1200	0.15	28	0.008135	3.665649
1200	0.15	27	0.008120	3.557922
1200	0.15	27	0.015829	3.609985
1200	0.15	29	0.008261	3.548218
1200	0.15	29	0.008740	3.617493
1200	0.15	27	0.013218	3.467651
1200	0.15	29	0.008637	3.562378
1200	0.15	30	0.008288	3.530579
1200	0.15	28	0.021581	3.586182

1400	0.15	29	0.016528	4.911255
1400	0.15	27	0.010772	4.806580
1400	0.15	27	0.017134	4.821594
1400	0.15	29	0.020684	4.805603
1400	0.15	29	0.013569	4.816467
1400	0.15	28	0.010115	4.831726
1400	0.15	30	0.010207	4.891846
1400	0.15	26	0.017642	4.828674
1400	0.15	29	0.010303	4.875427
1400	0.15	30	0.010220	4.946960
1400	0.15	28	0.010507	4.839844
1400	0.15	31	0.010539	4.856628
1400	0.15	29	0.010128	4.707031
1400	0.15	29	0.019240	4.791199
1400	0.15	28	0.009801	4.880066
1400	0.15	25	0.010117	4.788330
1400	0.15	28	0.010134	4.897522
1400	0.15	30	0.010576	4.917419
1400	0.15	27	0.010771	4.873535
1400	0.15	28	0.033634	4.903992
1400	0.15	27	0.019677	4.961792
1400	0.15	30	0.010016	4.757812
1400	0.15	28	0.010299	4.792297
1400	0.15	31	0.024484	4.831909
1400	0.15	26	0.017242	4.877808
1400	0.15	29	0.010713	4.855225
1400	0.15	27	0.010059	4.795288
1400	0.15	28	0.010517	4.835510
1400	0.15	28	0.010112	4.784668
1400	0.15	28	0.010135	4.868958

1600	0.15	27	0.012711	6.276733
1600	0.15	27	0.012739	6.312622
1600	0.15	28	0.012873	6.240845
1600	0.15	33	0.012664	6.269165
1600	0.15	27	0.012621	6.387207
1600	0.15	28	0.012424	6.290894
1600	0.15	30	0.012557	6.223145
1600	0.15	29	0.012444	6.422119
1600	0.15	30	0.012758	6.553406
1600	0.15	29	0.012934	6.297668
1600	0.15	30	0.012419	6.351807
1600	0.15	28	0.012765	6.332886
1600	0.15	28	0.012426	6.391907
1600	0.15	31	0.020057	6.280823
1600	0.15	30	0.012727	6.337219
1600	0.15	29	0.012359	6.349548
1600	0.15	31	0.012967	6.231018
1600	0.15	29	0.012708	6.255554
1600	0.15	30	0.021711	6.282959
1600	0.15	27	0.012700	6.265808
1600	0.15	29	0.012823	6.425781
1600	0.15	26	0.012243	6.213196
1600	0.15	28	0.012586	6.292236
1600	0.15	30	0.012394	6.359131
1600	0.15	31	0.012562	6.335144
1600	0.15	29	0.015142	6.356384
1600	0.15	29	0.012742	6.386658
1600	0.15	28	0.019725	6.296265
1600	0.15	30	0.013209	6.333435
1600	0.15	28	0.012936	6.567871

1800	0.15	29	0.015145	7.981445
1800	0.15	29	0.016022	7.939697
1800	0.15	31	0.014861	8.055969
1800	0.15	28	0.015292	8.137634
1800	0.15	31	0.015131	7.999512
1800	0.15	27	0.014813	8.066528
1800	0.15	28	0.014849	8.085876
1800	0.15	29	0.025786	8.082520
1800	0.15	29	0.014915	7.936157
1800	0.15	27	0.014800	8.042297
1800	0.15	25	0.014498	8.012939
1800	0.15	28	0.024663	7.937134
1800	0.15	29	0.014935	7.974670
1800	0.15	31	0.014710	7.985352
1800	0.15	25	0.036776	8.070435
1800	0.15	30	0.022382	7.994690
1800	0.15	29	0.014792	8.043945
1800	0.15	28	0.015045	8.089294
1800	0.15	26	0.015155	8.068237
1800	0.15	30	0.014866	8.069702
1800	0.15	28	0.015209	8.026123
1800	0.15	30	0.015135	8.009644
1800	0.15	27	0.015058	7.916931
1800	0.15	29	0.014903	8.099365
1800	0.15	30	0.017139	7.960327
1800	0.15	29	0.014803	7.991211
1800	0.15	30	0.014830	8.087769
1800	0.15	31	0.015115	8.030579
1800	0.15	32	0.025083	7.860474
1800	0.15	28	0.015409	8.036438

2000	0.15	27	0.017760	9.892639
2000	0.15	29	0.017478	9.923462
2000	0.15	28	0.017345	9.644409
2000	0.15	31	0.017414	9.904114
2000	0.15	28	0.017438	9.872437
2000	0.15	26	0.017275	9.817200
2000	0.15	28	0.017250	9.701660
2000	0.15	31	0.017828	9.795776
2000	0.15	28	0.017285	9.812927
2000	0.15	28	0.017327	9.831238
2000	0.15	29	0.017394	9.910706
2000	0.15	32	0.017794	9.835999
2000	0.15	31	0.017493	10.056946
2000	0.15	28	0.017012	9.776001
2000	0.15	29	0.017734	9.877014
2000	0.15	31	0.017824	9.928345
2000	0.15	28	0.017658	9.887146
2000	0.15	29	0.017344	9.808655
2000	0.15	29	0.017714	9.760925
2000	0.15	31	0.017474	9.926880
2000	0.15	30	0.017328	9.817322
2000	0.15	30	0.017776	9.903931
2000	0.15	28	0.017573	9.925781
2000	0.15	30	0.017156	9.962097
2000	0.15	29	0.017454	9.925476
2000	0.15	29	0.017520	9.984131
2000	0.15	29	0.017634	9.942078
2000	0.15	30	0.017297	9.827271
2000	0.15	29	0.017493	9.672119
2000	0.15	30	0.017542	9.645691

2200	0.15	27	0.020554	12.108398
2200	0.15	30	0.020318	11.781677
2200	0.15	32	0.020282	12.094421
2200	0.15	30	0.019938	11.742188
2200	0.15	30	0.020479	12.088623
2200	0.15	29	0.020496	11.971924
2200	0.15	31	0.020191	11.987427
2200	0.15	31	0.020628	11.870422
2200	0.15	29	0.020383	12.197998
2200	0.15	29	0.020510	11.936890
2200	0.15	30	0.019932	12.097595
2200	0.15	31	0.019877	12.031311
2200	0.15	29	0.020289	12.040771
2200	0.15	29	0.019662	11.759033
2200	0.15	30	0.019726	11.742065
2200	0.15	30	0.019807	11.960083
2200	0.15	28	0.019857	11.990906
2200	0.15	31	0.019800	12.027405
2200	0.15	29	0.020530	12.065491
2200	0.15	29	0.020111	11.959534
2200	0.15	28	0.020418	11.862976
2200	0.15	30	0.020323	12.110901
2200	0.15	30	0.020716	12.145203
2200	0.15	31	0.021154	11.931274
2200	0.15	29	0.019993	11.851807
2200	0.15	31	0.020221	11.969971
2200	0.15	29	0.020580	11.889587
2200	0.15	30	0.020371	11.966125
2200	0.15	29	0.020406	11.985229
2200	0.15	31	0.020335	11.843689

2400	0.15	30	0.023401	14.086914
2400	0.15	32	0.023520	14.245789
2400	0.15	29	0.023366	14.109741
2400	0.15	30	0.042013	14.365479
2400	0.15	29	0.023326	14.123535
2400	0.15	30	0.041036	14.331116
2400	0.15	30	0.023327	14.221497
2400	0.15	30	0.022945	14.028625
2400	0.15	29	0.023066	14.089478
2400	0.15	29	0.023445	14.223877
2400	0.15	29	0.023146	14.326965
2400	0.15	27	0.023113	14.297729
2400	0.15	28	0.023426	14.247620
2400	0.15	30	0.022818	14.312683
2400	0.15	29	0.022829	14.324158
2400	0.15	32	0.022877	14.372681
2400	0.15	28	0.023479	14.028442
2400	0.15	30	0.023656	14.272034
2400	0.15	28	0.023431	14.562988
2400	0.15	29	0.022992	14.443115
2400	0.15	30	0.023260	14.358887
2400	0.15	28	0.023218	14.296692
2400	0.15	30	0.023193	14.298401
2400	0.15	27	0.023034	14.150146
2400	0.15	32	0.023196	14.264771
2400	0.15	30	0.023259	14.446289
2400	0.15	29	0.023522	14.487427
2400	0.15	30	0.023129	14.243958
2400	0.15	30	0.023141	14.281494
2400	0.15	30	0.023854	14.084290

2600	0.15	30	0.026136	16.580627
2600	0.15	29	0.043866	17.014709
2600	0.15	30	0.026324	16.635925
2600	0.15	30	0.026070	16.535767
2600	0.15	29	0.026308	16.614624
2600	0.15	28	0.026691	16.790344
2600	0.15	28	0.026188	16.678345
2600	0.15	32	0.026502	16.835388
2600	0.15	30	0.025757	16.522522
2600	0.15	30	0.026119	16.475525
2600	0.15	30	0.026178	16.653320
2600	0.15	31	0.026626	16.942261
2600	0.15	31	0.026390	16.814392
2600	0.15	31	0.026325	16.778503
2600	0.15	27	0.026868	16.891479
2600	0.15	28	0.026374	16.785583
2600	0.15	31	0.026472	16.433411
2600	0.15	29	0.025781	16.534119
2600	0.15	30	0.028176	16.776123
2600	0.15	32	0.026455	16.500305
2600	0.15	29	0.026433	16.843750
2600	0.15	29	0.025830	16.608704
2600	0.15	28	0.026136	16.562866
2600	0.15	30	0.026507	16.744690
2600	0.15	31	0.026384	16.681030
2600	0.15	29	0.026735	17.012939
2600	0.15	30	0.026395	16.756958
2600	0.15	29	0.026285	16.778870
2600	0.15	29	0.026289	16.692261
2600	0.15	28	0.026353	16.752625

2800	0.15	30	0.029713	19.212158
2800	0.15	29	0.046327	19.213257
2800	0.15	30	0.029135	19.257996
2800	0.15	28	0.029415	19.528442
2800	0.15	29	0.029604	19.390320
2800	0.15	29	0.029227	19.313599
2800	0.15	28	0.029778	19.459290
2800	0.15	29	0.029414	19.213379
2800	0.15	33	0.030865	19.489502
2800	0.15	30	0.029554	19.320190
2800	0.15	31	0.029138	19.148193
2800	0.15	29	0.029266	19.425659
2800	0.15	26	0.029676	19.485901
2800	0.15	31	0.028920	18.966125
2800	0.15	30	0.029626	19.467346
2800	0.15	29	0.029797	19.645081
2800	0.15	29	0.029152	19.240417
2800	0.15	29	0.030240	19.587952
2800	0.15	30	0.029507	19.335388
2800	0.15	31	0.029374	19.109619
2800	0.15	31	0.030212	19.556396
2800	0.15	30	0.029511	19.317322
2800	0.15	26	0.051636	19.317505
2800	0.15	29	0.029684	19.499390
2800	0.15	29	0.030115	19.527710
2800	0.15	30	0.029644	19.409363
2800	0.15	30	0.030433	19.628784
2800	0.15	29	0.029409	19.080322
2800	0.15	28	0.029337	19.307434
2800	0.15	29	0.029766	19.509766

3000	0.15	31	0.033137	22.080078
3000	0.15	30	0.033441	22.655701
3000	0.15	31	0.033400	22.061279
3000	0.15	30	0.033640	22.521362
3000	0.15	28	0.033099	22.209045
3000	0.15	31	0.033409	22.130188
3000	0.15	29	0.032940	22.234009
3000	0.15	28	0.033288	22.277344
3000	0.15	32	0.032677	22.149597
3000	0.15	32	0.032808	22.347839
3000	0.15	30	0.033164	22.288208
3000	0.15	31	0.033334	22.104797
3000	0.15	28	0.032758	21.876404
3000	0.15	30	0.033324	22.390625
3000	0.15	31	0.033326	22.284119
3000	0.15	30	0.032582	22.006531
3000	0.15	29	0.033187	22.174011
3000	0.15	29	0.033339	22.494080
3000	0.15	30	0.033476	22.572144
3000	0.15	32	0.033641	22.096558
3000	0.15	28	0.032930	22.103943
3000	0.15	29	0.032809	22.232727
3000	0.15	29	0.032925	22.028381
3000	0.15	33	0.033832	22.230469
3000	0.15	30	0.032909	22.477722
3000	0.15	28	0.033123	22.212341
3000	0.15	28	0.032636	22.057983
3000	0.15	29	0.033224	22.410156
3000	0.15	31	0.033065	22.129578
3000	0.15	29	0.033814	22.609009

3200	0.15	32	0.036979	25.460327
3200	0.15	30	0.037264	25.301331
3200	0.15	32	0.037106	25.182617
3200	0.15	31	0.036950	25.440247
3200	0.15	30	0.037098	25.304688
3200	0.15	33	0.037195	25.248108
3200	0.15	30	0.037466	25.441589
3200	0.15	31	0.037005	25.440063
3200	0.15	30	0.036670	25.117249
3200	0.15	29	0.036476	25.296082
3200	0.15	32	0.037326	25.364685
3200	0.15	32	0.036822	25.403992
3200	0.15	31	0.036561	24.950989
3200	0.15	29	0.036899	25.388245
3200	0.15	29	0.036503	25.276062
3200	0.15	30	0.037094	25.686768
3200	0.15	28	0.037028	25.177490
3200	0.15	30	0.036883	25.413147
3200	0.15	29	0.038984	25.189941
3200	0.15	30	0.037029	25.034302
3200	0.15	32	0.037267	25.273743
3200	0.15	28	0.036765	25.018311
3200	0.15	29	0.036551	25.462585
3200	0.15	32	0.036418	25.232910
3200	0.15	29	0.037036	25.170288
3200	0.15	30	0.037299	25.479919
3200	0.15	31	0.036780	25.215332
3200	0.15	29	0.037290	25.531433
3200	0.15	28	0.037190	25.790222
3200	0.15	31	0.036983	25.141846

3400	0.15	31	0.040302	28.585205
3400	0.15	29	0.040813	28.648438
3400	0.15	29	0.040865	28.380676
3400	0.15	30	0.040894	28.612000
3400	0.15	31	0.040835	28.707214
3400	0.15	31	0.040709	28.599670
3400	0.15	30	0.040712	28.711182
3400	0.15	28	0.041025	28.726501
3400	0.15	31	0.040729	28.598267
3400	0.15	29	0.040531	28.344971
3400	0.15	28	0.041153	28.680969
3400	0.15	31	0.040800	28.237793
3400	0.15	31	0.040468	28.187561
3400	0.15	28	0.040577	28.615295
3400	0.15	32	0.041151	28.688110
3400	0.15	30	0.041029	28.531738
3400	0.15	31	0.040816	28.753418
3400	0.15	29	0.040549	28.471558
3400	0.15	28	0.040912	28.871948
3400	0.15	30	0.042500	28.761169
3400	0.15	30	0.040926	28.881836
3400	0.15	34	0.040994	28.753479
3400	0.15	30	0.041088	28.850830
3400	0.15	31	0.040832	28.626282
3400	0.15	30	0.040783	28.595825
3400	0.15	29	0.040409	28.569885
3400	0.15	32	0.040496	28.671326
3400	0.15	31	0.040498	28.630981
3400	0.15	30	0.040218	28.426880
3400	0.15	32	0.041027	28.619507

3600	0.15	32	0.044662	32.060547
3600	0.15	31	0.044814	32.149170
3600	0.15	29	0.044724	31.862366
3600	0.15	30	0.044466	32.096558
3600	0.15	32	0.044169	31.694885
3600	0.15	30	0.044519	32.141785
3600	0.15	29	0.044375	31.945862
3600	0.15	31	0.044866	31.866272
3600	0.15	30	0.045266	32.137817
3600	0.15	31	0.044902	32.017517
3600	0.15	31	0.045861	32.112549
3600	0.15	29	0.044636	31.855652
3600	0.15	33	0.044668	31.769714
3600	0.15	29	0.044250	31.775818
3600	0.15	31	0.045149	32.438416
3600	0.15	32	0.062086	32.035522
3600	0.15	30	0.056877	31.915100
3600	0.15	31	0.044392	31.591492
3600	0.15	31	0.044726	32.013611
3600	0.15	30	0.046495	32.490112
3600	0.15	29	0.044431	31.649963
3600	0.15	28	0.044185	31.819519
3600	0.15	33	0.044579	31.870056
3600	0.15	29	0.044692	31.915344
3600	0.15	32	0.044927	31.729370
3600	0.15	32	0.044685	31.893738
3600	0.15	32	0.045109	32.431824
3600	0.15	32	0.044564	31.822937
3600	0.15	28	0.044244	31.787476
3600	0.15	28	0.044545	32.197021

3800	0.15	32	0.049094	35.849976
3800	0.15	32	0.049193	35.628418
3800	0.15	31	0.048714	35.447021
3800	0.15	29	0.048992	35.688904
3800	0.15	30	0.048844	35.532227
3800	0.15	30	0.048786	35.588501
3800	0.15	31	0.050350	36.011963
3800	0.15	30	0.050644	35.899414
3800	0.15	32	0.061310	35.461487
3800	0.15	29	0.048615	35.709595
3800	0.15	30	0.048237	35.144836
3800	0.15	29	0.049160	35.698975
3800	0.15	30	0.088529	35.920166
3800	0.15	31	0.049160	35.766846
3800	0.15	32	0.049288	35.748779
3800	0.15	31	0.049406	35.768127
3800	0.15	31	0.048758	35.611755
3800	0.15	29	0.048740	34.994324
3800	0.15	32	0.048736	35.387512
3800	0.15	30	0.048780	35.440735
3800	0.15	30	0.048711	35.471619
3800	0.15	32	0.049353	35.620300
3800	0.15	31	0.049378	36.136353
3800	0.15	26	0.048988	35.628113
3800	0.15	30	0.049274	35.678711
3800	0.15	28	0.048537	35.528381
3800	0.15	31	0.049166	35.783264
3800	0.15	31	0.049422	35.821045
3800	0.15	33	0.048965	35.315796
3800	0.15	30	0.048936	35.736816

4000	0.15	29	0.105508	39.595215
4000	0.15	31	0.053531	39.492310
4000	0.15	31	0.053493	39.657288
4000	0.15	30	0.052721	39.093140
4000	0.15	33	0.053921	39.756409
4000	0.15	31	0.052928	39.290283
4000	0.15	30	0.053020	39.510742
4000	0.15	28	0.053510	39.477417
4000	0.15	28	0.053690	39.505920
4000	0.15	32	0.078216	39.905884
4000	0.15	33	0.053085	38.996521
4000	0.15	30	0.053299	39.342712
4000	0.15	30	0.053264	39.624329
4000	0.15	31	0.055289	39.501404
4000	0.15	30	0.053088	39.233276
4000	0.15	30	0.054005	39.635193
4000	0.15	30	0.055764	39.535583
4000	0.15	32	0.053742	39.286865
4000	0.15	32	0.053644	39.592773
4000	0.15	31	0.052832	39.254700
4000	0.15	32	0.053306	39.662659
4000	0.15	31	0.053708	39.651489
4000	0.15	30	0.052609	39.191833
4000	0.15	31	0.052864	39.122131
4000	0.15	28	0.055431	39.698120
4000	0.15	29	0.054220	39.648499
4000	0.15	30	0.053337	39.633911
4000	0.15	29	0.053433	39.587585
4000	0.15	32	0.053422	39.615723
4000	0.15	31	0.053757	39.123352

4200	0.15	31	0.058256	43.797485
4200	0.15	30	0.057812	43.222595
4200	0.15	29	0.058128	43.770386
4200	0.15	30	0.057841	43.523376
4200	0.15	29	0.058094	43.312683
4200	0.15	31	0.058408	43.942627
4200	0.15	30	0.058351	43.488098
4200	0.15	32	0.058185	43.376709
4200	0.15	31	0.080569	43.158142
4200	0.15	31	0.111647	43.722046
4200	0.15	29	0.057938	43.413513
4200	0.15	29	0.058175	43.748901
4200	0.15	30	0.058224	43.658508
4200	0.15	28	0.057845	43.598083
4200	0.15	31	0.058224	43.482422
4200	0.15	30	0.057930	43.657532
4200	0.15	32	0.058220	43.852173
4200	0.15	31	0.058194	43.838074
4200	0.15	33	0.058314	43.536499
4200	0.15	30	0.058105	43.344604
4200	0.15	29	0.057891	43.290771
4200	0.15	32	0.058109	43.293030
4200	0.15	28	0.058147	43.049255
4200	0.15	29	0.059115	43.435974
4200	0.15	29	0.058016	43.416992
4200	0.15	31	0.058550	43.820618
4200	0.15	31	0.057780	43.417542
4200	0.15	30	0.080730	43.528748
4200	0.15	29	0.058288	43.746399
4200	0.15	30	0.060031	43.500916

4400	0.15	33	0.062694	47.722229
4400	0.15	32	0.062690	47.548706
4400	0.15	31	0.063472	48.336731
4400	0.15	33	0.062521	47.815918
4400	0.15	29	0.062592	47.951355
4400	0.15	29	0.062636	47.428040
4400	0.15	33	0.062529	47.797852
4400	0.15	31	0.062852	47.866516
4400	0.15	30	0.062505	47.607727
4400	0.15	33	0.063240	47.653320
4400	0.15	32	0.065608	48.062805
4400	0.15	32	0.063606	48.261108
4400	0.15	29	0.063287	47.875366
4400	0.15	30	0.063208	47.731384
4400	0.15	31	0.062548	47.708618
4400	0.15	31	0.062520	47.413879
4400	0.15	31	0.062810	47.524902
4400	0.15	32	0.062567	47.476501
4400	0.15	29	0.062011	47.278992
4400	0.15	31	0.063000	47.607849
4400	0.15	32	0.062794	47.454529
4400	0.15	31	0.062700	47.587219
4400	0.15	33	0.079402	47.139771
4400	0.15	33	0.062550	47.348694
4400	0.15	28	0.085428	47.672485
4400	0.15	30	0.062810	47.950012
4400	0.15	31	0.062248	47.234619
4400	0.15	31	0.065413	47.932983
4400	0.15	31	0.062791	47.571594
4400	0.15	31	0.062396	47.585510

4600	0.15	32	0.079938	52.690491
4600	0.15	30	0.134322	51.780945
4600	0.15	31	0.132919	52.246887
4600	0.15	32	0.067760	52.437500
4600	0.15	31	0.067563	51.796204
4600	0.15	29	0.067788	51.931946
4600	0.15	27	0.067320	51.816528
4600	0.15	32	0.071719	52.553162
4600	0.15	33	0.069337	52.366089
4600	0.15	32	0.067197	51.906067
4600	0.15	30	0.067610	52.224121
4600	0.15	31	0.069827	52.559753
4600	0.15	32	0.067484	52.087463
4600	0.15	33	0.081795	52.275391
4600	0.15	31	0.070292	52.400146
4600	0.15	33	0.067986	52.657532
4600	0.15	29	0.067624	52.098694
4600	0.15	30	0.068797	51.681458
4600	0.15	29	0.068209	51.994934
4600	0.15	29	0.068380	52.622375
4600	0.15	30	0.067104	51.909241
4600	0.15	30	0.096431	52.633362
4600	0.15	31	0.090757	52.326416
4600	0.15	31	0.069111	52.119019
4600	0.15	31	0.085307	52.644165
4600	0.15	33	0.067633	51.755615
4600	0.15	32	0.068220	51.986145
4600	0.15	31	0.067775	52.627625
4600	0.15	28	0.067897	52.811829
4600	0.15	31	0.068095	52.284180

4800	0.15	32	0.073303	56.605164
4800	0.15	29	0.100285	56.809570
4800	0.15	29	0.074184	56.897522
4800	0.15	31	0.071848	56.003357
4800	0.15	33	0.100697	56.419922
4800	0.15	34	0.073166	56.906799
4800	0.15	29	0.101940	56.581970
4800	0.15	32	0.117558	56.503662
4800	0.15	28	0.141783	56.714417
4800	0.15	30	0.072884	56.768677
4800	0.15	34	0.073686	57.057861
4800	0.15	31	0.085822	56.849792
4800	0.15	32	0.072506	56.279114
4800	0.15	31	0.096123	57.265625
4800	0.15	28	0.074129	57.276062
4800	0.15	31	0.072415	56.502808
4800	0.15	33	0.073689	57.533508
4800	0.15	30	0.073286	56.509888
4800	0.15	33	0.072663	56.284851
4800	0.15	33	0.072311	56.634033
4800	0.15	30	0.073171	57.101501
4800	0.15	30	0.072964	56.316650
4800	0.15	31	0.073415	56.783386
4800	0.15	30	0.089289	56.452148
4800	0.15	31	0.140276	56.818359
4800	0.15	32	0.113140	57.365662
4800	0.15	33	0.073343	56.918457
4800	0.15	31	0.073009	56.504333
4800	0.15	28	0.072476	56.803589
4800	0.15	33	0.073466	57.507935

5000	0.15	33	0.101647	61.530884
5000	0.15	29	0.112152	61.574707
5000	0.15	30	0.145894	62.369873
5000	0.15	30	0.078103	61.268066
5000	0.15	33	0.077885	61.326050
5000	0.15	30	0.078469	62.373474
5000	0.15	33	0.100798	61.606140
5000	0.15	31	0.078417	61.304077
5000	0.15	32	0.142662	61.483582
5000	0.15	33	0.078674	62.199829
5000	0.15	32	0.078697	61.934570
5000	0.15	30	0.078370	61.570740
5000	0.15	30	0.090241	61.918823
5000	0.15	31	0.078210	61.519714
5000	0.15	29	0.078718	61.959778
5000	0.15	32	0.099496	61.805420
5000	0.15	33	0.078536	62.070618
5000	0.15	30	0.080227	62.827148
5000	0.15	30	0.078710	61.721375
5000	0.15	29	0.145855	61.435852
5000	0.15	29	0.136030	61.528748
5000	0.15	30	0.078864	62.268005
5000	0.15	30	0.091282	61.803162
5000	0.15	32	0.078167	61.637207
5000	0.15	30	0.090743	61.618469
5000	0.15	34	0.107023	62.324158
5000	0.15	33	0.079378	61.607178
5000	0.15	28	0.078160	61.615662
5000	0.15	30	0.093400	60.602539
5000	0.15	33	0.079216	61.209961

5200	0.15	30	0.144287	66.790405
5200	0.15	30	0.149758	66.799988
5200	0.15	28	0.152411	66.703369
5200	0.15	30	0.128343	66.486816
5200	0.15	32	0.151118	66.380615
5200	0.15	33	0.083304	66.063171
5200	0.15	32	0.099767	66.524475
5200	0.15	31	0.151351	66.210876
5200	0.15	32	0.083241	66.370178
5200	0.15	32	0.083541	66.580078
5200	0.15	30	0.105540	66.774719
5200	0.15	30	0.105951	66.491821
5200	0.15	32	0.111337	65.956848
5200	0.15	32	0.104820	67.204651
5200	0.15	31	0.110598	67.041870
5200	0.15	27	0.083715	66.660095
5200	0.15	34	0.083370	66.348083
5200	0.15	32	0.083959	66.719666
5200	0.15	31	0.084416	66.704468
5200	0.15	31	0.111749	66.290466
5200	0.15	33	0.083833	66.529419
5200	0.15	32	0.083837	66.427490
5200	0.15	31	0.084154	67.007874
5200	0.15	32	0.083820	66.855408
5200	0.15	32	0.111650	66.882141
5200	0.15	34	0.084056	66.558960
5200	0.15	31	0.111751	66.806335
5200	0.15	33	0.083553	66.708496
5200	0.15	29	0.084299	67.143738
5200	0.15	29	0.105889	66.264038

5400	0.15	29	0.117674	71.779114
5400	0.15	29	0.155456	71.763306
5400	0.15	31	0.089342	71.875793
5400	0.15	30	0.089257	71.708984
5400	0.15	29	0.089302	71.397034
5400	0.15	29	0.089306	71.819519
5400	0.15	32	0.155944	71.479065
5400	0.15	32	0.156375	71.848328
5400	0.15	32	0.089708	72.147888
5400	0.15	31	0.090330	71.604492
5400	0.15	31	0.111187	72.416748
5400	0.15	30	0.111588	71.993286
5400	0.15	29	0.157595	72.314575
5400	0.15	33	0.155832	72.264648
5400	0.15	31	0.158330	72.276428
5400	0.15	33	0.158073	71.524719
5400	0.15	31	0.160624	71.627808
5400	0.15	31	0.111714	71.778992
5400	0.15	31	0.106640	72.037048
5400	0.15	34	0.089672	71.790649
5400	0.15	29	0.088690	71.346985
5400	0.15	31	0.089184	71.806519
5400	0.15	33	0.089720	72.284180
5400	0.15	29	0.122336	71.403076
5400	0.15	30	0.155869	71.870117
5400	0.15	31	0.090155	71.868469
5400	0.15	33	0.089150	71.408752
5400	0.15	32	0.112249	71.966797
5400	0.15	31	0.156382	71.529480
5400	0.15	31	0.155591	71.720642

5600	0.15	31	0.135446	77.467773
5600	0.15	30	0.163631	76.929749
5600	0.15	29	0.095260	77.090637
5600	0.15	31	0.129210	77.241394
5600	0.15	31	0.161297	76.443909
5600	0.15	29	0.095024	77.023682
5600	0.15	32	0.113206	77.841370
5600	0.15	33	0.164111	77.463135
5600	0.15	33	0.155140	77.819031
5600	0.15	33	0.094706	77.167908
5600	0.15	30	0.097595	78.081482
5600	0.15	31	0.116633	77.204224
5600	0.15	31	0.161811	77.693298
5600	0.15	31	0.163916	77.136414
5600	0.15	31	0.112451	76.692017
5600	0.15	29	0.097778	76.914062
5600	0.15	30	0.095575	77.366760
5600	0.15	29	0.123349	77.438049
5600	0.15	29	0.163673	77.315857
5600	0.15	33	0.096497	77.200684
5600	0.15	31	0.160735	77.119202
5600	0.15	32	0.160464	77.259766
5600	0.15	31	0.114426	77.011536
5600	0.15	31	0.163321	77.472046
5600	0.15	31	0.094911	76.799927
5600	0.15	30	0.123117	76.964233
5600	0.15	31	0.162878	76.856262
5600	0.15	33	0.162408	77.091797
5600	0.15	33	0.095226	76.889038
5600	0.15	32	0.095759	77.727051

5800	0.15	31	0.139453	83.259949
5800	0.15	30	0.128120	82.630981
5800	0.15	29	0.123257	82.290161
5800	0.15	32	0.129466	83.679443
5800	0.15	31	0.140304	83.099487
5800	0.15	30	0.101525	82.729980
5800	0.15	30	0.137390	83.368958
5800	0.15	32	0.101800	83.496643
5800	0.15	31	0.128430	82.135620
5800	0.15	30	0.170591	83.459778
5800	0.15	31	0.101560	83.326782
5800	0.15	32	0.169054	82.275574
5800	0.15	32	0.171202	83.548096
5800	0.15	32	0.135321	82.580322
5800	0.15	30	0.145656	83.047241
5800	0.15	31	0.167116	83.354858
5800	0.15	29	0.165109	82.967957
5800	0.15	32	0.168281	83.190613
5800	0.15	31	0.169882	83.598999
5800	0.15	31	0.134408	82.649658
5800	0.15	31	0.170355	82.919922
5800	0.15	30	0.168431	82.501709
5800	0.15	29	0.165907	82.862366
5800	0.15	28	0.170148	83.228516
5800	0.15	32	0.171622	82.207520
5800	0.15	32	0.169353	82.914429
5800	0.15	32	0.101884	82.561768
5800	0.15	31	0.134749	82.789978
5800	0.15	32	0.169104	82.478882
5800	0.15	32	0.100753	82.769714

6000	0.15	30	0.107423	88.627441
6000	0.15	30	0.147497	88.823120
6000	0.15	31	0.107917	88.418579
6000	0.15	32	0.128353	88.867188
6000	0.15	31	0.175838	89.092224
6000	0.15	30	0.175509	88.529663
6000	0.15	30	0.174667	88.183838
6000	0.15	31	0.163174	88.495056
6000	0.15	33	0.176207	88.192932
6000	0.15	30	0.174314	90.068726
6000	0.15	32	0.174381	89.192261
6000	0.15	32	0.175952	88.484192
6000	0.15	29	0.172659	88.878113
6000	0.15	33	0.146316	88.647766
6000	0.15	29	0.175736	88.798828
6000	0.15	31	0.110509	89.239807
6000	0.15	31	0.124946	88.760681
6000	0.15	28	0.141635	88.861145
6000	0.15	31	0.107171	88.119934
6000	0.15	34	0.130051	88.460571
6000	0.15	32	0.174330	87.977173
6000	0.15	32	0.173687	89.585876
6000	0.15	32	0.107296	88.869080
6000	0.15	32	0.135255	88.468506
6000	0.15	32	0.129226	87.904175
6000	0.15	30	0.172380	87.747009
6000	0.15	33	0.176708	89.344238
6000	0.15	30	0.142426	89.862061
6000	0.15	29	0.109143	88.793213
6000	0.15	29	0.108761	88.816711

