200	0.15	19	0.001105	0.114624
200	0.15	19	0.001040	0.133240
200	0.15	25	0.001066	0.097778
200	0.15	19	0.001067	0.136963
200	0.15	14	0.001036	0.147583
200	0.15	14	0.001055	0.181824
200	0.15	19	0.001013	0.108704
200	0.15	19	0.001027	0.121094
200	0.15	21	0.001090	0.117554
200	0.15	17	0.001079	0.120544
200	0.15	18	0.001079	0.134033
200	0.15	21	0.001013	0.106140
200	0.15	19	0.001096	0.124207
200	0.15	14	0.001135	0.161804
200	0.15	15	0.001124	0.179199
200	0.15	14	0.001137	0.148865
200	0.15	22	0.001039	0.121094
200	0.15	18	0.001026	0.121826
200	0.15	17	0.001068	0.128845
200	0.15	18	0.001036	0.128113
200	0.15	18	0.001095	0.131775
200	0.15	17	0.001040	0.148254
200	0.15	17	0.002041	0.158264
200	0.15	15	0.001078	0.183533
200	0.15	15	0.001065	0.168213
200	0.15	20	0.001121	0.128723
200	0.15	15	0.001098	0.141418
200	0.15	21	0.001083	0.137329
200	0.15	14	0.001108	0.125732
200	0.15	18	0.001095	0.143494

400	0.15	18	0.002640	0.758545
400	0.15	22	0.002248	0.518738
400	0.15	23	0.002475	0.558655
400	0.15	19	0.002269	0.561646
400	0.15	24	0.002205	0.425964
400	0.15	22	0.002240	0.479858
400	0.15	14	0.002431	0.690308
400	0.15	20	0.002334	0.545044
400	0.15	17	0.002183	0.464233
400	0.15	22	0.002277	0.498535
400	0.15	22	0.002409	0.558533
400	0.15	25	0.002288	0.474976
400	0.15	16	0.002315	0.602661
400	0.15	22	0.002310	0.537659
400	0.15	16	0.002330	0.597778
400	0.15	20	0.002251	0.513428
400	0.15	23	0.002233	0.445496
400	0.15	18	0.002311	0.536804
400	0.15	15	0.002429	0.582031
400	0.15	25	0.002326	0.413208
400	0.15	22	0.004075	0.472168
400	0.15	22	0.002258	0.526306
400	0.15	19	0.002434	0.517273
400	0.15	22	0.002394	0.680298
400	0.15	19	0.002252	0.477295
400	0.15	22	0.002347	0.570435
400	0.15	22	0.002327	0.484558
400	0.15	24	0.002236	0.475708
400	0.15	18	0.002272	0.536987
400	0.15	20	0.002238	0.493958

600	0.15	22	0.004178	1.398010
600	0.15	22	0.003617	0.966919
600	0.15	25	0.003592	0.967346
600	0.15	18	0.004032	1.516235
600	0.15	21	0.003740	1.177429
600	0.15	24	0.003633	1.040466
600	0.15	22	0.003513	1.145203
600	0.15	21	0.004071	1.286987
600	0.15	22	0.003623	1.128418
600	0.15	20	0.004046	1.387390
600	0.15	20	0.003923	1.375488
600	0.15	17	0.004108	1.863098
600	0.15	22	0.003705	1.080139
600	0.15	21	0.003720	1.244812
600	0.15	21	0.003967	1.455200
600	0.15	25	0.003809	1.193420
600	0.15	19	0.007277	1.264648
600	0.15	19	0.003896	1.404541
600	0.15	22	0.003723	1.171448
600	0.15	26	0.003655	1.082947
600	0.15	25	0.003754	1.171997
600	0.15	26	0.003738	1.059570
600	0.15	23	0.004133	1.443420
600	0.15	23	0.003497	0.960327
600	0.15	22	0.003668	1.164429
600	0.15	20	0.003699	1.185669
600	0.15	25	0.003740	1.116089
600	0.15	26	0.003712	1.065796
600	0.15	18	0.004275	1.548889
600	0.15	22	0.003943	1.207947

800	0.15	22	0.005895	2.283386
800	0.15	24	0.005492	2.037781
800	0.15	18	0.005491	2.582397
800	0.15	26	0.010010	1.725708
800	0.15	25	0.005526	2.014587
800	0.15	27	0.006293	1.741638
800	0.15	28	0.005176	1.773499
800	0.15	22	0.005624	2.624512
800	0.15	24	0.005401	2.093933
800	0.15	24	0.005324	1.994019
800	0.15	16	0.006356	3.762756
800	0.15	23	0.005519	2.531250
800	0.15	24	0.005630	2.217163
800	0.15	25	0.005326	2.050476
800	0.15	24	0.005329	2.123718
800	0.15	24	0.005091	2.155151
800	0.15	16	0.005522	2.517944
800	0.15	29	0.005190	1.735107
800	0.15	19	0.005579	2.212830
800	0.15	24	0.005453	1.967468
800	0.15	21	0.005552	2.073364
800	0.15	17	0.005873	2.545654
800	0.15	26	0.005044	2.025818
800	0.15	24	0.005525	2.229248
800	0.15	22	0.009974	2.086975
800	0.15	22	0.005167	1.811707
800	0.15	27	0.005592	2.357849
800	0.15	26	0.005720	2.168335
800	0.15	25	0.005272	1.944580
800	0.15	25	0.005533	1.888000

1000	0.15	28	0.007263	3.175537
1000	0.15	28	0.006877	2.777649
1000	0.15	24	0.007374	3.331482
1000	0.15	25	0.007599	3.654175
1000	0.15	20	0.007803	4.060547
1000	0.15	22	0.007244	3.432556
1000	0.15	23	0.007778	4.110352
1000	0.15	23	0.007550	3.614197
1000	0.15	27	0.006909	2.711365
1000	0.15	30	0.006837	2.552368
1000	0.15	27	0.006852	3.092651
1000	0.15	25	0.007064	2.863892
1000	0.15	29	0.007273	3.222534
1000	0.15	22	0.007996	4.165894
1000	0.15	25	0.007227	2.755249
1000	0.15	22	0.007514	3.874573
1000	0.15	27	0.007358	3.144470
1000	0.15	30	0.006793	2.785034
1000	0.15	27	0.012976	3.269653
1000	0.15	22	0.007931	3.858643
1000	0.15	26	0.006772	2.564270
1000	0.15	20	0.008334	5.322876
1000	0.15	24	0.007296	3.232788
1000	0.15	27	0.006875	3.054932
1000	0.15	26	0.007149	3.378601
1000	0.15	27	0.006809	3.016174
1000	0.15	27	0.010554	2.868408
1000	0.15	27	0.007378	3.142395
1000	0.15	25	0.006943	3.078125
1000	0.15	19	0.008139	5.098633

1200	0.15	26	0.010140	5.190613
1200	0.15	29	0.008828	4.201355
1200	0.15	18	0.010401	6.686707
1200	0.15	20	0.010002	5.882874
1200	0.15	22	0.016147	4.511414
1200	0.15	24	0.009114	4.657288
1200	0.15	19	0.010011	6.303040
1200	0.15	28	0.009254	4.732483
1200	0.15	23	0.009559	4.539246
1200	0.15	25	0.009545	5.027283
1200	0.15	24	0.009303	5.469055
1200	0.15	28	0.008809	4.370117
1200	0.15	27	0.014830	4.513306
1200	0.15	25	0.009407	5.077698
1200	0.15	27	0.008637	4.184753
1200	0.15	24	0.018109	5.107788
1200	0.15	22	0.031984	5.349854
1200	0.15	26	0.019057	4.269470
1200	0.15	30	0.014822	3.753296
1200	0.15	22	0.009745	5.036438
1200	0.15	24	0.012105	4.102234
1200	0.15	21	0.017157	5.721130
1200	0.15	32	0.010266	4.446411
1200	0.15	22	0.009793	5.336365
1200	0.15	26	0.014710	3.851379
1200	0.15	30	0.008419	3.860168
1200	0.15	30	0.009163	4.675171
1200	0.15	22	0.011696	5.893982
1200	0.15	21	0.010355	5.943359
1200	0.15	29	0.030848	4.328857

1400	0.15	29	0.020348	6.446106
1400	0.15	30	0.010855	5.392883
1400	0.15	20	0.043906	10.868103
1400	0.15	25	0.013538	7.942810
1400	0.15	25	0.020779	6.769775
1400	0.15	24	0.010814	5.239563
1400	0.15	25	0.011637	6.816284
1400	0.15	26	0.011131	6.031555
1400	0.15	27	0.019389	6.816772
1400	0.15	18	0.015047	12.126099
1400	0.15	26	0.012482	6.693054
1400	0.15	26	0.014221	9.287964
1400	0.15	26	0.011630	6.724121
1400	0.15	27	0.011856	7.054382
1400	0.15	27	0.011072	5.641357
1400	0.15	28	0.010447	5.535156
1400	0.15	28	0.011079	5.900330
1400	0.15	31	0.010236	4.773254
1400	0.15	31	0.032207	5.339172
1400	0.15	27	0.011997	6.618408
1400	0.15	26	0.028242	6.437195
1400	0.15	27	0.017838	5.654175
1400	0.15	20	0.011489	7.610535
1400	0.15	22	0.039882	7.098816
1400	0.15	29	0.023222	6.372681
1400	0.15	29	0.018637	5.193054
1400	0.15	30	0.012322	6.884888
1400	0.15	20	0.012367	7.822083
1400	0.15	21	0.012365	7.552917
1400	0.15	24	0.010966	5.887207

1600	0.15	23	0.015361	9.298889
1600	0.15	27	0.014224	8.934631
1600	0.15	29	0.013347	7.262939
1600	0.15	27	0.014273	7.997009
1600	0.15	29	0.012644	6.451843
1600	0.15	25	0.014590	9.177734
1600	0.15	22	0.014293	8.953979
1600	0.15	28	0.013550	7.862183
1600	0.15	30	0.013806	8.047607
1600	0.15	21	0.027610	11.328308
1600	0.15	28	0.013506	7.533508
1600	0.15	28	0.014330	8.026733
1600	0.15	26	0.013999	8.960266
1600	0.15	21	0.015791	11.644409
1600	0.15	31	0.013905	7.943237
1600	0.15	30	0.013843	7.757202
1600	0.15	27	0.014154	7.699463
1600	0.15	31	0.013772	7.787720
1600	0.15	21	0.030079	9.467529
1600	0.15	27	0.017076	8.677917
1600	0.15	19	0.018966	13.713501
1600	0.15	28	0.014215	8.334167
1600	0.15	29	0.013290	7.101440
1600	0.15	25	0.013408	6.967285
1600	0.15	29	0.014584	9.065613
1600	0.15	23	0.023647	9.872681
1600	0.15	30	0.015440	9.596558
1600	0.15	28	0.028687	8.859314
1600	0.15	29	0.015003	9.338440
1600	0.15	21	0.014596	9.308899

1800	0.15	28	0.032951	10.986023
1800	0.15	28	0.017039	10.896484
1800	0.15	22	0.016839	12.097290
1800	0.15	26	0.016026	9.386536
1800	0.15	19	0.020491	19.873413
1800	0.15	27	0.015984	9.258789
1800	0.15	34	0.015881	8.589661
1800	0.15	28	0.017653	11.183167
1800	0.15	27	0.018548	10.143555
1800	0.15	20	0.016670	11.524048
1800	0.15	28	0.016358	10.080383
1800	0.15	26	0.017179	11.029297
1800	0.15	27	0.024336	13.204346
1800	0.15	23	0.017610	11.527283
1800	0.15	27	0.015831	9.697021
1800	0.15	25	0.034402	11.817322
1800	0.15	25	0.019636	14.775635
1800	0.15	32	0.014634	7.958740
1800	0.15	26	0.018751	11.394836
1800	0.15	23	0.018768	13.712280
1800	0.15	30	0.017956	10.756958
1800	0.15	26	0.017204	11.636353
1800	0.15	24	0.016777	10.262878
1800	0.15	21	0.019281	14.140381
1800	0.15	25	0.031268	11.612732
1800	0.15	26	0.017250	11.500366
1800	0.15	27	0.017472	11.603149
1800	0.15	31	0.016994	10.986145
1800	0.15	25	0.018570	11.767883
1800	0.15	26	0.018228	12.139343

2000	0.15	27	0.019158	12.058167
2000	0.15	28	0.018195	10.831726
2000	0.15	27	0.036022	15.178772
2000	0.15	30	0.018802	11.890198
2000	0.15	26	0.022467	15.792419
2000	0.15	24	0.020402	15.638550
2000	0.15	27	0.030865	15.026733
2000	0.15	25	0.021851	15.608337
2000	0.15	28	0.020390	14.349609
2000	0.15	27	0.018679	12.890015
2000	0.15	24	0.022073	15.466248
2000	0.15	31	0.019463	11.620178
2000	0.15	28	0.022928	17.313049
2000	0.15	30	0.019399	11.950073
2000	0.15	25	0.020694	13.683655
2000	0.15	21	0.022183	17.109436
2000	0.15	26	0.019281	13.617737
2000	0.15	24	0.022053	16.311951
2000	0.15	28	0.020612	13.841370
2000	0.15	25	0.019316	11.545654
2000	0.15	27	0.020469	13.030334
2000	0.15	29	0.019441	12.760681
2000	0.15	30	0.031139	12.587219
2000	0.15	30	0.021971	14.137390
2000	0.15	25	0.022088	19.056152
2000	0.15	24	0.019873	14.987061
2000	0.15	24	0.022576	15.790405
2000	0.15	29	0.019697	12.104797
2000	0.15	27	0.021567	13.197632
2000	0.15	22	0.021998	18.936035

2200	0.15	34	0.022207	12.239258
2200	0.15	29	0.022928	15.776733
2200	0.15	23	0.027968	22.052979
2200	0.15	29	0.022708	15.250305
2200	0.15	30	0.021994	13.333740
2200	0.15	22	0.027565	22.183533
2200	0.15	31	0.022537	14.430542
2200	0.15	25	0.025410	18.959351
2200	0.15	30	0.021084	12.988525
2200	0.15	25	0.025093	17.315857
2200	0.15	26	0.022364	15.266113
2200	0.15	29	0.023218	15.614685
2200	0.15	30	0.022149	14.841492
2200	0.15	27	0.022048	15.311523
2200	0.15	27	0.023935	17.341980
2200	0.15	28	0.024373	17.074524
2200	0.15	24	0.024091	19.743042
2200	0.15	24	0.025282	18.636169
2200	0.15	27	0.023685	17.495850
2200	0.15	30	0.021561	13.658264
2200	0.15	23	0.028799	22.855347
2200	0.15	30	0.022133	14.684448
2200	0.15	24	0.022774	16.372070
2200	0.15	30	0.022605	15.689697
2200	0.15	30	0.023150	15.430664
2200	0.15	31	0.020688	11.711731
2200	0.15	28	0.023847	16.149658
2200	0.15	28	0.022052	14.304932
2200	0.15	30	0.022369	15.251404
2200	0.15	23	0.025100	17.188293

2400	0.15	30	0.027678	17.600586
2400	0.15	29	0.028607	21.005798
2400	0.15	29	0.026647	18.705383
2400	0.15	33	0.023688	14.775879
2400	0.15	34	0.026481	14.848145
2400	0.15	29	0.069798	17.495850
2400	0.15	31	0.031346	16.506470
2400	0.15	21	0.029491	24.941772
2400	0.15	26	0.030064	24.290649
2400	0.15	25	0.028835	23.001953
2400	0.15	32	0.026631	18.702148
2400	0.15	24	0.028204	21.585205
2400	0.15	24	0.028291	22.359619
2400	0.15	32	0.027615	19.686646
2400	0.15	26	0.026254	18.116699
2400	0.15	28	0.026572	18.777649
2400	0.15	32	0.026179	18.239746
2400	0.15	26	0.028463	20.931396
2400	0.15	21	0.031188	24.803223
2400	0.15	27	0.027603	21.254028
2400	0.15	28	0.025862	18.406799
2400	0.15	29	0.027337	18.556641
2400	0.15	26	0.040203	21.188477
2400	0.15	19	0.037768	33.640137
2400	0.15	28	0.026362	18.355042
2400	0.15	28	0.027806	20.995422
2400	0.15	22	0.026587	19.110779
2400	0.15	27	0.029426	22.908813
2400	0.15	27	0.026421	18.337769
2400	0.15	26	0.028540	21.259644

2600	0.15	31	0.039575	24.573975
2600	0.15	29	0.029325	20.192993
2600	0.15	32	0.028583	18.858887
2600	0.15	32	0.028380	19.522827
2600	0.15	28	0.031170	23.639893
2600	0.15	23	0.034786	32.115906
2600	0.15	31	0.032245	24.411804
2600	0.15	28	0.030098	22.938477
2600	0.15	24	0.033661	28.967346
2600	0.15	28	0.030815	22.698547
2600	0.15	27	0.029670	22.017029
2600	0.15	27	0.040228	32.575684
2600	0.15	27	0.033233	25.716553
2600	0.15	26	0.029343	23.169006
2600	0.15	31	0.030812	22.722900
2600	0.15	25	0.035536	26.032898
2600	0.15	27	0.029081	21.983337
2600	0.15	27	0.034179	26.464417
2600	0.15	31	0.045262	18.438660
2600	0.15	27	0.029271	19.503479
2600	0.15	29	0.029003	20.682739
2600	0.15	29	0.029477	21.347107
2600	0.15	26	0.031558	26.942932
2600	0.15	27	0.034278	25.842712
2600	0.15	33	0.030441	21.221069
2600	0.15	25	0.035412	30.111633
2600	0.15	30	0.030420	21.005981
2600	0.15	28	0.049450	24.726562
2600	0.15	29	0.029249	20.961243
2600	0.15	31	0.031794	24.644226

2800	0.15	29	0.033283	21.846008
2800	0.15	32	0.032637	23.353821
2800	0.15	26	0.033155	25.573364
2800	0.15	24	0.035413	29.391968
2800	0.15	30	0.052391	27.740723
2800	0.15	26	0.037951	32.374756
2800	0.15	30	0.032094	22.367432
2800	0.15	30	0.053193	21.467041
2800	0.15	30	0.033720	25.637207
2800	0.15	26	0.041095	38.784363
2800	0.15	27	0.031940	22.830750
2800	0.15	29	0.033337	25.945435
2800	0.15	30	0.031703	22.587280
2800	0.15	27	0.038647	36.625488
2800	0.15	28	0.031789	22.666748
2800	0.15	21	0.048323	39.248779
2800	0.15	27	0.035176	27.873413
2800	0.15	28	0.036713	31.427063
2800	0.15	32	0.030752	21.889832
2800	0.15	36	0.030523	20.348755
2800	0.15	27	0.035518	26.920349
2800	0.15	34	0.032158	21.492920
2800	0.15	30	0.033803	24.284607
2800	0.15	39	0.030571	19.418945
2800	0.15	34	0.030062	19.767578
2800	0.15	28	0.033942	25.237976
2800	0.15	27	0.032892	23.857483
2800	0.15	32	0.031407	22.356140
2800	0.15	28	0.037692	28.866760
2800	0.15	27	0.035693	29.528625

3000	0.15	31	0.035532	27.105957
3000	0.15	22	0.042184	42.349976
3000	0.15	31	0.036560	25.857544
3000	0.15	28	0.039559	32.246948
3000	0.15	30	0.035805	26.427917
3000	0.15	30	0.053909	26.871460
3000	0.15	28	0.041882	36.206299
3000	0.15	31	0.036806	29.036377
3000	0.15	33	0.038407	29.459473
3000	0.15	31	0.037666	27.668579
3000	0.15	27	0.040634	32.587463
3000	0.15	30	0.036419	27.554810
3000	0.15	33	0.039254	27.451965
3000	0.15	28	0.036033	26.757996
3000	0.15	27	0.038677	31.341064
3000	0.15	32	0.038562	29.155212
3000	0.15	31	0.038367	28.401733
3000	0.15	26	0.036774	28.438782
3000	0.15	30	0.038237	30.182190
3000	0.15	27	0.041658	35.909546
3000	0.15	26	0.038139	33.510193
3000	0.15	30	0.039372	31.294434
3000	0.15	29	0.039289	28.942139
3000	0.15	27	0.040574	32.766296
3000	0.15	31	0.034852	24.033447
3000	0.15	29	0.037992	28.783142
3000	0.15	29	0.038753	31.252930
3000	0.15	21	0.046527	48.893494
3000	0.15	34	0.034713	23.685608
3000	0.15	30	0.036143	27.516113

3200	0.15	29	0.041413	28.818542
3200	0.15	23	0.050663	44.577332
3200	0.15	29	0.044219	36.781677
3200	0.15	27	0.042043	33.824280
3200	0.15	32	0.043202	33.551514
3200	0.15	26	0.046684	38.254639
3200	0.15	30	0.041326	31.324646
3200	0.15	26	0.048635	37.122131
3200	0.15	31	0.038869	29.036011
3200	0.15	29	0.038496	28.716187
3200	0.15	26	0.044356	37.248169
3200	0.15	34	0.039767	30.135193
3200	0.15	32	0.040351	28.899231
3200	0.15	23	0.044267	35.993530
3200	0.15	35	0.038426	26.730286
3200	0.15	31	0.042687	32.310486
3200	0.15	23	0.052888	44.131348
3200	0.15	27	0.043538	35.922791
3200	0.15	32	0.041084	31.119568
3200	0.15	31	0.045799	36.041443
3200	0.15	26	0.043433	39.556519
3200	0.15	31	0.043079	33.591248
3200	0.15	32	0.043196	34.396667
3200	0.15	24	0.044490	42.815552
3200	0.15	24	0.047530	53.542542
3200	0.15	30	0.041392	31.388184
3200	0.15	27	0.043692	37.643738
3200	0.15	29	0.040664	31.880554
3200	0.15	31	0.043425	35.168823
3200	0.15	28	0.042806	32.607788

3400	0.15	29	0.047701	36.252747
3400	0.15	30	0.049625	38.027039
3400	0.15	28	0.051753	43.596497
3400	0.15	30	0.050574	42.200073
3400	0.15	26	0.052592	43.477417
3400	0.15	27	0.050058	42.188782
3400	0.15	29	0.045781	38.966858
3400	0.15	29	0.045599	35.745789
3400	0.15	31	0.045052	33.090759
3400	0.15	31	0.047605	34.825806
3400	0.15	30	0.048612	42.112732
3400	0.15	34	0.041761	30.094116
3400	0.15	32	0.045178	33.865540
3400	0.15	30	0.048271	38.892761
3400	0.15	24	0.054017	48.095886
3400	0.15	32	0.041088	28.918457
3400	0.15	31	0.049969	41.397095
3400	0.15	30	0.045818	35.043457
3400	0.15	33	0.047154	35.785583
3400	0.15	28	0.048616	36.939270
3400	0.15	31	0.046754	36.034241
3400	0.15	31	0.047715	35.616943
3400	0.15	26	0.052530	49.198364
3400	0.15	22	0.051905	45.367249
3400	0.15	32	0.053694	43.527466
3400	0.15	28	0.049964	40.391907
3400	0.15	27	0.049122	41.536560
3400	0.15	29	0.043940	34.675354
3400	0.15	26	0.049951	45.153015
3400	0.15	30	0.045638	34.873962

3600	0.15	28	0.053300	42.169495
3600	0.15	30	0.053905	49.371643
3600	0.15	30	0.051691	42.304565
3600	0.15	28	0.054604	45.449829
3600	0.15	31	0.047732	36.839417
3600	0.15	27	0.053131	44.993347
3600	0.15	31	0.045968	33.787842
3600	0.15	24	0.062632	58.386536
3600	0.15	24	0.054759	47.712769
3600	0.15	34	0.048879	37.563171
3600	0.15	28	0.053436	47.781738
3600	0.15	30	0.051928	42.120544
3600	0.15	28	0.052185	45.645996
3600	0.15	25	0.054397	50.255981
3600	0.15	32	0.062539	37.907532
3600	0.15	24	0.069564	60.090515
3600	0.15	31	0.051691	39.585938
3600	0.15	31	0.048052	37.445679
3600	0.15	28	0.068579	61.283020
3600	0.15	32	0.049521	37.886597
3600	0.15	25	0.069296	58.866882
3600	0.15	35	0.047012	33.062927
3600	0.15	26	0.055254	45.217224
3600	0.15	33	0.049275	37.597778
3600	0.15	29	0.053336	44.173035
3600	0.15	28	0.052639	47.607300
3600	0.15	28	0.051713	41.498962
3600	0.15	29	0.053245	42.427429
3600	0.15	25	0.066165	61.088867
3600	0.15	25	0.054774	44.775757

3800	0.15	26	0.071839	68.146729
3800	0.15	29	0.062520	54.851013
3800	0.15	30	0.059150	46.435547
3800	0.15	24	0.063600	59.427551
3800	0.15	25	0.064511	62.262146
3800	0.15	26	0.061726	60.502502
3800	0.15	33	0.052186	44.769348
3800	0.15	29	0.056248	44.343994
3800	0.15	29	0.055173	44.173157
3800	0.15	32	0.052411	43.270020
3800	0.15	30	0.057173	48.422058
3800	0.15	31	0.054360	43.767639
3800	0.15	29	0.062559	52.262695
3800	0.15	25	0.065666	56.386292
3800	0.15	36	0.055398	43.484253
3800	0.15	30	0.058097	48.644104
3800	0.15	26	0.063946	56.423828
3800	0.15	28	0.058632	57.216064
3800	0.15	32	0.077150	49.898438
3800	0.15	30	0.056216	43.465271
3800	0.15	30	0.061443	58.164612
3800	0.15	31	0.058526	46.390564
3800	0.15	25	0.069964	60.349426
3800	0.15	28	0.064102	55.043457
3800	0.15	24	0.061110	50.614624
3800	0.15	31	0.054879	45.128418
3800	0.15	28	0.061508	52.162598
3800	0.15	27	0.062250	54.060425
3800	0.15	31	0.051539	39.378845
3800	0.15	30	0.058037	50.737915

4000	0.15	27	0.078256	51.893921
4000	0.15	32	0.070397	61.272766
4000	0.15	33	0.060621	47.618286
4000	0.15	29	0.065931	60.351379
4000	0.15	27	0.069638	65.968933
4000	0.15	33	0.056791	43.074158
4000	0.15	27	0.063191	54.164917
4000	0.15	30	0.057537	45.590576
4000	0.15	31	0.062952	54.548157
4000	0.15	32	0.061619	49.443481
4000	0.15	30	0.117191	44.014771
4000	0.15	33	0.059626	47.416199
4000	0.15	26	0.066857	59.345459
4000	0.15	32	0.062525	52.859802
4000	0.15	26	0.068257	61.491211
4000	0.15	25	0.068556	61.384155
4000	0.15	31	0.056931	44.067871
4000	0.15	29	0.065828	55.825073
4000	0.15	30	0.059854	50.975098
4000	0.15	30	0.065269	55.169861
4000	0.15	33	0.066015	55.918762
4000	0.15	26	0.067030	63.004517
4000	0.15	30	0.064627	62.212708
4000	0.15	36	0.057332	44.657471
4000	0.15	25	0.064993	64.177612
4000	0.15	26	0.068179	65.859985
4000	0.15	26	0.068704	62.489685
4000	0.15	31	0.061413	50.850464
4000	0.15	26	0.075557	69.261292
4000	0.15	30	0.063020	53.162781

4200	0.15	24	0.086716	81.939270
4200	0.15	25	0.079435	90.288757
4200	0.15	29	0.066170	53.148315
4200	0.15	30	0.071407	61.493835
4200	0.15	27	0.073160	64.137085
4200	0.15	23	0.095821	86.176147
4200	0.15	28	0.076191	76.440979
4200	0.15	26	0.072594	66.855408
4200	0.15	32	0.071481	59.420166
4200	0.15	28	0.139168	70.508911
4200	0.15	32	0.073102	61.345337
4200	0.15	29	0.068007	57.585327
4200	0.15	27	0.070829	67.549377
4200	0.15	30	0.071284	65.798950
4200	0.15	23	0.090298	79.962097
4200	0.15	30	0.068645	57.715881
4200	0.15	29	0.066967	51.942688
4200	0.15	28	0.071276	61.662354
4200	0.15	32	0.062907	51.818970
4200	0.15	33	0.072603	59.063843
4200	0.15	32	0.066743	55.985291
4200	0.15	29	0.074002	61.088623
4200	0.15	31	0.067139	57.057007
4200	0.15	27	0.076128	77.989319
4200	0.15	38	0.061450	46.727844
4200	0.15	33	0.063882	51.384949
4200	0.15	23	0.073861	77.713562
4200	0.15	24	0.092631	98.221802
4200	0.15	26	0.087976	111.991577
4200	0.15	24	0.072599	73.731812

4400	0.15	28	0.082331	68.783386
4400	0.15	30	0.066494	53.539062
4400	0.15	35	0.071458	57.803223
4400	0.15	33	0.073147	62.486755
4400	0.15	29	0.077785	75.407654
4400	0.15	28	0.081535	76.097351
4400	0.15	32	0.070961	56.130920
4400	0.15	25	0.095473	80.184937
4400	0.15	28	0.073592	63.003235
4400	0.15	33	0.067818	51.380920
4400	0.15	28	0.083954	88.056091
4400	0.15	26	0.078239	78.271851
4400	0.15	34	0.071047	61.616821
4400	0.15	27	0.082091	69.779236
4400	0.15	32	0.073427	57.395508
4400	0.15	30	0.072247	61.799255
4400	0.15	28	0.073333	66.981567
4400	0.15	32	0.070391	58.626587
4400	0.15	31	0.068294	57.270264
4400	0.15	33	0.079044	66.250244
4400	0.15	33	0.065882	52.922363
4400	0.15	32	0.077226	69.428650
4400	0.15	29	0.076917	67.586670
4400	0.15	30	0.076697	66.212769
4400	0.15	28	0.092091	78.655762
4400	0.15	32	0.075096	62.845215
4400	0.15	34	0.069000	55.882690
4400	0.15	31	0.071154	61.597168
4400	0.15	30	0.072591	62.442383
4400	0.15	30	0.077605	72.763062

4600	0.15	32	0.076676	64.313354
4600	0.15	34	0.125688	69.039551
4600	0.15	32	0.145749	68.577637
4600	0.15	27	0.097841	100.101562
4600	0.15	30	0.073192	61.886292
4600	0.15	28	0.090592	81.882080
4600	0.15	28	0.080129	69.849854
4600	0.15	27	0.092168	87.653564
4600	0.15	33	0.073099	59.575439
4600	0.15	25	0.089600	81.934814
4600	0.15	30	0.091050	77.869141
4600	0.15	30	0.077354	64.833679
4600	0.15	30	0.084282	75.224731
4600	0.15	32	0.086206	77.081360
4600	0.15	26	0.103724	101.080078
4600	0.15	28	0.086030	73.169006
4600	0.15	33	0.075419	62.815674
4600	0.15	25	0.089307	82.482361
4600	0.15	28	0.085067	80.965088
4600	0.15	31	0.072293	61.417236
4600	0.15	28	0.078886	68.987610
4600	0.15	26	0.093293	83.854553
4600	0.15	23	0.091828	88.916321
4600	0.15	32	0.076041	64.290283
4600	0.15	29	0.079971	72.935608
4600	0.15	28	0.075956	67.051636
4600	0.15	31	0.080151	70.892151
4600	0.15	31	0.082845	73.864136
4600	0.15	28	0.087124	86.998901
4600	0.15	32	0.088622	72.959717

4800	0.15	31	0.082095	69.752808
4800	0.15	26	0.109113	96.558594
4800	0.15	35	0.077402	63.422668
4800	0.15	34	0.076751	62.848450
4800	0.15	26	0.103809	97.362305
4800	0.15	25	0.097246	96.506531
4800	0.15	26	0.121801	119.828003
4800	0.15	27	0.148428	78.298950
4800	0.15	26	0.157984	80.896057
4800	0.15	34	0.137823	66.787231
4800	0.15	30	0.084350	74.003052
4800	0.15	28	0.093646	84.106018
4800	0.15	32	0.084151	71.372986
4800	0.15	31	0.089887	77.845520
4800	0.15	31	0.089162	77.364258
4800	0.15	28	0.094154	80.747620
4800	0.15	34	0.078888	63.968140
4800	0.15	26	0.094332	106.940674
4800	0.15	30	0.082829	69.930298
4800	0.15	32	0.099784	71.232849
4800	0.15	31	0.085596	74.625244
4800	0.15	34	0.085865	71.016418
4800	0.15	31	0.081393	70.741211
4800	0.15	30	0.082362	76.765747
4800	0.15	28	0.105821	118.905151
4800	0.15	28	0.162659	95.357422
4800	0.15	30	0.094615	88.176025
4800	0.15	34	0.074842	60.163818
4800	0.15	30	0.089564	79.612976
4800	0.15	28	0.090261	80.540039

5000	0.15	38	0.086811	68.884888
5000	0.15	19	0.110898	132.354187
5000	0.15	24	0.173876	98.206055
5000	0.15	33	0.100766	79.094788
5000	0.15	23	0.119854	117.305969
5000	0.15	35	0.083000	68.240845
5000	0.15	32	0.093759	80.745850
5000	0.15	29	0.092073	83.874084
5000	0.15	30	0.115194	75.046814
5000	0.15	33	0.143999	71.486206
5000	0.15	31	0.091934	76.903870
5000	0.15	21	0.109037	115.633179
5000	0.15	30	0.100177	101.695923
5000	0.15	32	0.091753	83.382874
5000	0.15	30	0.094383	91.739868
5000	0.15	28	0.098158	95.946472
5000	0.15	32	0.105564	94.282715
5000	0.15	32	0.083945	67.987732
5000	0.15	31	0.089690	79.720215
5000	0.15	30	0.099452	99.474243
5000	0.15	31	0.164571	85.602112
5000	0.15	32	0.090795	77.426208
5000	0.15	30	0.091105	77.265625
5000	0.15	34	0.096828	82.857727
5000	0.15	35	0.082061	66.128662
5000	0.15	26	0.111058	114.372559
5000	0.15	33	0.087709	80.298157
5000	0.15	32	0.093199	81.325745
5000	0.15	28	0.103640	95.650391
5000	0.15	28	0.092559	86.237061

5200	0.15	33	0.106539	75.022522
5200	0.15	32	0.163639	82.946960
5200	0.15	33	0.151046	84.216431
5200	0.15	29	0.162643	82.541321
5200	0.15	23	0.173009	113.291321
5200	0.15	33	0.100188	89.176758
5200	0.15	33	0.094074	81.405090
5200	0.15	27	0.095929	98.546387
5200	0.15	36	0.158892	77.455139
5200	0.15	28	0.100699	85.314270
5200	0.15	28	0.106521	93.850525
5200	0.15	31	0.107208	95.503235
5200	0.15	30	0.098269	92.905823
5200	0.15	30	0.143067	79.954407
5200	0.15	35	0.100987	91.463318
5200	0.15	33	0.098743	87.964966
5200	0.15	30	0.090082	78.916992
5200	0.15	34	0.100723	83.938965
5200	0.15	31	0.104983	93.436523
5200	0.15	25	0.115992	113.110535
5200	0.15	30	0.105249	100.739075
5200	0.15	29	0.100161	98.408691
5200	0.15	33	0.109839	95.913635
5200	0.15	29	0.107566	102.580994
5200	0.15	31	0.102685	91.633362
5200	0.15	36	0.085712	68.247986
5200	0.15	31	0.100719	96.934448
5200	0.15	27	0.097211	97.693909
5200	0.15	29	0.109231	101.569824
5200	0.15	21	0.125022	145.753174

5400	0.15	23	0.174708	141.862854
5400	0.15	34	0.166630	83.589539
5400	0.15	28	0.107451	94.270020
5400	0.15	27	0.110754	116.750366
5400	0.15	32	0.101309	88.314514
5400	0.15	33	0.099911	86.065491
5400	0.15	30	0.151004	124.762329
5400	0.15	30	0.170654	100.016846
5400	0.15	37	0.103630	91.166382
5400	0.15	31	0.104604	87.387451
5400	0.15	27	0.115432	105.850281
5400	0.15	30	0.102211	93.096619
5400	0.15	29	0.168412	97.017273
5400	0.15	27	0.183368	125.416565
5400	0.15	29	0.195200	128.790100
5400	0.15	36	0.157720	85.025146
5400	0.15	29	0.172192	94.822205
5400	0.15	28	0.110678	120.214172
5400	0.15	24	0.192281	124.931213
5400	0.15	31	0.101588	90.534851
5400	0.15	33	0.091845	76.311157
5400	0.15	35	0.099224	83.243225
5400	0.15	34	0.096325	81.900024
5400	0.15	26	0.132499	124.612610
5400	0.15	34	0.148782	97.052185
5400	0.15	29	0.153552	86.191284
5400	0.15	38	0.095635	76.132935
5400	0.15	29	0.105235	98.166504
5400	0.15	35	0.153434	71.735168
5400	0.15	31	0.167081	98.583496

5600	0.15	25	0.173814	165.623596
5600	0.15	32	0.184005	106.733337
5600	0.15	29	0.134116	123.183838
5600	0.15	26	0.124833	120.769104
5600	0.15	30	0.178447	101.375244
5600	0.15	34	0.176384	93.243469
5600	0.15	30	0.104462	92.883423
5600	0.15	33	0.129184	88.729797
5600	0.15	26	0.196421	133.343445
5600	0.15	32	0.124358	93.504150
5600	0.15	33	0.111435	100.307922
5600	0.15	31	0.110237	101.983948
5600	0.15	34	0.177367	92.791321
5600	0.15	35	0.167950	85.786743
5600	0.15	33	0.102060	87.769470
5600	0.15	33	0.104105	91.348511
5600	0.15	25	0.113728	105.836670
5600	0.15	32	0.115412	98.967407
5600	0.15	30	0.165373	98.152954
5600	0.15	31	0.120562	108.474121
5600	0.15	33	0.178867	99.683838
5600	0.15	30	0.165084	96.503235
5600	0.15	33	0.168081	116.271423
5600	0.15	31	0.119733	114.750732
5600	0.15	28	0.107002	101.393982
5600	0.15	29	0.105976	88.187988
5600	0.15	29	0.149564	101.504944
5600	0.15	30	0.200956	134.286133
5600	0.15	34	0.103851	86.940491
5600	0.15	33	0.114799	99.541687

5800	0.15	25	0.133659	150.678040
5800	0.15	34	0.112353	96.510071
5800	0.15	31	0.120877	109.292725
5800	0.15	30	0.185476	112.940918
5800	0.15	32	0.154460	133.276123
5800	0.15	30	0.176078	114.705750
5800	0.15	27	0.151013	170.782959
5800	0.15	36	0.113303	103.045105
5800	0.15	33	0.138524	130.952881
5800	0.15	29	0.200228	127.159241
5800	0.15	27	0.200777	137.110901
5800	0.15	30	0.124185	110.646057
5800	0.15	37	0.177391	94.353333
5800	0.15	27	0.133617	117.299927
5800	0.15	35	0.183060	104.327271
5800	0.15	32	0.175487	95.882568
5800	0.15	32	0.171902	109.612366
5800	0.15	27	0.199277	139.958862
5800	0.15	33	0.158385	94.597412
5800	0.15	32	0.129549	116.005554
5800	0.15	31	0.183589	111.322266
5800	0.15	32	0.178980	95.397034
5800	0.15	29	0.177654	118.388184
5800	0.15	31	0.189326	118.498474
5800	0.15	26	0.170950	163.341003
5800	0.15	28	0.183425	118.996460
5800	0.15	28	0.182677	109.668884
5800	0.15	29	0.117867	124.776062
5800	0.15	28	0.173365	124.854858
5800	0.15	31	0.186783	113.119263

6000	0.15	29	0.150063	113.236389
6000	0.15	31	0.137412	106.158203
6000	0.15	33	0.116924	101.364685
6000	0.15	35	0.117345	100.481384
6000	0.15	31	0.181393	101.880981
6000	0.15	30	0.130806	120.691833
6000	0.15	29	0.191267	113.354919
6000	0.15	30	0.183024	119.263733
6000	0.15	34	0.173154	110.439087
6000	0.15	35	0.184067	101.200317
6000	0.15	29	0.196628	116.750244
6000	0.15	31	0.195946	110.715210
6000	0.15	37	0.163252	102.948914
6000	0.15	28	0.193167	165.589355
6000	0.15	33	0.187757	110.473145
6000	0.15	33	0.191694	111.224365
6000	0.15	29	0.166698	137.740845
6000	0.15	31	0.125186	114.522705
6000	0.15	26	0.144366	129.969910
6000	0.15	33	0.113076	92.527954
6000	0.15	26	0.194613	151.080261
6000	0.15	34	0.190575	117.864624
6000	0.15	31	0.198095	117.635132
6000	0.15	32	0.145381	118.478149
6000	0.15	34	0.202360	132.186646
6000	0.15	32	0.186468	111.003662
6000	0.15	30	0.122537	109.618103
6000	0.15	32	0.199542	123.505859
6000	0.15	36	0.116258	99.291443
6000	0.15	36	0.125119	117.830139

