1000	0.1	45	0.001136
1000	0.1	46	0.004115
1000	0.1	44	0.001123
1000	0.1	42	0.001121
1000	0.1	47	0.001127
1000	0.1	48	0.001148
1000	0.1	49	0.001146
1000	0.1	47	0.001153
1000	0.1	48	0.00114
1000	0.1	47	0.001157
1000	0.1	45	0.001151
1000	0.1	48	0.001136
1000	0.1	46	0.001206
1000	0.1	48	0.00114
1000	0.1	43	0.001136
1000	0.1	49	0.00122
1000	0.1	48	0.00116
1000	0.1	47	0.00115
1000	0.1	44	0.001148
1000	0.1	51	0.001178
1000	0.1	46	0.001136
1000	0.1	46	0.001137
1000	0.1	43	0.001191
1000	0.1	45	0.001133
1000	0.1	46	0.001146
1000	0.1	43	0.001174
1000	0.1	46	0.001127
1000	0.1	48	0.001172
1000	0.1	47	0.001134
1000	0.1	42	0.001132

2000	0.1	60	0.002281
2000	0.1	52	0.005824
2000	0.1	57	0.002242
2000	0.1	56	0.002187
2000	0.1	55	0.002187
2000	0.1	53	0.002181
2000	0.1	58	0.00221
2000	0.1	54	0.002179
2000	0.1	55	0.002175
2000	0.1	59	0.002196
2000	0.1	53	0.002224
2000	0.1	56	0.002153
2000	0.1	59	0.002147
2000	0.1	53	0.002185
2000	0.1	56	0.00221
2000	0.1	58	0.002183
2000	0.1	56	0.002229
2000	0.1	56	0.002259
2000	0.1	57	0.00215
2000	0.1	60	0.007962
2000	0.1	54	0.002201
2000	0.1	56	0.002169
2000	0.1	56	0.002215
2000	0.1	53	0.002201
2000	0.1	55	0.002226
2000	0.1	57	0.002177
2000	0.1	52	0.00216
2000	0.1	55	0.002197
2000	0.1	49	0.002155
2000	0.1	55	0.002212

3000	0.1	59	0.003264
3000	0.1	60	0.003243
3000	0.1	59	0.003297
3000	0.1	55	0.00335
3000	0.1	62	0.003253
3000	0.1	57	0.00325
3000	0.1	64	0.003445
3000	0.1	60	0.010964
3000	0.1	59	0.003271
3000	0.1	60	0.003405
3000	0.1	56	0.003322
3000	0.1	61	0.003289
3000	0.1	62	0.003349
3000	0.1	60	0.003316
3000	0.1	61	0.003496
3000	0.1	58	0.003445
3000	0.1	55	0.003305
3000	0.1	57	0.003305
3000	0.1	59	0.003268
3000	0.1	63	0.009707
3000	0.1	61	0.003245
3000	0.1	59	0.003267
3000	0.1	64	0.00331
3000	0.1	60	0.003298
3000	0.1	58	0.003293
3000	0.1	60	0.003474
3000	0.1	58	0.003298
3000	0.1	61	0.003282
3000	0.1	59	0.003337
3000	0.1	56	0.0033

4000	0.1	66	0.004743
4000	0.1	67	0.004791
4000	0.1	64	0.004762
4000	0.1	58	0.004839
4000	0.1	63	0.006269
4000	0.1	62	0.004516
4000	0.1	65	0.004454
4000	0.1	61	0.004547
4000	0.1	65	0.004504
4000	0.1	61	0.009988
4000	0.1	60	0.004691
4000	0.1	59	0.004778
4000	0.1	65	0.004652
4000	0.1	64	0.00454
4000	0.1	61	0.004496
4000	0.1	65	0.004533
4000	0.1	68	0.00449
4000	0.1	61	0.004477
4000	0.1	62	0.004482
4000	0.1	64	0.005667
4000	0.1	63	0.004725
4000	0.1	65	0.004549
4000	0.1	66	0.004515
4000	0.1	64	0.0045
4000	0.1	62	0.0046
4000	0.1	61	0.004488
4000	0.1	60	0.004472
4000	0.1	62	0.004446
4000	0.1	64	0.004605
4000	0.1	56	0.004432

5000	0.1	65	0.006064
5000	0.1	70	0.005724
5000	0.1	66	0.009041
5000	0.1	71	0.011057
5000	0.1	67	0.006027
5000	0.1	66	0.005805
5000	0.1	67	0.00581
5000	0.1	67	0.005834
5000	0.1	64	0.005898
5000	0.1	65	0.00583
5000	0.1	62	0.005782
5000	0.1	64	0.005749
5000	0.1	66	0.005783
5000	0.1	65	0.005756
5000	0.1	62	0.006551
5000	0.1	63	0.00579
5000	0.1	64	0.011627
5000	0.1	65	0.005903
5000	0.1	66	0.00571
5000	0.1	68	0.006623
5000	0.1	67	0.005852
5000	0.1	67	0.005829
5000	0.1	69	0.00588
5000	0.1	69	0.005895
5000	0.1	62	0.005799
5000	0.1	66	0.005868
5000	0.1	64	0.005835
5000	0.1	68	0.005798
5000	0.1	63	0.006054
5000	0.1	62	0.005814

6000	0.1	69	0.00704
6000	0.1	70	0.007057
6000	0.1	67	0.007156
6000	0.1	66	0.007027
6000	0.1	66	0.007048
6000	0.1	66	0.007057
6000	0.1	70	0.007145
6000	0.1	69	0.007043
6000	0.1	69	0.007065
6000	0.1	69	0.007087
6000	0.1	69	0.007068
6000	0.1	63	0.007094
6000	0.1	66	0.007082
6000	0.1	68	0.007129
6000	0.1	66	0.007139
6000	0.1	67	0.007119
6000	0.1	65	0.00714
6000	0.1	69	0.007039
6000	0.1	68	0.007046
6000	0.1	73	0.007091
6000	0.1	66	0.007552
6000	0.1	68	0.007118
6000	0.1	73	0.007082
6000	0.1	73	0.007121
6000	0.1	64	0.007031
6000	0.1	65	0.007084
6000	0.1	67	0.007198
6000	0.1	68	0.007308
6000	0.1	71	0.007553
6000	0.1	69	0.007327

7000	0.1	65	0.017079
7000	0.1	69	0.008659
7000	0.1	67	0.00869
7000	0.1	72	0.016821
7000	0.1	69	0.008661
7000	0.1	69	0.008494
7000	0.1	72	0.008585
7000	0.1	69	0.008503
7000	0.1	70	0.008506
7000	0.1	66	0.008639
7000	0.1	68	0.008488
7000	0.1	68	0.008654
7000	0.1	73	0.021374
7000	0.1	66	0.008991
7000	0.1	69	0.00855
7000	0.1	66	0.008746
7000	0.1	68	0.008792
7000	0.1	70	0.01615
7000	0.1	69	0.008946
7000	0.1	68	0.008771
7000	0.1	68	0.008768
7000	0.1	69	0.008951
7000	0.1	74	0.008522
7000	0.1	69	0.008494
7000	0.1	64	0.008512
7000	0.1	69	0.008522
7000	0.1	71	0.008522
7000	0.1	71	0.008527
7000	0.1	72	0.008844
7000	0.1	70	0.008594

8000	0.1	67	0.010944
8000	0.1	69	0.010075
8000	0.1	71	0.010084
8000	0.1	74	0.010085
8000	0.1	66	0.010081
8000	0.1	73	0.010385
8000	0.1	74	0.010113
8000	0.1	72	0.010146
8000	0.1	70	0.024897
8000	0.1	69	0.015244
8000	0.1	71	0.010272
8000	0.1	67	0.01035
8000	0.1	71	0.010219
8000	0.1	70	0.010364
8000	0.1	71	0.010258
8000	0.1	70	0.010301
8000	0.1	70	0.010225
8000	0.1	68	0.010482
8000	0.1	73	0.019528
8000	0.1	73	0.010265
8000	0.1	68	0.010161
8000	0.1	70	0.010113
8000	0.1	72	0.010295
8000	0.1	70	0.010082
8000	0.1	70	0.017765
8000	0.1	69	0.010262
8000	0.1	69	0.01822
8000	0.1	70	0.010465
8000	0.1	71	0.010133
8000	0.1	67	0.010544

9000	0.1	68	0.01173
9000	0.1	73	0.03175
9000	0.1	71	0.011859
9000	0.1	70	0.011701
9000	0.1	68	0.011846
9000	0.1	71	0.012418
9000	0.1	72	0.025594
9000	0.1	74	0.01195
9000	0.1	72	0.011781
9000	0.1	70	0.011965
9000	0.1	72	0.032053
9000	0.1	71	0.011845
9000	0.1	71	0.012248
9000	0.1	68	0.011713
9000	0.1	70	0.022465
9000	0.1	72	0.01227
9000	0.1	66	0.011913
9000	0.1	71	0.011787
9000	0.1	70	0.012031
9000	0.1	72	0.011702
9000	0.1	71	0.011685
9000	0.1	74	0.011772
9000	0.1	71	0.011944
9000	0.1	71	0.011768
9000	0.1	68	0.012
9000	0.1	69	0.012858
9000	0.1	68	0.012001
9000	0.1	71	0.012172
9000	0.1	66	0.011801
9000	0.1	70	0.011716

10000	0.1	75	0.033437
10000	0.1	74	0.014387
10000	0.1	70	0.013687
10000	0.1	73	0.013513
10000	0.1	72	0.0138
10000	0.1	75	0.013358
10000	0.1	68	0.013433
10000	0.1	71	0.013339
10000	0.1	73	0.013364
10000	0.1	70	0.013432
10000	0.1	69	0.013425
10000	0.1	71	0.013372
10000	0.1	70	0.030868
10000	0.1	69	0.01359
10000	0.1	68	0.013685
10000	0.1	70	0.014088
10000	0.1	70	0.013832
10000	0.1	73	0.013548
10000	0.1	73	0.014189
10000	0.1	73	0.013827
10000	0.1	75	0.013837
10000	0.1	72	0.01356
10000	0.1	67	0.013448
10000	0.1	72	0.013523
10000	0.1	68	0.013591
10000	0.1	70	0.013758
10000	0.1	70	0.013554
10000	0.1	73	0.01363
10000	0.1	72	0.01351
10000	0.1	73	0.013561

11000	0.1	74	0.028709
11000	0.1	74	0.015395
11000	0.1	72	0.015126
11000	0.1	72	0.01739
11000	0.1	76	0.016667
11000	0.1	76	0.015574
11000	0.1	71	0.015627
11000	0.1	71	0.015294
11000	0.1	73	0.026319
11000	0.1	74	0.015404
11000	0.1	74	0.015302
11000	0.1	71	0.015326
11000	0.1	75	0.015302
11000	0.1	69	0.015179
11000	0.1	70	0.015203
11000	0.1	75	0.015256
11000	0.1	73	0.01671
11000	0.1	71	0.015209
11000	0.1	74	0.015133
11000	0.1	78	0.015234
11000	0.1	75	0.015243
11000	0.1	74	0.015574
11000	0.1	74	0.016195
11000	0.1	69	0.015073
11000	0.1	71	0.015283
11000	0.1	74	0.015175
11000	0.1	72	0.017648
11000	0.1	72	0.015162
11000	0.1	74	0.029049
11000	0.1	70	0.015214

12000	0.1	73	0.017253
12000	0.1	76	0.017333
12000	0.1	71	0.017351
12000	0.1	74	0.017268
12000	0.1	72	0.017035
12000	0.1	75	0.016998
12000	0.1	74	0.034163
12000	0.1	73	0.017004
12000	0.1	75	0.017836
12000	0.1	75	0.017654
12000	0.1	78	0.017108
12000	0.1	74	0.017044
12000	0.1	77	0.018025
12000	0.1	72	0.017009
12000	0.1	74	0.017175
12000	0.1	76	0.01704
12000	0.1	73	0.017058
12000	0.1	72	0.017353
12000	0.1	74	0.016948
12000	0.1	75	0.017114
12000	0.1	75	0.017409
12000	0.1	76	0.017042
12000	0.1	75	0.017083
12000	0.1	73	0.017018
12000	0.1	70	0.017045
12000	0.1	73	0.017388
12000	0.1	71	0.019468
12000	0.1	74	0.017526
12000	0.1	77	0.028782
12000	0.1	71	0.016999

13000	0.1	76	0.018994
13000	0.1	76	0.018995
13000	0.1	73	0.019699
13000	0.1	74	0.01935
13000	0.1	76	0.018992
13000	0.1	75	0.019183
13000	0.1	76	0.018924
13000	0.1	75	0.019005
13000	0.1	76	0.019017
13000	0.1	75	0.019065
13000	0.1	76	0.019339
13000	0.1	72	0.026458
13000	0.1	76	0.019024
13000	0.1	76	0.019738
13000	0.1	73	0.019193
13000	0.1	73	0.056281
13000	0.1	73	0.020259
13000	0.1	75	0.019021
13000	0.1	71	0.018938
13000	0.1	74	0.018956
13000	0.1	73	0.021985
13000	0.1	76	0.01907
13000	0.1	73	0.019313
13000	0.1	73	0.019059
13000	0.1	74	0.019018
13000	0.1	72	0.019217
13000	0.1	71	0.019243
13000	0.1	70	0.019755
13000	0.1	76	0.019876
13000	0.1	71	0.019748

14000	0.1	78	0.049188
14000	0.1	76	0.021377
14000	0.1	76	0.046428
14000	0.1	74	0.021238
14000	0.1	76	0.054354
14000	0.1	73	0.020948
14000	0.1	78	0.021028
14000	0.1	74	0.021455
14000	0.1	75	0.020877
14000	0.1	76	0.021162
14000	0.1	72	0.02355
14000	0.1	73	0.022949
14000	0.1	78	0.02293
14000	0.1	76	0.022662
14000	0.1	80	0.037895
14000	0.1	74	0.021592
14000	0.1	69	0.021204
14000	0.1	75	0.021373
14000	0.1	74	0.021492
14000	0.1	77	0.021383
14000	0.1	74	0.021513
14000	0.1	73	0.021435
14000	0.1	71	0.021307
14000	0.1	72	0.021305
14000	0.1	69	0.021257
14000	0.1	75	0.021199
14000	0.1	73	0.021354
14000	0.1	73	0.021596
14000	0.1	73	0.040294
14000	0.1	74	0.021346

15000	0.1	79	0.066257
15000	0.1	77	0.0581
15000	0.1	75	0.02309
15000	0.1	73	0.023984
15000	0.1	71	0.024174
15000	0.1	75	0.02318
15000	0.1	76	0.023226
15000	0.1	74	0.022999
15000	0.1	75	0.023009
15000	0.1	78	0.023235
15000	0.1	77	0.027826
15000	0.1	74	0.040774
15000	0.1	76	0.023345
15000	0.1	72	0.023179
15000	0.1	76	0.023257
15000	0.1	74	0.023639
15000	0.1	73	0.023304
15000	0.1	73	0.023324
15000	0.1	74	0.022998
15000	0.1	76	0.038746
15000	0.1	72	0.023345
15000	0.1	77	0.023142
15000	0.1	79	0.023168
15000	0.1	77	0.023341
15000	0.1	74	0.023013
15000	0.1	78	0.023078
15000	0.1	73	0.023783
15000	0.1	77	0.023259
15000	0.1	76	0.023276
15000	0.1	77	0.023327

16000	0.1	78	0.025599
16000	0.1	76	0.025754
16000	0.1	75	0.025521
16000	0.1	76	0.025303
16000	0.1	79	0.025353
16000	0.1	76	0.025301
16000	0.1	73	0.025206
16000	0.1	78	0.02552
16000	0.1	76	0.025195
16000	0.1	74	0.025399
16000	0.1	76	0.025684
16000	0.1	74	0.027095
16000	0.1	78	0.025417
16000	0.1	74	0.02543
16000	0.1	76	0.025467
16000	0.1	75	0.02542
16000	0.1	77	0.025385
16000	0.1	76	0.025499
16000	0.1	76	0.025447
16000	0.1	76	0.025391
16000	0.1	76	0.025292
16000	0.1	76	0.025363
16000	0.1	74	0.025339
16000	0.1	74	0.0255
16000	0.1	72	0.025302
16000	0.1	78	0.025179
16000	0.1	77	0.02587
16000	0.1	76	0.027296
16000	0.1	76	0.026432
16000	0.1	76	0.025485

17000	0.1	78	0.029059
17000	0.1	78	0.027416
17000	0.1	78	0.027954
17000	0.1	77	0.027862
17000	0.1	78	0.028144
17000	0.1	78	0.027781
17000	0.1	76	0.052774
17000	0.1	74	0.027915
17000	0.1	73	0.027973
17000	0.1	75	0.028147
17000	0.1	77	0.027979
17000	0.1	72	0.027555
17000	0.1	76	0.027816
17000	0.1	72	0.028135
17000	0.1	75	0.027515
17000	0.1	78	0.027496
17000	0.1	75	0.02745
17000	0.1	76	0.027838
17000	0.1	76	0.02863
17000	0.1	76	0.03639
17000	0.1	76	0.028073
17000	0.1	75	0.028214
17000	0.1	81	0.028065
17000	0.1	74	0.028051
17000	0.1	77	0.028693
17000	0.1	78	0.027668
17000	0.1	76	0.027963
17000	0.1	74	0.027813
17000	0.1	74	0.02745
17000	0.1	78	0.028572

18000	0.1	80	0.031252
18000	0.1	77	0.029965
18000	0.1	79	0.029779
18000	0.1	78	0.029718
18000	0.1	79	0.031055
18000	0.1	77	0.029891
18000	0.1	75	0.029586
18000	0.1	80	0.029626
18000	0.1	78	0.029897
18000	0.1	78	0.032013
18000	0.1	78	0.030036
18000	0.1	74	0.030546
18000	0.1	77	0.037137
18000	0.1	77	0.030006
18000	0.1	76	0.030088
18000	0.1	79	0.030304
18000	0.1	73	0.030005
18000	0.1	78	0.029828
18000	0.1	78	0.029709
18000	0.1	76	0.029805
18000	0.1	78	0.042244
18000	0.1	76	0.029973
18000	0.1	79	0.029829
18000	0.1	74	0.029793
18000	0.1	78	0.029642
18000	0.1	80	0.030051
18000	0.1	77	0.030452
18000	0.1	75	0.031344
18000	0.1	74	0.030017
18000	0.1	76	0.029936

19000	0.1	78	0.067176
19000	0.1	79	0.032684
19000	0.1	77	0.032264
19000	0.1	75	0.032375
19000	0.1	76	0.032438
19000	0.1	77	0.038174
19000	0.1	79	0.032292
19000	0.1	78	0.032159
19000	0.1	76	0.032153
19000	0.1	77	0.032322
19000	0.1	78	0.034604
19000	0.1	76	0.033337
19000	0.1	77	0.032256
19000	0.1	77	0.032324
19000	0.1	78	0.032156
19000	0.1	77	0.032589
19000	0.1	75	0.032565
19000	0.1	80	0.046911
19000	0.1	74	0.032123
19000	0.1	78	0.03224
19000	0.1	78	0.032217
19000	0.1	76	0.032655
19000	0.1	77	0.032283
19000	0.1	77	0.032229
19000	0.1	77	0.032041
19000	0.1	77	0.032526
19000	0.1	76	0.032704
19000	0.1	72	0.039169
19000	0.1	77	0.032721
19000	0.1	77	0.033008

20000	0.1	82	0.037111
20000	0.1	79	0.035161
20000	0.1	75	0.03479
20000	0.1	78	0.035276
20000	0.1	78	0.040432
20000	0.1	79	0.037466
20000	0.1	76	0.035688
20000	0.1	77	0.05723
20000	0.1	79	0.034634
20000	0.1	78	0.034985
20000	0.1	81	0.035544
20000	0.1	76	0.038043
20000	0.1	78	0.035725
20000	0.1	77	0.034903
20000	0.1	79	0.039468
20000	0.1	80	0.038036
20000	0.1	78	0.065919
20000	0.1	74	0.034805
20000	0.1	75	0.040242
20000	0.1	80	0.037835
20000	0.1	77	0.065929
20000	0.1	79	0.035781
20000	0.1	75	0.043243
20000	0.1	75	0.036522
20000	0.1	79	0.034741
20000	0.1	80	0.041919
20000	0.1	77	0.038905
20000	0.1	75	0.036153
20000	0.1	76	0.072501
20000	0.1	76	0.035117

21000	0.1	81	0.038183
21000	0.1	80	0.038117
21000	0.1	81	0.038767
21000	0.1	74	0.038792
21000	0.1	77	0.038986
21000	0.1	77	0.044901
21000	0.1	78	0.040914
21000	0.1	79	0.041894
21000	0.1	77	0.04193
21000	0.1	80	0.04096
21000	0.1	80	0.043316
21000	0.1	74	0.043091
21000	0.1	76	0.039038
21000	0.1	75	0.040031
21000	0.1	82	0.039142
21000	0.1	78	0.040107
21000	0.1	75	0.03907
21000	0.1	79	0.039891
21000	0.1	79	0.048279
21000	0.1	84	0.039206
21000	0.1	79	0.039328
21000	0.1	77	0.039473
21000	0.1	73	0.038457
21000	0.1	76	0.03861
21000	0.1	76	0.037789
21000	0.1	79	0.038695
21000	0.1	78	0.084406
21000	0.1	77	0.039272
21000	0.1	79	0.037734
21000	0.1	80	0.037526

22000	0.1	79	0.040159
22000	0.1	75	0.040945
22000	0.1	79	0.040187
22000	0.1	78	0.041524
22000	0.1	79	0.040123
22000	0.1	77	0.040316
22000	0.1	77	0.041188
22000	0.1	79	0.04116
22000	0.1	78	0.043337
22000	0.1	81	0.058067
22000	0.1	80	0.04038
22000	0.1	78	0.040827
22000	0.1	77	0.046523
22000	0.1	80	0.041799
22000	0.1	81	0.04108
22000	0.1	74	0.040959
22000	0.1	76	0.040804
22000	0.1	78	0.045685
22000	0.1	78	0.043497
22000	0.1	82	0.042066
22000	0.1	80	0.04008
22000	0.1	78	0.067565
22000	0.1	77	0.044216
22000	0.1	78	0.045312
22000	0.1	77	0.040394
22000	0.1	79	0.099126
22000	0.1	77	0.041482
22000	0.1	77	0.041053
22000	0.1	76	0.041123
22000	0.1	78	0.040753

23000	0.1	76	0.04503
23000	0.1	81	0.045374
23000	0.1	77	0.043945
23000	0.1	77	0.043239
23000	0.1	82	0.043371
23000	0.1	78	0.087092
23000	0.1	76	0.04302
23000	0.1	77	0.042786
23000	0.1	79	0.042795
23000	0.1	78	0.044682
23000	0.1	79	0.044308
23000	0.1	80	0.043935
23000	0.1	81	0.043852
23000	0.1	76	0.060778
23000	0.1	82	0.043927
23000	0.1	78	0.043378
23000	0.1	78	0.043579
23000	0.1	77	0.043385
23000	0.1	76	0.043381
23000	0.1	80	0.043829
23000	0.1	80	0.043837
23000	0.1	79	0.043353
23000	0.1	76	0.043478
23000	0.1	79	0.046583
23000	0.1	77	0.046232
23000	0.1	77	0.044658
23000	0.1	79	0.043982
23000	0.1	77	0.043939
23000	0.1	77	0.044148
23000	0.1	77	0.043393

24000	0.1	76	0.045764
24000	0.1	78	0.045858
24000	0.1	75	0.068086
24000	0.1	78	0.046012
24000	0.1	81	0.063545
24000	0.1	76	0.045619
24000	0.1	79	0.046052
24000	0.1	79	0.04588
24000	0.1	74	0.045402
24000	0.1	79	0.046558
24000	0.1	80	0.046822
24000	0.1	80	0.047162
24000	0.1	82	0.046117
24000	0.1	77	0.045758
24000	0.1	81	0.045731
24000	0.1	79	0.046399
24000	0.1	79	0.045801
24000	0.1	77	0.054203
24000	0.1	75	0.045694
24000	0.1	79	0.047349
24000	0.1	82	0.045799
24000	0.1	80	0.045984
24000	0.1	77	0.04573
24000	0.1	78	0.045607
24000	0.1	76	0.048388
24000	0.1	78	0.046038
24000	0.1	78	0.045976
24000	0.1	76	0.046389
24000	0.1	79	0.046998
24000	0.1	77	0.046363

25000	0.1	78	0.063127
25000	0.1	77	0.048696
25000	0.1	73	0.048718
25000	0.1	78	0.048598
25000	0.1	79	0.05044
25000	0.1	80	0.048776
25000	0.1	80	0.049269
25000	0.1	79	0.049385
25000	0.1	77	0.048524
25000	0.1	80	0.04902
25000	0.1	75	0.052301
25000	0.1	81	0.050742
25000	0.1	82	0.048865
25000	0.1	76	0.06602
25000	0.1	83	0.115953
25000	0.1	78	0.050576
25000	0.1	82	0.049598
25000	0.1	80	0.05016
25000	0.1	76	0.048475
25000	0.1	82	0.048889
25000	0.1	76	0.115024
25000	0.1	73	0.048825
25000	0.1	81	0.049775
25000	0.1	78	0.049646
25000	0.1	78	0.048558
25000	0.1	77	0.048369
25000	0.1	76	0.048883
25000	0.1	75	0.064764
25000	0.1	77	0.051165
25000	0.1	78	0.048745

26000	0.1	81	0.051581
26000	0.1	76	0.051628
26000	0.1	75	0.051604
26000	0.1	79	0.117304
26000	0.1	82	0.052561
26000	0.1	79	0.052278
26000	0.1	80	0.052012
26000	0.1	79	0.052637
26000	0.1	79	0.052274
26000	0.1	79	0.060849
26000	0.1	81	0.052353
26000	0.1	79	0.051785
26000	0.1	81	0.052655
26000	0.1	76	0.062563
26000	0.1	82	0.059187
26000	0.1	78	0.05297
26000	0.1	83	0.052666
26000	0.1	79	0.052856
26000	0.1	79	0.118485
26000	0.1	83	0.102708
26000	0.1	76	0.058229
26000	0.1	78	0.052765
26000	0.1	81	0.051779
26000	0.1	80	0.064694
26000	0.1	80	0.051621
26000	0.1	81	0.051659
26000	0.1	79	0.051711
26000	0.1	79	0.052746
26000	0.1	76	0.051723
26000	0.1	79	0.053182

27000	0.1	80	0.055006
27000	0.1	78	0.055772
27000	0.1	76	0.054985
27000	0.1	80	0.05475
27000	0.1	81	0.054713
27000	0.1	76	0.054862
27000	0.1	79	0.054679
27000	0.1	79	0.055215
27000	0.1	79	0.05463
27000	0.1	76	0.055571
27000	0.1	81	0.054976
27000	0.1	80	0.054703
27000	0.1	78	0.05479
27000	0.1	78	0.054774
27000	0.1	78	0.054746
27000	0.1	84	0.055312
27000	0.1	80	0.054819
27000	0.1	78	0.054956
27000	0.1	78	0.055854
27000	0.1	81	0.055013
27000	0.1	79	0.054642
27000	0.1	77	0.055975
27000	0.1	78	0.055538
27000	0.1	81	0.054929
27000	0.1	81	0.055541
27000	0.1	78	0.054978
27000	0.1	80	0.056115
27000	0.1	79	0.05498
27000	0.1	77	0.0549
27000	0.1	79	0.054832

28000	0.1	78	0.058308
28000	0.1	82	0.058159
28000	0.1	76	0.058379
28000	0.1	80	0.057898
28000	0.1	81	0.05923
28000	0.1	79	0.058228
28000	0.1	78	0.058258
28000	0.1	80	0.05835
28000	0.1	78	0.059938
28000	0.1	76	0.058418
28000	0.1	81	0.058111
28000	0.1	75	0.057945
28000	0.1	78	0.058069
28000	0.1	79	0.058217
28000	0.1	79	0.058113
28000	0.1	80	0.058455
28000	0.1	80	0.058884
28000	0.1	79	0.117539
28000	0.1	75	0.05787
28000	0.1	76	0.058816
28000	0.1	81	0.05782
28000	0.1	79	0.058519
28000	0.1	79	0.058075
28000	0.1	79	0.058508
28000	0.1	78	0.058046
28000	0.1	79	0.05814
28000	0.1	83	0.058422
28000	0.1	80	0.058446
28000	0.1	78	0.091061
28000	0.1	81	0.058177

29000	0.1	77	0.061244
29000	0.1	83	0.061537
29000	0.1	80	0.061328
29000	0.1	79	0.061305
29000	0.1	77	0.062802
29000	0.1	82	0.061284
29000	0.1	78	0.061083
29000	0.1	80	0.061389
29000	0.1	79	0.090519
29000	0.1	78	0.0616
29000	0.1	79	0.061528
29000	0.1	78	0.061183
29000	0.1	76	0.063407
29000	0.1	79	0.061474
29000	0.1	80	0.061467
29000	0.1	80	0.062255
29000	0.1	82	0.063221
29000	0.1	79	0.08407
29000	0.1	77	0.062025
29000	0.1	82	0.061867
29000	0.1	81	0.062384
29000	0.1	79	0.061786
29000	0.1	78	0.129263
29000	0.1	80	0.062888
29000	0.1	80	0.062986
29000	0.1	79	0.062566
29000	0.1	80	0.062462
29000	0.1	79	0.062768
29000	0.1	79	0.06189
29000	0.1	82	0.10271

30000	0.1	80	0.064707
30000	0.1	84	0.064732
30000	0.1	77	0.065088
30000	0.1	79	0.064781
30000	0.1	81	0.066009
30000	0.1	81	0.064651
30000	0.1	78	0.064675
30000	0.1	84	0.064772
30000	0.1	78	0.064474
30000	0.1	78	0.064939
30000	0.1	80	0.06495
30000	0.1	82	0.064679
30000	0.1	80	0.064895
30000	0.1	76	0.064767
30000	0.1	77	0.064623
30000	0.1	81	0.065688
30000	0.1	83	0.064672
30000	0.1	81	0.064628
30000	0.1	78	0.064683
30000	0.1	78	0.065292
30000	0.1	81	0.064631
30000	0.1	80	0.06497
30000	0.1	79	0.064919
30000	0.1	81	0.064795
30000	0.1	79	0.064629
30000	0.1	80	0.065228
30000	0.1	83	0.064889
30000	0.1	81	0.065269
30000	0.1	75	0.064521
30000	0.1	78	0.064702

