200	0.1	32	0.003823	0.066223
200	0.1	37	0.003277	0.073547
200	0.1	43	0.002739	0.053162
200	0.1	34	0.002561	0.076294
200	0.1	31	0.002407	0.088196
200	0.1	27	0.002222	0.103821
200	0.1	37	0.002013	0.062073
200	0.1	34	0.001916	0.069824
200	0.1	36	0.002032	0.069641
200	0.1	29	0.001781	0.073669
200	0.1	30	0.001829	0.080200
200	0.1	32	0.001780	0.063293
200	0.1	33	0.001738	0.074280
200	0.1	27	0.001638	0.097717
200	0.1	25	0.001085	0.109009
200	0.1	28	0.001053	0.087280
200	0.1	37	0.001007	0.066589
200	0.1	36	0.001056	0.066956
200	0.1	32	0.001060	0.069702
200	0.1	32	0.000988	0.070862
200	0.1	28	0.001064	0.081177
200	0.1	32	0.001048	0.086243
200	0.1	29	0.001075	0.088928
200	0.1	26	0.001086	0.098450
200	0.1	29	0.001009	0.095581
200	0.1	32	0.002791	0.075195
200	0.1	29	0.001040	0.087158
200	0.1	34	0.001052	0.077026
200	0.1	32	0.001065	0.074097
200	0.1	33	0.000998	0.087463

400	0.1	35	0.002382	0.412598
400	0.1	40	0.002252	0.297791
400	0.1	42	0.002095	0.310425
400	0.1	39	0.002245	0.336853
400	0.1	44	0.002049	0.236572
400	0.1	44	0.002089	0.264587
400	0.1	30	0.002316	0.442139
400	0.1	40	0.002148	0.304138
400	0.1	33	0.002098	0.293030
400	0.1	39	0.002125	0.275452
400	0.1	36	0.002078	0.303223
400	0.1	47	0.002216	0.262146
400	0.1	36	0.004120	0.357605
400	0.1	38	0.003614	0.286499
400	0.1	37	0.002161	0.357849
400	0.1	39	0.002068	0.285583
400	0.1	47	0.002043	0.254944
400	0.1	38	0.002271	0.307922
400	0.1	32	0.002253	0.361938
400	0.1	44	0.002176	0.234192
400	0.1	41	0.002089	0.264404
400	0.1	42	0.002238	0.292480
400	0.1	42	0.002243	0.309692
400	0.1	38	0.002271	0.365234
400	0.1	43	0.002092	0.283997
400	0.1	40	0.002139	0.304199
400	0.1	41	0.002064	0.258423
400	0.1	47	0.002186	0.244995
400	0.1	34	0.002233	0.318787
400	0.1	39	0.002095	0.274597

600	0.1	40	0.003720	0.781921
600	0.1	47	0.003288	0.549988
600	0.1	50	0.006007	0.540955
600	0.1	40	0.005803	0.849670
600	0.1	43	0.003360	0.691467
600	0.1	51	0.003246	0.567505
600	0.1	38	0.003486	0.635498
600	0.1	42	0.003430	0.739685
600	0.1	45	0.003243	0.634644
600	0.1	42	0.003440	0.799561
600	0.1	39	0.003463	0.754822
600	0.1	33	0.003644	1.144592
600	0.1	46	0.003335	0.615234
600	0.1	42	0.003617	0.746765
600	0.1	36	0.003686	0.795166
600	0.1	46	0.003578	0.661011
600	0.1	45	0.003641	0.731018
600	0.1	40	0.003411	0.832458
600	0.1	46	0.003575	0.634644
600	0.1	45	0.003279	0.588989
600	0.1	45	0.003476	0.640198
600	0.1	49	0.003317	0.570007
600	0.1	42	0.003540	0.791016
600	0.1	43	0.003435	0.543701
600	0.1	44	0.003556	0.669250
600	0.1	46	0.003604	0.674683
600	0.1	49	0.003324	0.602844
600	0.1	44	0.003338	0.600098
600	0.1	43	0.003526	0.893494
600	0.1	43	0.003536	0.652832

800	0.1	43	0.005069	1.241760
800	0.1	43	0.005165	1.217468
800	0.1	38	0.005120	1.559937
800	0.1	54	0.004602	0.936523
800	0.1	49	0.004846	1.113708
800	0.1	47	0.004493	0.957764
800	0.1	50	0.004508	1.027588
800	0.1	44	0.005108	1.502014
800	0.1	46	0.004722	1.162903
800	0.1	49	0.004594	1.090759
800	0.1	32	0.005758	2.061218
800	0.1	45	0.005206	1.408508
800	0.1	44	0.004993	1.224792
800	0.1	48	0.004729	1.153015
800	0.1	45	0.004750	1.212891
800	0.1	48	0.004776	1.206848
800	0.1	41	0.004955	1.472168
800	0.1	51	0.004819	0.938660
800	0.1	39	0.007534	1.289551
800	0.1	51	0.004926	1.113281
800	0.1	45	0.004772	1.283813
800	0.1	40	0.004871	1.470154
800	0.1	50	0.004894	1.132812
800	0.1	52	0.005005	1.267700
800	0.1	46	0.004690	1.277588
800	0.1	49	0.004599	1.093262
800	0.1	46	0.005015	1.285522
800	0.1	49	0.017389	1.208435
800	0.1	50	0.008055	1.107605
800	0.1	51	0.006493	1.025085

1000	0.1	48	0.006598	1.728943
1000	0.1	57	0.005817	1.597107
1000	0.1	52	0.006520	1.825317
1000	0.1	46	0.006760	2.018860
1000	0.1	43	0.006105	2.269348
1000	0.1	45	0.006339	2.125427
1000	0.1	46	0.006538	2.152283
1000	0.1	49	0.006376	1.949951
1000	0.1	54	0.005963	1.521545
1000	0.1	55	0.005844	1.445251
1000	0.1	54	0.006112	1.700500
1000	0.1	55	0.006030	1.530701
1000	0.1	53	0.006385	1.737183
1000	0.1	42	0.006868	2.256104
1000	0.1	56	0.006212	1.494202
1000	0.1	45	0.006325	2.142944
1000	0.1	49	0.006079	1.733459
1000	0.1	51	0.006184	1.565430
1000	0.1	54	0.006353	1.816101
1000	0.1	46	0.006311	2.165100
1000	0.1	54	0.009918	1.443787
1000	0.1	43	0.007159	2.801331
1000	0.1	44	0.006352	1.775879
1000	0.1	52	0.006209	1.639099
1000	0.1	48	0.006325	1.849548
1000	0.1	50	0.012233	1.692322
1000	0.1	52	0.005991	1.615356
1000	0.1	52	0.006118	1.802002
1000	0.1	55	0.006063	1.649170
1000	0.1	42	0.006425	2.733643

1200	0.1	50	0.008547	2.644592
1200	0.1	57	0.007572	2.335632
1200	0.1	41	0.009004	3.742859
1200	0.1	42	0.014546	3.388062
1200	0.1	51	0.008177	2.803467
1200	0.1	51	0.007759	2.459717
1200	0.1	46	0.008754	3.456909
1200	0.1	49	0.007758	2.447571
1200	0.1	52	0.007758	2.620056
1200	0.1	50	0.009015	2.755249
1200	0.1	42	0.008212	3.260437
1200	0.1	58	0.007666	2.513977
1200	0.1	49	0.013233	2.587524
1200	0.1	53	0.008280	2.924194
1200	0.1	50	0.007345	2.399536
1200	0.1	49	0.007914	2.987183
1200	0.1	50	0.008177	2.954163
1200	0.1	55	0.007479	2.267212
1200	0.1	57	0.007468	2.141052
1200	0.1	51	0.008327	2.841064
1200	0.1	48	0.007681	2.512756
1200	0.1	47	0.008500	3.311279
1200	0.1	56	0.007758	2.366028
1200	0.1	50	0.008206	2.961548
1200	0.1	54	0.007468	2.226501
1200	0.1	56	0.007474	2.230469
1200	0.1	49	0.008058	2.506653
1200	0.1	41	0.008031	3.295532
1200	0.1	40	0.008360	3.397766
1200	0.1	51	0.007901	2.424927

1400	0.1	53	0.009863	3.609741
1400	0.1	57	0.009215	3.063477
1400	0.1	38	0.011560	6.333984
1400	0.1	47	0.009754	4.269836
1400	0.1	53	0.010068	3.713135
1400	0.1	54	0.009289	2.840027
1400	0.1	50	0.022029	3.467712
1400	0.1	60	0.009156	3.301819
1400	0.1	48	0.010096	3.791504
1400	0.1	34	0.011975	6.505188
1400	0.1	55	0.015163	3.552246
1400	0.1	45	0.011181	4.863525
1400	0.1	50	0.019136	3.770020
1400	0.1	52	0.009919	3.680115
1400	0.1	58	0.016472	3.145081
1400	0.1	58	0.009468	3.180054
1400	0.1	51	0.009473	3.233398
1400	0.1	67	0.008851	2.605347
1400	0.1	61	0.009136	2.963074
1400	0.1	57	0.016328	3.739502
1400	0.1	46	0.009346	3.792175
1400	0.1	59	0.009057	3.136780
1400	0.1	41	0.010174	4.738281
1400	0.1	50	0.010017	4.049316
1400	0.1	55	0.009568	3.365662
1400	0.1	60	0.008706	2.805725
1400	0.1	52	0.009526	3.644104
1400	0.1	38	0.010119	4.787109
1400	0.1	42	0.010259	4.224670
1400	0.1	52	0.009438	3.357117

1600	0.1	48	0.012693	5.203979
1600	0.1	49	0.011507	4.933838
1600	0.1	56	0.010911	4.315613
1600	0.1	56	0.011212	4.537537
1600	0.1	60	0.010847	3.613037
1600	0.1	52	0.012005	5.170105
1600	0.1	47	0.011987	5.146057
1600	0.1	55	0.010912	4.373901
1600	0.1	52	0.011069	4.737122
1600	0.1	46	0.017950	6.832947
1600	0.1	56	0.011321	4.267944
1600	0.1	57	0.011415	4.427185
1600	0.1	54	0.011855	5.178528
1600	0.1	40	0.013284	7.337769
1600	0.1	60	0.019509	4.373840
1600	0.1	55	0.012428	4.212158
1600	0.1	56	0.011085	4.161438
1600	0.1	53	0.011589	4.426453
1600	0.1	49	0.029198	5.319580
1600	0.1	55	0.030421	4.760925
1600	0.1	39	0.025216	7.208252
1600	0.1	57	0.012401	4.506042
1600	0.1	62	0.011900	4.022095
1600	0.1	57	0.030348	3.918274
1600	0.1	52	0.012220	4.906860
1600	0.1	49	0.012160	5.664185
1600	0.1	52	0.019472	5.235901
1600	0.1	51	0.011679	4.785645
1600	0.1	54	0.012296	5.115051
1600	0.1	46	0.012424	5.704224

1800	0.1	58	0.014300	5.926025
1800	0.1	56	0.013228	5.885254
1800	0.1	45	0.013997	7.011108
1800	0.1	58	0.013033	5.414490
1800	0.1	42	0.016669	11.228638
1800	0.1	58	0.012430	4.912537
1800	0.1	60	0.012549	4.653259
1800	0.1	59	0.013445	6.016174
1800	0.1	54	0.013374	5.678528
1800	0.1	45	0.013392	6.567505
1800	0.1	55	0.013044	5.435730
1800	0.1	54	0.014214	6.552429
1800	0.1	53	0.014823	7.376587
1800	0.1	51	0.014168	6.548950
1800	0.1	56	0.012886	5.527405
1800	0.1	53	0.014242	6.679260
1800	0.1	49	0.015252	8.231567
1800	0.1	66	0.013133	4.375854
1800	0.1	57	0.018051	6.033569
1800	0.1	43	0.015027	8.523499
1800	0.1	57	0.013202	5.699524
1800	0.1	53	0.014373	6.890686
1800	0.1	51	0.013475	5.916382
1800	0.1	46	0.034874	7.960510
1800	0.1	50	0.042764	6.267151
1800	0.1	50	0.026723	7.292480
1800	0.1	56	0.014018	6.456726
1800	0.1	57	0.013383	5.806030
1800	0.1	52	0.014594	6.764526
1800	0.1	49	0.022593	6.934509

2000	0.1	58	0.015855	6.931152
2000	0.1	59	0.014674	6.152039
2000	0.1	52	0.016094	7.891479
2000	0.1	56	0.015276	6.356445
2000	0.1	52	0.017476	8.649048
2000	0.1	55	0.017138	9.389282
2000	0.1	54	0.027668	8.017700
2000	0.1	52	0.016844	8.464172
2000	0.1	51	0.016896	7.764282
2000	0.1	53	0.016218	7.439819
2000	0.1	53	0.016217	8.181335
2000	0.1	63	0.014879	6.375610
2000	0.1	52	0.017012	9.065857
2000	0.1	55	0.014763	6.533264
2000	0.1	54	0.029408	7.529175
2000	0.1	43	0.017313	9.850708
2000	0.1	52	0.015820	8.448303
2000	0.1	53	0.027520	9.190063
2000	0.1	57	0.016437	7.922302
2000	0.1	61	0.014774	6.393860
2000	0.1	62	0.015865	7.379211
2000	0.1	55	0.015158	7.107300
2000	0.1	59	0.014777	7.092468
2000	0.1	53	0.016383	7.760986
2000	0.1	47	0.018064	11.403870
2000	0.1	53	0.045362	8.939819
2000	0.1	49	0.030134	8.485718
2000	0.1	62	0.015169	6.349121
2000	0.1	59	0.015422	7.155884
2000	0.1	37	0.033238	10.944641

2200	0.1	64	0.016739	6.435791
2200	0.1	59	0.017600	9.162354
2200	0.1	44	0.022260	14.221985
2200	0.1	57	0.023455	8.964844
2200	0.1	63	0.016967	7.645630
2200	0.1	44	0.020981	12.453735
2200	0.1	59	0.017067	7.998657
2200	0.1	51	0.018964	11.140076
2200	0.1	64	0.015996	7.032898
2200	0.1	54	0.018091	9.064392
2200	0.1	57	0.017110	8.610474
2200	0.1	58	0.017419	8.455078
2200	0.1	62	0.016820	7.825439
2200	0.1	56	0.017320	8.115479
2200	0.1	53	0.018589	9.431091
2200	0.1	58	0.018027	9.082886
2200	0.1	48	0.018600	10.665222
2200	0.1	49	0.019213	10.375061
2200	0.1	53	0.017661	9.421326
2200	0.1	61	0.016407	7.503235
2200	0.1	45	0.024976	12.379150
2200	0.1	55	0.016994	8.369080
2200	0.1	55	0.017654	9.610535
2200	0.1	59	0.017556	9.033081
2200	0.1	59	0.018043	8.771851
2200	0.1	61	0.034831	6.407471
2200	0.1	56	0.037406	8.505676
2200	0.1	59	0.016632	7.530151
2200	0.1	58	0.017336	8.694641
2200	0.1	49	0.019024	9.565918

2400	0.1	56	0.020493	9.416260
2400	0.1	57	0.020925	11.466248
2400	0.1	61	0.019670	9.582153
2400	0.1	66	0.018446	8.144348
2400	0.1	67	0.018591	8.256592
2400	0.1	58	0.019235	9.483948
2400	0.1	61	0.019368	8.963440
2400	0.1	47	0.022110	13.393860
2400	0.1	49	0.022863	14.287170
2400	0.1	49	0.022298	12.945374
2400	0.1	59	0.020050	10.276428
2400	0.1	48	0.021490	12.646729
2400	0.1	53	0.021270	13.213501
2400	0.1	61	0.021254	10.292969
2400	0.1	53	0.019474	10.131104
2400	0.1	60	0.020622	10.437683
2400	0.1	61	0.020410	9.952209
2400	0.1	56	0.020725	11.485046
2400	0.1	50	0.022794	13.976013
2400	0.1	49	0.021020	12.033936
2400	0.1	55	0.019624	10.464600
2400	0.1	61	0.020264	10.000305
2400	0.1	55	0.020758	11.830139
2400	0.1	36	0.028712	20.526428
2400	0.1	57	0.019787	10.035400
2400	0.1	54	0.021741	12.698975
2400	0.1	47	0.021333	11.728577
2400	0.1	53	0.032670	13.166382
2400	0.1	56	0.050909	10.128418
2400	0.1	52	0.021810	11.523438

2600	0.1	65	0.026736	13.272461
2600	0.1	57	0.022778	11.270874
2600	0.1	67	0.021645	10.192017
2600	0.1	61	0.023698	11.136353
2600	0.1	56	0.025210	12.706055
2600	0.1	43	0.026393	18.942261
2600	0.1	60	0.023398	13.163635
2600	0.1	59	0.022533	12.692505
2600	0.1	52	0.025201	16.142334
2600	0.1	58	0.024258	13.157288
2600	0.1	55	0.022780	12.575134
2600	0.1	52	0.029529	17.030823
2600	0.1	51	0.025146	13.877258
2600	0.1	53	0.023222	13.077698
2600	0.1	58	0.022804	12.500366
2600	0.1	54	0.024008	13.867310
2600	0.1	56	0.023944	13.017883
2600	0.1	56	0.024593	14.013489
2600	0.1	62	0.021156	10.556763
2600	0.1	55	0.021756	11.105103
2600	0.1	58	0.022548	12.201660
2600	0.1	56	0.023311	12.151672
2600	0.1	55	0.024613	15.319885
2600	0.1	54	0.024658	13.953125
2600	0.1	65	0.022516	11.652344
2600	0.1	55	0.036868	18.285889
2600	0.1	56	0.022771	11.685852
2600	0.1	59	0.023526	13.292725
2600	0.1	58	0.034464	11.854370
2600	0.1	59	0.022796	13.100891

2800	0.1	63	0.024247	11.769592
2800	0.1	61	0.024510	12.944580
2800	0.1	46	0.035621	15.072815
2800	0.1	50	0.028233	18.107178
2800	0.1	56	0.031093	15.429565
2800	0.1	52	0.029035	19.348816
2800	0.1	60	0.023940	12.633057
2800	0.1	60	0.024075	12.429810
2800	0.1	61	0.036049	13.348694
2800	0.1	53	0.031534	21.865723
2800	0.1	57	0.023981	12.722656
2800	0.1	59	0.026159	15.924988
2800	0.1	62	0.023609	12.468506
2800	0.1	46	0.031755	22.720764
2800	0.1	61	0.024592	13.287476
2800	0.1	48	0.031613	21.095215
2800	0.1	57	0.026373	16.303955
2800	0.1	52	0.027071	17.539368
2800	0.1	65	0.023550	11.587463
2800	0.1	66	0.023253	11.281189
2800	0.1	53	0.026457	15.449829
2800	0.1	67	0.023615	11.396851
2800	0.1	57	0.025270	14.181946
2800	0.1	68	0.023282	10.874146
2800	0.1	66	0.042922	10.950500
2800	0.1	61	0.026088	14.116577
2800	0.1	59	0.024057	12.953552
2800	0.1	66	0.024047	13.023193
2800	0.1	56	0.026914	15.148132
2800	0.1	52	0.026171	15.880005

3000	0.1	57	0.028103	16.112305
3000	0.1	42	0.032244	23.842773
3000	0.1	61	0.026480	14.337585
3000	0.1	53	0.028512	17.788269
3000	0.1	63	0.026772	14.958801
3000	0.1	63	0.027529	15.127869
3000	0.1	55	0.030380	20.026123
3000	0.1	66	0.027736	16.093689
3000	0.1	59	0.028206	15.681458
3000	0.1	61	0.028075	15.130920
3000	0.1	54	0.030386	18.810913
3000	0.1	64	0.027554	15.882751
3000	0.1	69	0.027421	15.214355
3000	0.1	61	0.026838	15.114807
3000	0.1	52	0.029925	19.160706
3000	0.1	59	0.028717	16.377136
3000	0.1	66	0.028846	16.638123
3000	0.1	57	0.028433	15.839417
3000	0.1	63	0.028273	16.706055
3000	0.1	50	0.030352	19.860657
3000	0.1	48	0.030122	20.590942
3000	0.1	64	0.028929	17.639893
3000	0.1	58	0.029970	16.913025
3000	0.1	53	0.029965	18.599365
3000	0.1	64	0.026018	13.428101
3000	0.1	58	0.028229	16.099182
3000	0.1	63	0.029357	17.708130
3000	0.1	39	0.035511	27.687683
3000	0.1	67	0.026316	13.351990
3000	0.1	63	0.026997	15.829102

3200	0.1	67	0.030604	15.158875
3200	0.1	46	0.035728	24.748657
3200	0.1	57	0.031956	20.754761
3200	0.1	57	0.031789	19.680847
3200	0.1	58	0.030304	18.170532
3200	0.1	53	0.034036	21.431580
3200	0.1	67	0.029629	16.945435
3200	0.1	55	0.033329	19.493225
3200	0.1	61	0.028949	15.959473
3200	0.1	66	0.029694	16.637878
3200	0.1	53	0.032412	21.093262
3200	0.1	67	0.029393	16.979126
3200	0.1	66	0.064564	15.207581
3200	0.1	56	0.031745	20.235901
3200	0.1	72	0.028475	14.495117
3200	0.1	63	0.052360	17.210388
3200	0.1	47	0.038588	25.851746
3200	0.1	52	0.031923	20.015259
3200	0.1	62	0.030069	17.209534
3200	0.1	58	0.032267	19.941956
3200	0.1	60	0.032955	22.076965
3200	0.1	65	0.030701	17.953247
3200	0.1	66	0.031786	19.257690
3200	0.1	52	0.033754	24.206604
3200	0.1	40	0.036868	32.220215
3200	0.1	62	0.029820	17.541016
3200	0.1	52	0.031791	20.322815
3200	0.1	64	0.029679	17.369690
3200	0.1	63	0.030949	18.962585
3200	0.1	60	0.031510	18.845825

3400	0.1	59	0.035111	20.570374
3400	0.1	59	0.034097	19.891479
3400	0.1	55	0.037608	25.090576
3400	0.1	63	0.038172	25.623962
3400	0.1	56	0.035962	22.880920
3400	0.1	53	0.037157	24.897766
3400	0.1	56	0.034977	23.551453
3400	0.1	61	0.032576	19.842285
3400	0.1	66	0.032297	18.087830
3400	0.1	65	0.033234	18.995300
3400	0.1	58	0.035899	23.548523
3400	0.1	71	0.032381	16.501038
3400	0.1	61	0.032041	17.908997
3400	0.1	57	0.033686	20.824158
3400	0.1	50	0.037579	25.313721
3400	0.1	65	0.030061	15.776001
3400	0.1	56	0.035646	23.069824
3400	0.1	60	0.040335	20.291565
3400	0.1	64	0.034643	19.348755
3400	0.1	63	0.034042	19.543701
3400	0.1	61	0.033580	20.412659
3400	0.1	63	0.033015	19.055237
3400	0.1	48	0.038220	27.113647
3400	0.1	51	0.037745	25.908020
3400	0.1	64	0.036586	22.690186
3400	0.1	59	0.035184	21.224670
3400	0.1	56	0.036420	24.244019
3400	0.1	57	0.032791	19.863159
3400	0.1	52	0.037878	26.446228
3400	0.1	63	0.033001	18.736877

3600	0.1	60	0.037766	22.998901
3600	0.1	54	0.040467	28.625305
3600	0.1	66	0.037266	23.553406
3600	0.1	56	0.061911	26.605225
3600	0.1	66	0.034812	20.852539
3600	0.1	58	0.038445	25.040222
3600	0.1	63	0.034567	19.817017
3600	0.1	50	0.057906	33.238098
3600	0.1	53	0.040190	27.487549
3600	0.1	66	0.035636	21.101807
3600	0.1	50	0.041217	28.874756
3600	0.1	61	0.047220	24.408691
3600	0.1	56	0.056694	26.838623
3600	0.1	54	0.041606	27.932190
3600	0.1	70	0.035172	20.250366
3600	0.1	46	0.047306	31.951294
3600	0.1	66	0.035296	20.326904
3600	0.1	63	0.034363	19.868652
3600	0.1	54	0.046747	32.589172
3600	0.1	64	0.035218	21.075195
3600	0.1	45	0.046463	30.600647
3600	0.1	68	0.055819	17.597778
3600	0.1	51	0.063174	26.372192
3600	0.1	62	0.065833	21.536560
3600	0.1	61	0.037167	23.395630
3600	0.1	58	0.040023	27.708801
3600	0.1	60	0.035957	21.399536
3600	0.1	62	0.038979	22.955688
3600	0.1	51	0.044697	31.789490
3600	0.1	62	0.039255	25.209290

3800	0.1	53	0.052390	38.646179
3800	0.1	55	0.043328	29.764465
3800	0.1	64	0.039930	24.586304
3800	0.1	50	0.048418	33.709473
3800	0.1	51	0.045957	34.089172
3800	0.1	56	0.045839	34.477173
3800	0.1	60	0.039954	26.087280
3800	0.1	64	0.042221	24.175781
3800	0.1	63	0.039940	25.272949
3800	0.1	65	0.039746	25.045776
3800	0.1	63	0.040931	27.183350
3800	0.1	65	0.039410	24.831482
3800	0.1	63	0.043199	28.809875
3800	0.1	55	0.045543	30.613464
3800	0.1	69	0.038680	22.909973
3800	0.1	62	0.041052	25.612976
3800	0.1	57	0.044392	30.748962
3800	0.1	54	0.044745	34.556091
3800	0.1	60	0.042275	27.769775
3800	0.1	65	0.039675	23.146118
3800	0.1	53	0.045777	33.592163
3800	0.1	66	0.041270	25.071045
3800	0.1	49	0.048793	34.657166
3800	0.1	59	0.045652	31.284363
3800	0.1	56	0.043508	29.708557
3800	0.1	62	0.039766	25.211792
3800	0.1	62	0.042290	27.151672
3800	0.1	57	0.044333	29.539185
3800	0.1	67	0.038025	22.535583
3800	0.1	60	0.042824	28.693359

4000	0.1	59	0.044395	29.817444
4000	0.1	57	0.048950	33.699524
4000	0.1	66	0.040600	24.510803
4000	0.1	57	0.048229	33.369629
4000	0.1	61	0.050155	36.461487
4000	0.1	68	0.041264	24.579834
4000	0.1	56	0.045780	30.776794
4000	0.1	65	0.042678	26.740173
4000	0.1	63	0.044672	29.804504
4000	0.1	59	0.044127	26.796448
4000	0.1	67	0.039475	22.636414
4000	0.1	69	0.042699	26.895386
4000	0.1	57	0.046719	32.125610
4000	0.1	58	0.044752	29.179626
4000	0.1	55	0.048927	35.530701
4000	0.1	56	0.049789	36.457581
4000	0.1	65	0.040750	24.829590
4000	0.1	61	0.046108	30.329224
4000	0.1	64	0.042883	28.329590
4000	0.1	66	0.045169	29.452087
4000	0.1	64	0.045334	29.233337
4000	0.1	57	0.048460	35.460083
4000	0.1	61	0.048786	35.977112
4000	0.1	74	0.041674	24.548950
4000	0.1	53	0.048771	36.839111
4000	0.1	54	0.049372	37.359314
4000	0.1	52	0.050958	35.056641
4000	0.1	58	0.044030	28.821228
4000	0.1	57	0.051313	37.382141
4000	0.1	58	0.046469	30.944580

4200	0.1	49	0.065276	51.111389
4200	0.1	42	0.062332	53.466370
4200	0.1	66	0.048567	31.606873
4200	0.1	62	0.049423	33.710144
4200	0.1	55	0.052823	36.288757
4200	0.1	53	0.063961	46.841553
4200	0.1	55	0.056444	43.945984
4200	0.1	53	0.052312	38.251587
4200	0.1	66	0.050747	33.684204
4200	0.1	54	0.054425	42.633179
4200	0.1	65	0.049700	32.565308
4200	0.1	60	0.049234	33.443848
4200	0.1	52	0.051554	38.168091
4200	0.1	55	0.051987	37.720642
4200	0.1	43	0.062886	45.602478
4200	0.1	57	0.048449	31.454163
4200	0.1	64	0.046424	28.141785
4200	0.1	59	0.048689	33.593750
4200	0.1	68	0.044686	28.574524
4200	0.1	62	0.049514	31.608948
4200	0.1	63	0.048321	32.061462
4200	0.1	54	0.051124	33.008972
4200	0.1	59	0.047949	33.041809
4200	0.1	52	0.056122	44.894714
4200	0.1	71	0.043480	25.672852
4200	0.1	67	0.044524	27.370972
4200	0.1	50	0.054197	43.033875
4200	0.1	48	0.064692	54.231079
4200	0.1	50	0.067425	63.430603
4200	0.1	52	0.053902	42.360229

4400	0.1	63	0.055301	36.492737
4400	0.1	68	0.047121	29.710022
4400	0.1	66	0.049490	30.879211
4400	0.1	64	0.050962	33.797546
4400	0.1	64	0.055125	40.704529
4400	0.1	55	0.056304	40.698608
4400	0.1	65	0.049461	30.841492
4400	0.1	49	0.064148	44.320129
4400	0.1	55	0.054226	37.863647
4400	0.1	72	0.047913	28.818115
4400	0.1	54	0.060885	49.173584
4400	0.1	54	0.055673	43.101379
4400	0.1	63	0.051621	36.076599
4400	0.1	60	0.055148	37.568298
4400	0.1	61	0.049423	30.164185
4400	0.1	56	0.052416	34.004089
4400	0.1	57	0.054085	38.259888
4400	0.1	61	0.049351	32.108459
4400	0.1	64	0.049209	32.524292
4400	0.1	64	0.054818	36.401978
4400	0.1	64	0.049030	31.816284
4400	0.1	57	0.059084	43.932373
4400	0.1	62	0.054213	38.397705
4400	0.1	58	0.054350	38.389526
4400	0.1	53	0.063147	41.925537
4400	0.1	63	0.052936	32.905151
4400	0.1	68	0.048311	30.038757
4400	0.1	60	0.052711	36.040771
4400	0.1	62	0.051577	34.731506
4400	0.1	61	0.055194	40.280701

4600	0.1	63	0.054155	35.165527
4600	0.1	65	0.055619	37.491882
4600	0.1	62	0.054645	37.155701
4600	0.1	53	0.070615	57.927368
4600	0.1	65	0.054228	33.976929
4600	0.1	58	0.060845	41.928772
4600	0.1	57	0.058467	40.915161
4600	0.1	54	0.062904	46.720276
4600	0.1	66	0.052250	33.403015
4600	0.1	49	0.063759	47.276245
4600	0.1	61	0.060445	39.508484
4600	0.1	63	0.054465	35.703491
4600	0.1	61	0.059416	41.832581
4600	0.1	60	0.059915	42.968811
4600	0.1	50	0.073778	59.682983
4600	0.1	61	0.059727	40.719788
4600	0.1	66	0.052830	34.276184
4600	0.1	55	0.062058	47.269775
4600	0.1	54	0.062660	49.068481
4600	0.1	68	0.052950	34.170715
4600	0.1	62	0.055698	38.072388
4600	0.1	54	0.064942	48.209045
4600	0.1	47	0.067957	54.408752
4600	0.1	71	0.053636	34.849731
4600	0.1	60	0.056602	39.562134
4600	0.1	61	0.055036	39.351318
4600	0.1	59	0.055911	39.489502
4600	0.1	67	0.057239	40.137573
4600	0.1	58	0.064043	49.921692
4600	0.1	68	0.060045	39.542053

4800	0.1	70	0.056742	37.415894
4800	0.1	52	0.074152	55.958069
4800	0.1	68	0.054644	35.117188
4800	0.1	63	0.071703	35.382141
4800	0.1	54	0.072862	55.145874
4800	0.1	51	0.068680	53.843872
4800	0.1	51	0.083103	66.515747
4800	0.1	59	0.062743	44.104187
4800	0.1	56	0.066447	46.590881
4800	0.1	75	0.056995	36.793213
4800	0.1	60	0.058995	40.206177
4800	0.1	52	0.066668	47.955200
4800	0.1	64	0.059402	40.840942
4800	0.1	66	0.061951	42.660828
4800	0.1	60	0.062266	43.064758
4800	0.1	60	0.062946	42.366333
4800	0.1	74	0.054587	34.437561
4800	0.1	51	0.070013	61.394226
4800	0.1	61	0.057903	37.948730
4800	0.1	64	0.056593	37.560303
4800	0.1	61	0.060107	40.971069
4800	0.1	67	0.059931	39.317993
4800	0.1	64	0.069961	38.422729
4800	0.1	62	0.062171	47.067444
4800	0.1	57	0.073293	61.804565
4800	0.1	61	0.066105	50.877869
4800	0.1	59	0.065768	48.017456
4800	0.1	69	0.052754	32.698608
4800	0.1	62	0.061500	43.208374
4800	0.1	56	0.064966	47.621216

5000	0.1	74	0.059378	37.069885
5000	0.1	42	0.079952	73.168091
5000	0.1	51	0.072130	52.929504
5000	0.1	68	0.063864	44.045044
5000	0.1	46	0.084350	68.603882
5000	0.1	70	0.060284	39.469116
5000	0.1	65	0.064177	43.021057
5000	0.1	61	0.067403	50.553101
5000	0.1	65	0.064463	44.140564
5000	0.1	66	0.060981	39.335571
5000	0.1	66	0.062579	40.729431
5000	0.1	42	0.084074	72.217224
5000	0.1	60	0.073081	57.862854
5000	0.1	64	0.065720	46.229858
5000	0.1	60	0.066264	50.268311
5000	0.1	54	0.073695	57.404968
5000	0.1	60	0.068951	49.348511
5000	0.1	67	0.058897	37.275879
5000	0.1	66	0.063808	45.807373
5000	0.1	56	0.070101	53.250427
5000	0.1	68	0.066629	46.002258
5000	0.1	67	0.062838	43.288635
5000	0.1	65	0.064381	45.052124
5000	0.1	68	0.065155	44.035828
5000	0.1	73	0.057076	35.832214
5000	0.1	51	0.082411	59.358215
5000	0.1	64	0.063768	46.719116
5000	0.1	63	0.062983	43.175110
5000	0.1	54	0.069239	50.791016
5000	0.1	59	0.065276	48.475037

5200	0.1	70	0.063382	41.746582
5200	0.1	62	0.068218	45.462524
5200	0.1	61	0.067682	48.865662
5200	0.1	69	0.066640	46.421509
5200	0.1	51	0.083673	69.156616
5200	0.1	72	0.069881	50.057312
5200	0.1	67	0.066911	46.767090
5200	0.1	61	0.069799	55.551331
5200	0.1	71	0.062613	42.269287
5200	0.1	64	0.067792	45.203674
5200	0.1	64	0.071459	49.725708
5200	0.1	58	0.074959	53.732300
5200	0.1	57	0.070360	53.256287
5200	0.1	68	0.065188	44.449280
5200	0.1	68	0.069275	49.354126
5200	0.1	66	0.068967	47.317322
5200	0.1	67	0.126338	45.267029
5200	0.1	69	0.067779	43.816101
5200	0.1	66	0.071191	51.101807
5200	0.1	56	0.079356	63.115967
5200	0.1	59	0.070559	52.342163
5200	0.1	64	0.068877	51.682251
5200	0.1	64	0.072301	50.589905
5200	0.1	59	0.072913	56.043030
5200	0.1	60	0.069419	48.114807
5200	0.1	67	0.061285	39.601074
5200	0.1	59	0.071008	54.412964
5200	0.1	53	0.069822	58.023804
5200	0.1	59	0.076249	56.642639
5200	0.1	42	0.091022	84.166077

5400	0.1	52	0.095472	80.286804
5400	0.1	68	0.068946	46.503845
5400	0.1	58	0.070501	48.820984
5400	0.1	50	0.097429	67.764221
5400	0.1	69	0.070201	48.289856
5400	0.1	67	0.070207	48.719971
5400	0.1	53	0.091146	70.378662
5400	0.1	63	0.075650	53.482483
5400	0.1	70	0.072922	52.685913
5400	0.1	63	0.071379	47.534912
5400	0.1	58	0.079892	60.428894
5400	0.1	60	0.073008	53.288330
5400	0.1	61	0.074919	59.135010
5400	0.1	57	0.086390	69.794250
5400	0.1	53	0.085957	68.931030
5400	0.1	70	0.068590	47.974915
5400	0.1	63	0.072400	50.821594
5400	0.1	56	0.080164	67.027466
5400	0.1	48	0.090708	74.702820
5400	0.1	63	0.072458	53.025635
5400	0.1	74	0.064860	43.304626
5400	0.1	73	0.068418	45.556213
5400	0.1	68	0.066610	45.160339
5400	0.1	55	0.090153	71.764709
5400	0.1	63	0.071877	52.972839
5400	0.1	68	0.070006	50.331116
5400	0.1	70	0.065759	41.217651
5400	0.1	65	0.073577	56.454773
5400	0.1	69	0.063345	40.517578
5400	0.1	58	0.074125	56.324463

5600	0.1	51	0.116167	92.234863
5600	0.1	62	0.078293	56.801514
5600	0.1	53	0.088130	66.617859
5600	0.1	58	0.082775	63.554932
5600	0.1	64	0.076031	54.347046
5600	0.1	67	0.075611	52.163452
5600	0.1	66	0.072995	52.298035
5600	0.1	70	0.072969	48.226807
5600	0.1	53	0.088620	73.643066
5600	0.1	69	0.074639	51.685730
5600	0.1	66	0.076108	55.022217
5600	0.1	59	0.075981	55.945496
5600	0.1	67	0.075111	51.432678
5600	0.1	71	0.071827	47.703064
5600	0.1	71	0.072784	49.950439
5600	0.1	70	0.106549	51.766541
5600	0.1	55	0.080102	61.495789
5600	0.1	62	0.079690	54.187378
5600	0.1	64	0.076031	52.959229
5600	0.1	62	0.081895	61.059387
5600	0.1	64	0.076135	53.094971
5600	0.1	65	0.076604	55.199341
5600	0.1	67	0.080336	60.730347
5600	0.1	62	0.080926	61.496338
5600	0.1	62	0.078540	60.770142
5600	0.1	67	0.070875	47.619690
5600	0.1	61	0.078957	55.146362
5600	0.1	58	0.092530	76.376465
5600	0.1	73	0.071389	47.267395
5600	0.1	61	0.078610	54.454041

5800	0.1	52	0.095195	86.793213
5800	0.1	76	0.075535	50.625793
5800	0.1	64	0.081821	60.585266
5800	0.1	62	0.083930	63.731262
5800	0.1	67	0.087604	71.174805
5800	0.1	63	0.083680	62.084229
5800	0.1	53	0.114085	97.985291
5800	0.1	70	0.080968	59.163696
5800	0.1	64	0.090739	68.869507
5800	0.1	62	0.090970	69.893250
5800	0.1	53	0.093536	78.400024
5800	0.1	55	0.086366	63.612427
5800	0.1	69	0.078598	57.078674
5800	0.1	63	0.087930	64.667908
5800	0.1	69	0.079860	58.002625
5800	0.1	68	0.078173	55.096375
5800	0.1	65	0.084193	61.739563
5800	0.1	50	0.101728	80.133118
5800	0.1	72	0.083601	57.081177
5800	0.1	64	0.084566	62.152588
5800	0.1	69	0.081175	60.512939
5800	0.1	73	0.077239	53.048279
5800	0.1	63	0.087949	63.456360
5800	0.1	60	0.087753	67.993958
5800	0.1	54	0.106310	88.336548
5800	0.1	58	0.086636	72.746094
5800	0.1	62	0.081161	62.823181
5800	0.1	62	0.085561	73.470459
5800	0.1	57	0.094810	69.078552
5800	0.1	61	0.128979	63.934814

6000	0.1	62	0.154114	63.295959
6000	0.1	63	0.083128	60.853882
6000	0.1	72	0.079047	55.791504
6000	0.1	70	0.081290	54.711182
6000	0.1	67	0.079529	57.525024
6000	0.1	65	0.087285	63.899841
6000	0.1	71	0.086334	63.826599
6000	0.1	61	0.101674	69.698914
6000	0.1	68	0.083289	59.036804
6000	0.1	65	0.098450	56.452881
6000	0.1	66	0.085128	61.504822
6000	0.1	66	0.088652	61.666748
6000	0.1	73	0.081432	55.959167
6000	0.1	55	0.109013	91.074890
6000	0.1	68	0.148884	57.539001
6000	0.1	70	0.087847	63.643066
6000	0.1	56	0.092270	74.282593
6000	0.1	59	0.086697	65.026123
6000	0.1	58	0.097417	73.488037
6000	0.1	76	0.076961	49.438843
6000	0.1	57	0.102835	83.593689
6000	0.1	65	0.084802	64.399963
6000	0.1	62	0.091537	67.476013
6000	0.1	61	0.085538	62.987732
6000	0.1	67	0.094253	75.188293
6000	0.1	61	0.085105	65.735779
6000	0.1	64	0.082999	60.565430
6000	0.1	71	0.090538	67.555664
6000	0.1	76	0.080079	52.757690
6000	0.1	72	0.087820	66.857056

