63
3
4.89765167707 0.764462112134
4.79970267273 1.41351024363
4.41582707347 2.24926883105
4.17081235696 2.76801492563
3.85667277739 3.18434365565
3.41465180135 3.54491752434
2.83078149579 3.98909053636
2.34181757217 4.40369991021
1.69860015217 4.69209015047
0.981967941521 4.91739683234
0.408094257451 4.98094154266
9.89708245149 2.10860864361
9.47323290904 3.11719185608
8.67611063961 4.27672372149
8.28248173635 5.5201198685
7.16742405453 6.63699512658
6.43651232885 7.8492940089
4.93888493559 8.45607141288
3.54843493039 9.21024428016
2.60363455259 9.59527056927
1.41867692079 9.98916621014
0.400892350997 9.9990834385
19.4720578962 5.12919992545
18.5291426985 8.67828765371
16.9390568935 10.581654503
14.4660283513 13.7418016293
12.7478342096 16.103583535
8.84972377859 17.4294935192
6.79966329919 19.1670202795
2.26589934371 19.9441852638
29.3372288543 6.61303261235
28.2200934256 10.436822399
26.5467193985 13.1295172401
25.930053899 16.3610443066
22.9337433659 18.6239310608
21.1073525417 22.09517043
16.0246455767 23.8404486156
13.4681267619 26.3917481291
10.3526156012 28.6684540221
5.75016603306 29.4867164534
2.90008804134 29.9625641531
39.5632588581 8.62137444023
37.9985271167 13.2863003051
34.5687718347 16.9708226452
33.2813046578 23.5754938461
27.6496587668 28.4287225096
25.9869640015 32.1048022478
21.2526837274 35.4585481575
16.1460600566 36.7463393565
7.88862010608 38.6065370371
2.33287655582 39.8826315969
3.92779622089 39.8071844367
59.0571625452 12.1927595105
57.0598607182 22.5554834847
52.9657481535 27.3744155494
48.0582710629 33.2952731028
41.9861195653 41.714191306
36.0858004867 47.2806480345
29.483534397 53.3419053445
23.9312278285 56.0393101999
12.5869206992 58.8622396966
5.15119210516 59.7747878672
5.87605213674 59.90610573
