58
10
4.95132830725 0.738201553031
4.70365937794 1.7598912635
4.47786293542 2.20113385394
4.13892771445 2.74053630706
3.73183715069 3.40897655795
3.22180456255 3.80097179406
2.72401804975 4.10361286425
2.09121116706 4.36645909783
1.58173064146 4.63777416259
1.0702159453 4.86076970288
0.385107967956 4.99468433384
9.76174891858 2.44774466902
9.2461101725 3.93884124671
8.3213310936 5.81369631361
7.28813173601 6.61952846872
5.69359618476 8.02411770722
4.74853387054 8.70733713202
2.90933048327 9.43445338522
1.63507922648 9.91083258818
19.6965781799 3.88026315947
18.9896083581 6.6530194097
17.5496380982 10.2326278419
15.8345139218 12.0064066956
13.278857448 14.5375990906
10.9008699992 16.7734498244
7.79306574085 18.1617929502
4.73438436363 19.066022503
2.91553252175 19.9659902156
29.4378368096 6.31078787266
27.9923019101 12.1967620437
25.7246940626 15.0068830985
22.5346384537 20.2153438699
18.4674261879 24.2423751193
13.1615479387 26.8013663137
8.51037267015 29.0018174401
4.52071681064 29.5637055305
39.3307129744 7.67691185192
38.151412577 14.7908766505
36.2216123811 16.8257832075
31.5266009661 23.1398086016
28.4526714152 27.1190040604
24.351872776 32.5458337463
18.313160033 35.1541274521
14.9264435024 37.5561763683
7.94499732655 38.5705393348
2.50245504601 39.8420450926
1.50755636334 39.9660169378
58.7080355428 12.2516238123
57.2459385701 19.2641977732
54.1882691804 29.0784041671
47.2733327755 36.621978703
45.2383403598 40.8792822669
34.8559822284 47.438045836
30.1470325817 53.2240841193
20.0540408527 55.9509611823
14.0778856299 58.618984203
2.62975878752 59.4190888995
5.06265532629 59.8156053347
