49
40
-0.841470984808 0.540302305868
-0.767117899661 0.641506140282
-0.680666906982 0.732593039647
-0.583481390569 0.812126509147
-0.477094024073 0.878852258457
-0.363182599814 0.931717982649
-0.243543569002 0.969889957675
-0.12006371062 0.992766188683
0.00530962420017 0.999985903846
0.130599223075 0.991435243943
0.253829194186 0.967249057988
0.373056127275 0.927808776582
0.486399742383 0.873736396523
0.592072542993 0.805884671547
0.688408005913 0.725323663888
0.773886863344 0.633323868762
0.847161062643 0.531336177896
0.907075025915 0.4209689981
0.952683874168 0.303962885729
0.983268328619 0.182163097072
0.998346054152 0.0574904875548
0.997679266028 -0.0680887812942
0.981278479894 -0.192594249388
0.949402345945 -0.314062391118
0.902553569854 -0.430577581329
0.841470984808 -0.540302305868
0.767117899661 -0.641506140282
0.680666906982 -0.732593039647
0.583481390569 -0.812126509147
0.477094024073 -0.878852258457
0.363182599814 -0.931717982649
0.243543569002 -0.969889957675
0.12006371062 -0.992766188683
-0.00530962420017 -0.999985903846
-0.130599223075 -0.991435243943
-0.253829194186 -0.967249057988
-0.373056127275 -0.927808776582
-0.486399742383 -0.873736396523
-0.592072542993 -0.805884671547
-0.688408005913 -0.725323663888
-0.773886863344 -0.633323868762
-0.847161062643 -0.531336177896
-0.907075025915 -0.4209689981
-0.952683874168 -0.303962885729
-0.983268328619 -0.182163097072
-0.998346054152 -0.0574904875548
-0.997679266028 0.0680887812942
-0.981278479894 0.192594249388
-0.949402345945 0.314062391118
0 0
