60
15
54.0733517665 89.2454622629
70.7388652155 95.2561774456
46.4076753597 80.7922000138
98.4905425849 23.8529798877
87.5039052346 48.7288191074
49.6625352349 51.6565769565
3.18475690312 3.38535770023
80.6835763915 24.8198096776
13.0380120443 57.9307810189
97.4303258625 16.0051490674
4.81069942078 14.4927199839
50.9756409414 7.95762875263
12.1141985571 7.6193147305
68.8851046681 33.2777054407
83.6321471715 21.5335829432
43.9865314519 47.6538156133
21.3780412229 11.7856488401
92.3429932467 65.068592254
28.8773158811 60.4723966578
62.9495273986 13.4698725235
38.4477697221 1.32328529263
23.5950624851 35.5086208073
61.9395871375 18.967312309
93.7492362117 7.22681694418
4.15765626158 14.3543082634
81.8292870534 42.7873700438
93.5265828796 4.98633637987
45.4669416532 88.8245839667
36.5331214654 98.5118534026
96.4815464677 36.6552266696
95.4611051516 76.350762327
77.2486516317 3.56331375696
65.509076811 5.94664899051
51.9289430738 8.94643206992
24.0381242468 1.83097467575
48.6587623879 69.9849159227
0.997989089634 10.8455149887
14.2636209302 53.1290776305
86.7555774106 29.6116697991
60.6999327221 56.3296856082
37.6691013264 37.925442388
20.2577615896 26.3651486784
28.0487982716 78.0403218817
24.8206203677 43.696996379
9.06650427882 90.9870660338
86.4407789372 16.0381626866
65.9612527075 97.6346835194
76.3227621843 84.8590697533
30.0058439032 20.054273707
18.8122063608 21.6717930952
42.4780469116 94.1822388118
67.2348041989 11.2239871902
55.2520626993 54.054843402
37.0614673104 13.7194480052
56.8301968794 75.4480088916
21.8333214888 39.7638376119
49.0759931107 9.14197292786
50.5411519028 5.57501697982
16.0867353848 46.3839856131
56.0133786723 28.1637215048
