60
10
96.004112531 93.3219231515
21.206992601 23.245857148
65.7468449318 44.8712657405
36.2247878781 58.1936245466
32.0038179096 74.6647406973
13.6531924649 86.7912441625
50.8357545175 20.727171333
52.8027782079 26.4910216738
50.1401810024 49.3555413813
37.5633038669 90.763697988
20.6786665944 84.6143770926
48.9646319236 27.1528334964
47.3579726649 57.4226742842
45.2037657109 55.7754878615
97.2303956197 0.862547578628
87.0659070707 17.7554186022
44.265874992 83.6958907919
69.6899101783 78.3163268396
95.2718377135 73.6416427236
28.1704137219 39.2879921471
80.4022257638 94.9674557661
85.7587784416 29.3036430198
55.7891952416 85.1856388071
94.8188579658 81.6016490567
99.3874515263 64.0980578377
49.5490918663 44.3806598779
97.007758846 35.9152431857
94.0707379278 87.6568848633
86.8636643297 76.4353585834
71.7911552646 74.3831437546
49.8065649488 42.483912186
12.2052506108 61.3620442183
52.3073669132 9.06436166857
9.53311599234 85.8130508567
13.4931906939 92.6548692575
8.56776311241 2.06101627358
90.4549426625 40.5515037075
39.7170845989 96.6461410925
25.2432323424 98.1022955038
52.0876416885 96.3158366231
32.9568702114 4.57111953382
48.9505300542 11.0381421197
82.8638606661 73.6987787735
47.3791991011 76.9970946839
52.0718925291 44.9316503551
0.229433383582 65.2452890811
36.9473771313 83.5397142134
52.9354548767 46.3824320869
12.6089270579 92.3273033003
35.9135649035 13.5920675101
18.0311236461 70.1316141264
45.450358039 40.7795764173
82.1536105126 81.9468141134
69.5137551276 14.0646971704
38.4230685241 23.9129825951
6.99651565158 91.7571778075
30.8807164702 7.64008404294
64.3119673327 28.6152845067
16.5888822514 47.785281876
21.6079505113 80.4152919951
