500
6
45.8244232112 46.9793014205
75.2347853176 66.6305085337
20.4188307475 64.1802634778
48.7062878443 51.5516475669
48.6126864645 97.3045093572
78.922791965 35.1866032678
97.9216711247 53.1389189752
30.0629983813 86.469754895
82.2709699529 42.4965385891
37.1377153835 9.0254528642
13.6664733555 2.61801173887
32.93556783 11.6363161385
56.2149205669 68.2356466062
36.7016099707 28.474513742
30.6581189623 29.325059014
75.1998592389 76.947188754
73.1851726969 57.3013416335
95.726055324 73.3031223617
17.3786168508 85.2226308279
15.0148940291 25.1474333338
28.7064773558 27.8457992193
68.6093489064 11.9881244815
70.4306246803 38.408375984
32.3983472483 23.083421683
10.8412227835 93.0505574172
22.9561439373 76.8046217999
1.05248368689 76.4572317111
27.3231944843 11.5111289376
33.8793287201 71.1956116851
20.1314302229 2.30545832947
95.0938778466 23.5124612037
68.5770352139 22.0219241435
47.389471421 93.7549192746
99.2500639392 60.9672851761
97.1452984834 48.7050257283
58.1169457339 48.2801637631
52.4802135868 50.3639606042
55.2794188359 98.9610193135
85.7348424412 5.53199021179
14.4409817488 48.7790482555
29.2412476337 83.6622532419
32.4227989528 99.3219864262
80.1467555355 27.4386988836
95.2347506338 41.2237024652
56.7070842912 98.9570138213
20.4572482684 78.6963635175
30.9935289442 95.4788513471
58.0394635502 51.8358097344
22.6040103369 69.7041299398
31.626864384 29.1421782075
44.0332169006 88.0570114751
47.8767860326 19.9335846221
42.1965647544 61.6166390219
47.2666387738 96.5469324844
20.9903957135 84.3612299165
22.4119369351 77.5682753409
25.4373532446 9.922422243
47.7330529724 90.4858132508
38.5635737701 40.3895795743
53.1061605985 61.9766917008
56.8846987005 42.9506882317
94.6110643946 31.9501419175
4.26690833704 60.5222130995
33.0094174878 43.4060248828
56.6389431336 71.0441484672
83.3838339396 99.2712501915
79.6078077281 47.916278922
48.5346170212 15.788163321
0.298241141985 79.9269212
26.4132389299 8.98747290316
88.9965107458 11.6362424818
26.6260306838 6.29812874967
61.3434148685 44.3621041031
2.82150629838 58.4728851607
72.3911800125 50.5320212278
23.4141605046 61.5092255847
64.4094919768 88.7185602874
51.1559224816 14.45911563
19.9841518199 21.90845687
25.927935037 75.8432770327
82.1880847677 64.7210846047
32.1639861237 27.0752817033
86.790540407 72.2627811313
9.4942991154 6.31923371884
14.6939331962 51.1437368317
85.8954530416 31.1510942571
52.1946293551 18.4544386516
22.8670836636 25.4601890313
31.1700101088 68.7391330489
86.3048558966 46.0583453247
64.1584186012 31.8458667246
86.6997791722 47.7273323855
10.8463327847 77.4045802018
1.16367621615 85.70142469
46.8066020772 17.1555742769
65.0093100248 69.868479927
32.722649941 86.4697306943
36.552366684 11.9236858018
66.0206579004 82.023291658
7.79170079009 99.9274843205
41.6399673273 66.2772258328
84.0132998414 57.1843551155
86.7913613817 62.9732948213
51.7531480701 63.850866079
35.3298358816 95.876567896
75.0867005459 65.6350823002
35.5628678197 10.6594704596
73.8269394994 13.9337160336
93.5929226706 79.8860830949
2.54507113601 47.029139032
64.1139774203 65.9982750557
7.72615925485 93.297247431
38.6867844354 9.22471296163
21.3260198477 44.1098359952
88.7378291782 30.499370964
63.9064461035 3.0224646338
32.1589504823 21.9708501838
8.69057697424 36.8441362701
16.806459728 6.51183031517
67.7590518885 23.9459343133
69.5437500154 57.1664389508
76.8622520108 58.0447878929
75.8110921438 8.3165626198
88.7226627758 84.7208030638
27.2087231339 40.5641135935
69.3390090371 40.4039165346
26.736254673 43.4566321381
77.6492851099 8.42063592603
81.2884773361 39.3635878065
34.615286451 71.1020345205
18.6250257295 55.2847919601
19.8287677231 83.8953026099
88.8111152921 59.2791983032
60.6384419271 46.7883128321
10.0148423338 76.3411534682
41.3807203067 72.4428861089
57.3263582381 25.6866344583
1.83155693106 5.44853761521
82.1687161134 83.0931644291
85.5028557504 6.67076985665
67.017832694 78.8788123991
18.6855110702 84.5457743881
0.460595220568 71.3905928826
27.2917025887 92.8788512815
62.0084783228 62.0900766835
15.5222783961 81.5642126016
93.5623486593 28.6952065759
61.8323610938 81.1210020857
87.7948818885 68.4970522369
18.8164339222 40.3683560528
38.6743741139 30.7220603284
39.7619748245 29.9850263434
22.2895068419 99.8273254338
34.1692798732 60.7952634536
54.2804226639 34.3499748913
36.4167224328 31.362631897
69.494028656 16.615683303
37.1132629305 83.2422965003
58.9262130723 65.1249580636
79.6290075887 98.3061931676
44.5764005629 3.4641537099
18.5515452982 98.6407993671
14.564192844 65.5658660207
16.9607370384 41.7634800244
14.2804318289 12.7764595118
57.5439162011 34.1371902807
81.1582517472 24.2575357872
87.1373623683 86.3108084534
18.5804230319 8.73990275612
76.6572124951 70.9511653067
72.6500180449 37.9340829608
99.8640342963 23.9788328067
82.068221711 84.4906869759
85.7547064828 73.7896016591
17.9492791676 33.4774693927
32.3685752313 38.9403897293
30.7530910146 46.7300445466
96.4615053278 84.4066912183
11.2130467192 38.1188564049
48.9216698439 76.3041789964
36.0278609761 27.4242960657
35.8278146462 5.70203093456
26.3644270335 51.4143029576
97.5743628124 22.0793013007
63.7525036832 76.8394371053
97.5433388463 62.2083557761
17.6849732554 49.4840618732
8.66489275317 75.6696541796
30.8395787885 44.5640671377
83.847041753 29.4032403853
70.0179312847 99.6482732687
77.7564508292 19.6844566659
20.2744140005 16.1330205258
9.63836800664 95.362658002
13.8750934078 83.1485627971
45.5258565086 33.3668182147
14.2307182904 4.52374237952
65.0603928228 46.2383234987
66.3359535891 64.4642088703
92.2562819585 27.8226352776
11.4480227075 53.9455751323
57.7175301046 34.2722506468
71.0797122025 5.69016637155
14.3795055296 21.3287651502
32.0363750761 1.55197153509
87.7658153674 36.2872007928
34.048212588 74.3318045794
73.8088597217 56.7726447793
21.6435251299 65.2427021463
38.2738076239 54.5835338981
44.3532475762 80.5756663668
62.1204688222 10.4140656227
69.4776810031 78.035405002
38.1518101 54.6594645752
24.3884895948 90.8284944162
57.1548340809 66.2888197425
88.1271355296 39.6643992043
34.7990768853 96.1439659397
5.76659356511 57.8403713141
45.3722974078 60.5784199021
81.4267887545 0.816782850007
78.9394374794 43.6306386415
34.5230386328 91.0579201496
77.8188264472 58.035837665
84.197697462 66.2877042899
18.2853378998 16.2061171603
8.57517432979 56.4635397128
21.7351343417 92.3106301901
35.4673964772 49.859951862
72.4935946221 58.4589139174
58.4141642341 3.07325569531
22.7460929608 66.2519098008
36.3566169149 14.4278437282
79.957211234 18.8530884077
17.8401250527 34.1881455623
42.1047993748 16.0787074862
76.6046213355 57.1655407658
21.650898144 68.0563688244
72.3875707801 5.86392045477
62.5133760595 54.849236674
75.2169725164 3.64028318672
18.787533684 16.2625430241
28.6249211208 78.8301658478
90.7296607713 67.4987143749
12.1729230908 34.5325836516
2.84020722627 1.27396922262
70.5722872816 79.3328031627
87.2575526212 65.2802474823
75.0231025424 82.8710037779
13.0141807327 64.3799894128
93.2979817105 38.548976487
52.154879835 31.7386896419
50.249152469 22.4909109703
53.8181194784 33.4222504246
40.3963143006 9.57301889311
89.783457 15.6315287031
63.9298540471 81.9121150175
47.6812988421 85.3492189231
61.5356717188 95.6034991901
19.5423236013 47.5568186575
84.251291061 85.552475723
38.2119490444 17.3725274108
99.1858910831 77.716059499
83.4040757428 17.8226594965
28.7093905898 32.2803308043
7.14398980551 84.2822733344
54.6258979817 83.5353129685
17.1204870047 10.1811114293
57.9206058178 93.1075870123
53.8517076087 86.4692094876
65.2010818646 44.5211256651
92.9639131372 48.7752676805
63.3883893414 61.3519581795
98.0249426677 55.7664112905
45.3164823164 21.5184326338
48.172122499 8.77636922778
61.278478429 47.9735055322
28.7414343817 64.313969691
93.5545846863 28.889994849
82.0421437438 19.2009359591
69.7468786926 21.766026584
45.5022454414 22.7769335304
55.3529426104 25.5695468753
31.1740534373 19.2326420479
31.1774508894 92.9006872504
54.015131841 41.3145352549
74.5153749627 57.9017259432
64.1778150949 95.1526686848
39.9072112029 26.6301458269
34.3322178594 78.9713787471
36.6421298822 49.1215795566
23.7102627868 64.8214120895
99.6247325412 37.6861719249
40.4878760815 76.6148833306
43.1729381982 69.159581859
50.281851599 86.8271795079
64.1892851714 78.299432337
89.9782913034 38.9039641499
93.5866373627 51.3546270897
66.1490909003 17.9474778708
65.3377293355 11.7468996016
51.8978192979 80.2747068402
76.933767209 2.83916021588
19.8775440021 84.1000735925
92.2509056939 79.742187897
23.2126900338 34.7472516195
79.8086190433 76.3711764992
33.2241481341 79.8019303463
49.9944507808 79.1340103055
71.1974603326 46.3592581099
93.4115372634 42.7084776616
93.7182143121 90.9671740748
26.9786772425 25.4742926001
36.2082150528 65.9032328118
17.0134792336 35.7641533789
14.5264019925 95.4645730333
19.1402958218 37.437426992
27.1338628551 77.2359301113
68.9710733947 2.34795945764
90.5161690854 38.8409010376
76.2923749615 7.24603125061
72.3361616158 30.8145259601
28.3202720733 45.9369260398
83.705860508 35.1951806688
74.8858044423 9.0191950078
50.868619319 65.4597153372
47.6875287598 90.5489741681
81.9822691893 18.7619305743
69.4676229748 19.0144338737
35.6969792786 17.1822561216
11.1237542942 46.3862792413
43.8686301381 96.0723930439
45.1048715017 44.0747815433
37.9549394743 0.169347768343
14.952271786 54.530335729
2.77020333126 44.1813974911
67.5389231014 7.82980584418
15.5091657147 65.7129300347
18.700376612 43.4753656218
32.7388595661 79.0144627836
62.0846034295 74.2399242785
42.9510659936 75.7026006567
40.4925834051 37.7414675202
66.6168116275 97.1746099761
93.8040048762 92.7951334088
97.4017886273 36.0434103308
66.9530824543 53.211927893
66.6658107363 33.7836827471
87.2361676917 25.242554251
42.0685013715 44.9130817077
83.4268032578 11.4336986397
91.9151838287 90.4221505701
49.2749426116 51.0432910077
82.4894773288 71.5961853219
36.8140523932 64.5026370831
1.7666157207 77.4851210671
93.4352283775 25.8015757894
84.632694695 85.4174804821
28.3162593589 6.0884964552
38.5866798048 67.7779561962
86.8846985082 79.3597613902
87.2690922693 65.6110336995
94.47636623 53.2202709695
76.4174904495 51.4129048772
30.9046964521 70.4525882366
93.555914693 58.141804732
90.3062941269 71.3868909729
85.2897512714 38.9787164876
15.6141473263 99.4972221703
9.28287896709 99.8563072661
86.4681652479 26.0785322975
24.7845766865 96.4128991222
40.435467515 90.9892209052
2.22036829638 47.782180767
10.1291591641 39.2433803007
30.5697432839 80.53708504
37.2338829308 25.9500194674
30.8903543369 9.85580131572
9.27261763271 46.2338385198
52.1241085415 49.2982533495
6.37353307855 26.8609747199
99.6394385782 59.8315427547
17.3297226287 33.2116708054
40.290803919 51.5769287407
76.6802797233 32.3461859813
79.2400863795 81.0718011533
27.6280413085 44.7661268901
89.1493166165 82.7559657415
68.6360498014 24.8327458761
79.0790303232 29.9002916356
78.6948208179 37.9995531719
91.2929075502 88.4934037255
68.824882446 36.8994697241
76.6665022079 1.2355774044
93.0143547166 18.4274516118
93.6076048083 50.2296199582
81.2813674313 19.4621396354
45.0493177147 16.9349365068
70.1625210414 36.0752021359
10.7022088276 64.1389380274
49.4621177495 53.4126201459
21.5558968006 70.1119579339
44.883589346 20.8050358305
91.5368166418 59.5226276412
98.6416946543 64.1824261718
13.4576826746 91.2885389427
52.5531622166 83.3868686835
48.7010748469 46.7687011987
52.6082252506 97.5250830125
13.9090904147 83.4480621898
0.539124997867 8.48543779782
34.660817523 49.3779806843
28.7051744727 87.5070173818
77.1681864526 27.352515713
53.3765271675 38.2602798447
27.1678612142 42.7807582742
1.01221682837 5.46358949411
54.3073998328 40.423100126
87.3174840056 69.2014356817
27.0768425403 81.8987507996
39.9530695179 90.9146558729
62.1092621909 59.2080622784
89.2002105484 73.4809632295
40.6078376898 24.4445302481
32.2818972274 80.0269512077
27.6881402252 51.7765808299
36.2965760006 21.3238517636
84.645402704 12.2308595487
70.4307456967 58.6795112698
45.809209848 5.01954414953
47.3924398738 24.2566469632
88.8787495257 12.1570764555
10.9633131131 64.579224017
5.73857732063 73.4334786198
71.261054703 51.6714708152
58.5243875793 94.7986473135
38.7232266074 37.1765818
7.49974589427 31.6917168412
91.2380721779 32.3653136441
21.1397812416 40.247621937
90.8876994722 75.7287995536
15.3309883374 64.3712632598
25.4475146567 59.60711112
29.6217817183 44.2688128044
52.7138588065 48.6223936206
71.4528558251 13.9623663612
95.8848226155 69.0388829273
6.83501467134 0.756121956281
28.2621152437 50.1336004689
36.9164834141 71.2190196231
33.4089576797 42.1910954983
68.6901707222 40.4541573481
67.6471637221 88.6034271127
29.1197369755 23.0211018419
74.308075323 12.8590744499
97.1899349743 89.7540935212
62.1670451616 13.3407240984
24.4293805332 21.5615982608
32.4217245495 77.5087732771
86.7311168103 86.5635896161
31.7368685152 6.5465524833
55.0195806976 8.42714464838
74.2424735681 89.4480270952
81.1609607703 72.0572528578
25.2499627682 6.42581702039
97.9524916588 16.028335298
91.3422493516 44.5444360577
60.7318672136 19.0747620354
23.505834039 11.7622344505
65.7363996847 98.9719417617
66.086440521 74.5301424032
57.5300090921 60.3061705841
89.4273108187 14.9761644121
81.0938691505 52.0518537831
30.3581774377 99.5935945148
35.1377946206 85.8717097457
20.0589376741 73.6722109501
27.6761257195 63.8681755153
8.51425128157 0.125851007916
41.4665546838 55.7278883818
69.0940200435 9.55548052885
99.7266507525 11.4586843104
56.2098795445 11.2854738172
81.7625892868 42.1828334048
77.9857907376 43.6340856665
55.1736218398 83.8671777504
10.7599290265 99.6857045033
87.3742373057 54.7543136493
13.4377647513 35.1962214818
63.8961172422 0.00404240930778
30.7830323876 15.1703017251
40.8942345097 30.3893441033
11.5343223172 8.33273191328
52.6094322581 70.7856810742
13.300584419 72.8122225889
80.1201883854 94.5212017974
75.9329766559 77.6823040944
9.60713795095 82.7922321064
32.7001192197 10.8884549808
32.1666504633 22.6780439085
