1000	0.1	68	0.002703
1000	0.1	67	0.002573
1000	0.1	64	0.003286
1000	0.1	67	0.003405
1000	0.1	69	0.003053
1000	0.1	65	0.003393
1000	0.1	62	0.003421
1000	0.1	64	0.003312
1000	0.1	68	0.003252
1000	0.1	63	0.00318
1000	0.1	63	0.003309
1000	0.1	65	0.003474
1000	0.1	66	0.003322
1000	0.1	65	0.003199
1000	0.1	65	0.002651
1000	0.1	62	0.003105
1000	0.1	67	0.00307
1000	0.1	68	0.003016
1000	0.1	68	0.003394
1000	0.1	65	0.00331
1000	0.1	67	0.003263
1000	0.1	63	0.003393
1000	0.1	68	0.003177
1000	0.1	66	0.002438
1000	0.1	67	0.002441
1000	0.1	67	0.003188
1000	0.1	64	0.002548
1000	0.1	66	0.003159
1000	0.1	68	0.002361
1000	0.1	66	0.002574

2000	0.1	68	0.007542
2000	0.1	72	0.006551
2000	0.1	71	0.007861
2000	0.1	70	0.008597
2000	0.1	74	0.006226
2000	0.1	74	0.006496
2000	0.1	71	0.010321
2000	0.1	68	0.007698
2000	0.1	72	0.006274
2000	0.1	71	0.007487
2000	0.1	69	0.007213
2000	0.1	77	0.007095
2000	0.1	74	0.008257
2000	0.1	72	0.007389
2000	0.1	70	0.007479
2000	0.1	74	0.00785
2000	0.1	75	0.007684
2000	0.1	73	0.00669
2000	0.1	69	0.006446
2000	0.1	70	0.007502
2000	0.1	71	0.007369
2000	0.1	73	0.009028
2000	0.1	70	0.00687
2000	0.1	76	0.007386
2000	0.1	71	0.007593
2000	0.1	75	0.006652
2000	0.1	73	0.00734
2000	0.1	74	0.007837
2000	0.1	72	0.008794
2000	0.1	71	0.007607

3000	0.1	76	0.013718
3000	0.1	74	0.013324
3000	0.1	78	0.012852
3000	0.1	77	0.012388
3000	0.1	74	0.012018
3000	0.1	78	0.013202
3000	0.1	72	0.012179
3000	0.1	75	0.01372
3000	0.1	78	0.014098
3000	0.1	73	0.014264
3000	0.1	75	0.013801
3000	0.1	79	0.016177
3000	0.1	77	0.014271
3000	0.1	75	0.012217
3000	0.1	75	0.012748
3000	0.1	77	0.012131
3000	0.1	75	0.012011
3000	0.1	76	0.012944
3000	0.1	76	0.013711
3000	0.1	79	0.015044
3000	0.1	74	0.013651
3000	0.1	79	0.016627
3000	0.1	78	0.014358
3000	0.1	75	0.013103
3000	0.1	75	0.013839
3000	0.1	73	0.012915
3000	0.1	78	0.012847
3000	0.1	72	0.01345
3000	0.1	73	0.012463
3000	0.1	76	0.012848

4000	0.1	77	0.022802
4000	0.1	77	0.021954
4000	0.1	76	0.023687
4000	0.1	77	0.022373
4000	0.1	75	0.022031
4000	0.1	79	0.022059
4000	0.1	81	0.026713
4000	0.1	76	0.02233
4000	0.1	80	0.021508
4000	0.1	75	0.025115
4000	0.1	79	0.022443
4000	0.1	79	0.020153
4000	0.1	80	0.019944
4000	0.1	78	0.023933
4000	0.1	74	0.022056
4000	0.1	83	0.020223
4000	0.1	73	0.022903
4000	0.1	78	0.027274
4000	0.1	79	0.021397
4000	0.1	82	0.025222
4000	0.1	78	0.021555
4000	0.1	79	0.025108
4000	0.1	82	0.025394
4000	0.1	74	0.02216
4000	0.1	79	0.026388
4000	0.1	81	0.021718
4000	0.1	84	0.025801
4000	0.1	80	0.021912
4000	0.1	75	0.02097
4000	0.1	80	0.01963

5000	0.1	78	0.028559
5000	0.1	80	0.030251
5000	0.1	79	0.029182
5000	0.1	82	0.028797
5000	0.1	79	0.031708
5000	0.1	80	0.032223
5000	0.1	79	0.028683
5000	0.1	75	0.031781
5000	0.1	80	0.029312
5000	0.1	79	0.030923
5000	0.1	78	0.031524
5000	0.1	84	0.032319
5000	0.1	81	0.029687
5000	0.1	83	0.031314
5000	0.1	80	0.029305
5000	0.1	80	0.032389
5000	0.1	81	0.03175
5000	0.1	76	0.029668
5000	0.1	81	0.034513
5000	0.1	83	0.029341
5000	0.1	78	0.029914
5000	0.1	83	0.033072
5000	0.1	80	0.031274
5000	0.1	79	0.038738
5000	0.1	79	0.031831
5000	0.1	80	0.033271
5000	0.1	79	0.033072
5000	0.1	77	0.02906
5000	0.1	79	0.030798
5000	0.1	79	0.029538

6000	0.1	74	0.043603
6000	0.1	79	0.042532
6000	0.1	78	0.042631
6000	0.1	81	0.042669
6000	0.1	82	0.040846
6000	0.1	82	0.042683
6000	0.1	78	0.041539
6000	0.1	75	0.046046
6000	0.1	78	0.040519
6000	0.1	78	0.042877
6000	0.1	79	0.042606
6000	0.1	82	0.042831
6000	0.1	77	0.042487
6000	0.1	82	0.047369
6000	0.1	80	0.041352
6000	0.1	81	0.044043
6000	0.1	81	0.047285
6000	0.1	79	0.043114
6000	0.1	77	0.042753
6000	0.1	83	0.044371
6000	0.1	82	0.042504
6000	0.1	88	0.045162
6000	0.1	84	0.040647
6000	0.1	83	0.041871
6000	0.1	79	0.043652
6000	0.1	80	0.045308
6000	0.1	84	0.045509
6000	0.1	81	0.041416
6000	0.1	80	0.041001
6000	0.1	79	0.043713

7000	0.1	81	0.053819
7000	0.1	80	0.055739
7000	0.1	80	0.055489
7000	0.1	84	0.053595
7000	0.1	81	0.057072
7000	0.1	83	0.053267
7000	0.1	80	0.053616
7000	0.1	80	0.055222
7000	0.1	81	0.060419
7000	0.1	81	0.054457
7000	0.1	80	0.052944
7000	0.1	80	0.055889
7000	0.1	82	0.056606
7000	0.1	81	0.053589
7000	0.1	79	0.05754
7000	0.1	82	0.052917
7000	0.1	84	0.055917
7000	0.1	78	0.057015
7000	0.1	80	0.055549
7000	0.1	83	0.056325
7000	0.1	82	0.057013
7000	0.1	85	0.059039
7000	0.1	84	0.057188
7000	0.1	84	0.058801
7000	0.1	85	0.055276
7000	0.1	84	0.052372
7000	0.1	82	0.053935
7000	0.1	81	0.056037
7000	0.1	83	0.058574
7000	0.1	77	0.061234

8000	0.1	81	0.072027
8000	0.1	81	0.071839
8000	0.1	79	0.069678
8000	0.1	84	0.070071
8000	0.1	83	0.073577
8000	0.1	81	0.072589
8000	0.1	85	0.069847
8000	0.1	82	0.068732
8000	0.1	82	0.068501
8000	0.1	81	0.072568
8000	0.1	79	0.068999
8000	0.1	79	0.070196
8000	0.1	77	0.072304
8000	0.1	80	0.067638
8000	0.1	80	0.069481
8000	0.1	83	0.070533
8000	0.1	84	0.070459
8000	0.1	79	0.071567
8000	0.1	78	0.085459
8000	0.1	80	0.075437
8000	0.1	85	0.073169
8000	0.1	83	0.068516
8000	0.1	83	0.065915
8000	0.1	83	0.071008
8000	0.1	83	0.070723
8000	0.1	80	0.068747
8000	0.1	84	0.067822
8000	0.1	82	0.068907
8000	0.1	84	0.066254
8000	0.1	81	0.069446

9000	0.1	80	0.081035
9000	0.1	77	0.085097
9000	0.1	78	0.093074
9000	0.1	82	0.085655
9000	0.1	83	0.083207
9000	0.1	81	0.08304
9000	0.1	83	0.0829
9000	0.1	81	0.087494
9000	0.1	85	0.084803
9000	0.1	78	0.088066
9000	0.1	81	0.082693
9000	0.1	84	0.088086
9000	0.1	80	0.085205
9000	0.1	80	0.085736
9000	0.1	80	0.08518
9000	0.1	84	0.089299
9000	0.1	88	0.085499
9000	0.1	82	0.088109
9000	0.1	82	0.085881
9000	0.1	78	0.091079
9000	0.1	79	0.085916
9000	0.1	84	0.087593
9000	0.1	85	0.084983
9000	0.1	81	0.087487
9000	0.1	82	0.085401
9000	0.1	79	0.081659
9000	0.1	80	0.087428
9000	0.1	80	0.08477
9000	0.1	81	0.085917
9000	0.1	84	0.087389

10000	0.1	82	0.103874
10000	0.1	81	0.104593
10000	0.1	82	0.104528
10000	0.1	82	0.102993
10000	0.1	85	0.105985
10000	0.1	79	0.102985
10000	0.1	82	0.109635
10000	0.1	85	0.098646
10000	0.1	85	0.106622
10000	0.1	83	0.103165
10000	0.1	80	0.105272
10000	0.1	78	0.103277
10000	0.1	83	0.104561
10000	0.1	81	0.103321
10000	0.1	82	0.107214
10000	0.1	84	0.10088
10000	0.1	79	0.103357
10000	0.1	86	0.103076
10000	0.1	85	0.1088
10000	0.1	82	0.134166
10000	0.1	82	0.102392
10000	0.1	83	0.102467
10000	0.1	84	0.11095
10000	0.1	82	0.104013
10000	0.1	82	0.10443
10000	0.1	82	0.106928
10000	0.1	81	0.103154
10000	0.1	79	0.10633
10000	0.1	81	0.104899
10000	0.1	88	0.105252

11000	0.1	78	0.12585
11000	0.1	83	0.126098
11000	0.1	84	0.122852
11000	0.1	83	0.128299
11000	0.1	86	0.127099
11000	0.1	84	0.130967
11000	0.1	81	0.125536
11000	0.1	84	0.118753
11000	0.1	82	0.133935
11000	0.1	83	0.138289
11000	0.1	80	0.120907
11000	0.1	84	0.119656
11000	0.1	85	0.123991
11000	0.1	84	0.122518
11000	0.1	81	0.119776
11000	0.1	84	0.123039
11000	0.1	81	0.12283
11000	0.1	84	0.123289
11000	0.1	78	0.122384
11000	0.1	84	0.128984
11000	0.1	83	0.128206
11000	0.1	84	0.123806
11000	0.1	83	0.123403
11000	0.1	82	0.126201
11000	0.1	80	0.118938
11000	0.1	80	0.125034
11000	0.1	82	0.123127
11000	0.1	83	0.125663
11000	0.1	82	0.123962
11000	0.1	84	0.123789

12000	0.1	86	0.142143
12000	0.1	88	0.151013
12000	0.1	84	0.149201
12000	0.1	85	0.146203
12000	0.1	81	0.144451
12000	0.1	79	0.146946
12000	0.1	85	0.148824
12000	0.1	86	0.146418
12000	0.1	85	0.145989
12000	0.1	83	0.148561
12000	0.1	85	0.143147
12000	0.1	80	0.169466
12000	0.1	86	0.142861
12000	0.1	85	0.145819
12000	0.1	82	0.140967
12000	0.1	88	0.141761
12000	0.1	85	0.144013
12000	0.1	81	0.150381
12000	0.1	83	0.144056
12000	0.1	82	0.144246
12000	0.1	84	0.146284
12000	0.1	86	0.14519
12000	0.1	83	0.143047
12000	0.1	78	0.156408
12000	0.1	86	0.159053
12000	0.1	82	0.146719
12000	0.1	85	0.149406
12000	0.1	84	0.150434
12000	0.1	84	0.149691
12000	0.1	86	0.159816

13000	0.1	83	0.198325
13000	0.1	84	0.180201
13000	0.1	83	0.194861
13000	0.1	84	0.165378
13000	0.1	83	0.201251
13000	0.1	82	0.171163
13000	0.1	84	0.176219
13000	0.1	83	0.171645
13000	0.1	82	0.165457
13000	0.1	82	0.16892
13000	0.1	85	0.168636
13000	0.1	80	0.17188
13000	0.1	87	0.173069
13000	0.1	81	0.182048
13000	0.1	82	0.168989
13000	0.1	85	0.172072
13000	0.1	85	0.175597
13000	0.1	80	0.171628
13000	0.1	88	0.173143
13000	0.1	83	0.177645
13000	0.1	84	0.166591
13000	0.1	85	0.176361
13000	0.1	84	0.197293
13000	0.1	81	0.191322
13000	0.1	83	0.204076
13000	0.1	84	0.164179
13000	0.1	81	0.172486
13000	0.1	81	0.166135
13000	0.1	80	0.167382
13000	0.1	87	0.178134

14000	0.1	79	0.219464
14000	0.1	86	0.189392
14000	0.1	84	0.192776
14000	0.1	84	0.192108
14000	0.1	84	0.201095
14000	0.1	84	0.196046
14000	0.1	85	0.201098
14000	0.1	80	0.191603
14000	0.1	82	0.195299
14000	0.1	84	0.188524
14000	0.1	83	0.200129
14000	0.1	82	0.207639
14000	0.1	86	0.192259
14000	0.1	86	0.218499
14000	0.1	85	0.217714
14000	0.1	88	0.19548
14000	0.1	83	0.199015
14000	0.1	81	0.191972
14000	0.1	90	0.192485
14000	0.1	85	0.194861
14000	0.1	81	0.198861
14000	0.1	87	0.201642
14000	0.1	84	0.18875
14000	0.1	86	0.192757
14000	0.1	85	0.208334
14000	0.1	83	0.195606
14000	0.1	82	0.190379
14000	0.1	84	0.232964
14000	0.1	86	0.188737
14000	0.1	86	0.194338

15000	0.1	85	0.264202
15000	0.1	85	0.21816
15000	0.1	84	0.214384
15000	0.1	83	0.252252
15000	0.1	89	0.216984
15000	0.1	83	0.218891
15000	0.1	83	0.230232
15000	0.1	82	0.217438
15000	0.1	82	0.21819
15000	0.1	85	0.2291
15000	0.1	81	0.223274
15000	0.1	89	0.220047
15000	0.1	88	0.22351
15000	0.1	83	0.22284
15000	0.1	84	0.216325
15000	0.1	84	0.225372
15000	0.1	82	0.219151
15000	0.1	84	0.230747
15000	0.1	85	0.22556
15000	0.1	87	0.213289
15000	0.1	82	0.232048
15000	0.1	83	0.222774
15000	0.1	81	0.216675
15000	0.1	81	0.221342
15000	0.1	82	0.213719
15000	0.1	86	0.211237
15000	0.1	80	0.231514
15000	0.1	84	0.227583
15000	0.1	82	0.225076
15000	0.1	83	0.214828

16000	0.1	82	0.256886
16000	0.1	85	0.246514
16000	0.1	85	0.251369
16000	0.1	85	0.242113
16000	0.1	87	0.309447
16000	0.1	89	0.249524
16000	0.1	81	0.252068
16000	0.1	84	0.245733
16000	0.1	86	0.303138
16000	0.1	85	0.256739
16000	0.1	83	0.246032
16000	0.1	85	0.305909
16000	0.1	84	0.249713
16000	0.1	81	0.248921
16000	0.1	86	0.319327
16000	0.1	88	0.247754
16000	0.1	82	0.248565
16000	0.1	84	0.245252
16000	0.1	83	0.245269
16000	0.1	87	0.24534
16000	0.1	83	0.247832
16000	0.1	84	0.241218
16000	0.1	86	0.249566
16000	0.1	84	0.245949
16000	0.1	85	0.246565
16000	0.1	86	0.256597
16000	0.1	83	0.256486
16000	0.1	86	0.241771
16000	0.1	82	0.254478
16000	0.1	84	0.242396

17000	0.1	81	0.288915
17000	0.1	85	0.293544
17000	0.1	87	0.271879
17000	0.1	86	0.288729
17000	0.1	84	0.282238
17000	0.1	87	0.273628
17000	0.1	82	0.272575
17000	0.1	83	0.299654
17000	0.1	82	0.277254
17000	0.1	85	0.285848
17000	0.1	85	0.289664
17000	0.1	86	0.286528
17000	0.1	87	0.280954
17000	0.1	85	0.27672
17000	0.1	88	0.270081
17000	0.1	87	0.285842
17000	0.1	84	0.280681
17000	0.1	85	0.30819
17000	0.1	84	0.273334
17000	0.1	84	0.279422
17000	0.1	86	0.284926
17000	0.1	85	0.276384
17000	0.1	83	0.283757
17000	0.1	86	0.275499
17000	0.1	88	0.278911
17000	0.1	87	0.283536
17000	0.1	87	0.286453
17000	0.1	82	0.287779
17000	0.1	86	0.280833
17000	0.1	85	0.282827

18000	0.1	82	0.306115
18000	0.1	85	0.315953
18000	0.1	84	0.308762
18000	0.1	88	0.303168
18000	0.1	79	0.320395
18000	0.1	89	0.305378
18000	0.1	84	0.312955
18000	0.1	83	0.317658
18000	0.1	83	0.307732
18000	0.1	87	0.31302
18000	0.1	83	0.3113
18000	0.1	81	0.309418
18000	0.1	87	0.310429
18000	0.1	89	0.309124
18000	0.1	86	0.368427
18000	0.1	87	0.31082
18000	0.1	82	0.314986
18000	0.1	81	0.301798
18000	0.1	83	0.318338
18000	0.1	83	0.304721
18000	0.1	85	0.313505
18000	0.1	85	0.307677
18000	0.1	85	0.299335
18000	0.1	82	0.351683
18000	0.1	85	0.303536
18000	0.1	85	0.318782
18000	0.1	85	0.303186
18000	0.1	88	0.304317
18000	0.1	86	0.30735
18000	0.1	86	0.353332

19000	0.1	82	0.333731
19000	0.1	86	0.342757
19000	0.1	88	0.335998
19000	0.1	86	0.357735
19000	0.1	85	0.346007
19000	0.1	85	0.350469
19000	0.1	85	0.342738
19000	0.1	86	0.420378
19000	0.1	83	0.35426
19000	0.1	84	0.359384
19000	0.1	83	0.34421
19000	0.1	86	0.353284
19000	0.1	85	0.361882
19000	0.1	88	0.346682
19000	0.1	86	0.350949
19000	0.1	86	0.405895
19000	0.1	88	0.359667
19000	0.1	85	0.359366
19000	0.1	87	0.364638
19000	0.1	82	0.344178
19000	0.1	82	0.407515
19000	0.1	86	0.35311
19000	0.1	86	0.360574
19000	0.1	87	0.355017
19000	0.1	86	0.343371
19000	0.1	84	0.347164
19000	0.1	86	0.36955
19000	0.1	87	0.355474
19000	0.1	84	0.414138
19000	0.1	83	0.348927

20000	0.1	88	0.473537
20000	0.1	86	0.412881
20000	0.1	86	0.460249
20000	0.1	85	0.379339
20000	0.1	87	0.391545
20000	0.1	82	0.392051
20000	0.1	88	0.3867
20000	0.1	81	0.385049
20000	0.1	86	0.381716
20000	0.1	83	0.384791
20000	0.1	84	0.387471
20000	0.1	87	0.39061
20000	0.1	86	0.384014
20000	0.1	88	0.389667
20000	0.1	84	0.426424
20000	0.1	87	0.386419
20000	0.1	86	0.372155
20000	0.1	85	0.397023
20000	0.1	87	0.396972
20000	0.1	85	0.3894
20000	0.1	84	0.37516
20000	0.1	85	0.445333
20000	0.1	87	0.397048
20000	0.1	86	0.394042
20000	0.1	86	0.400606
20000	0.1	87	0.389951
20000	0.1	88	0.407746
20000	0.1	87	0.393782
20000	0.1	83	0.455966
20000	0.1	84	0.405614

21000	0.1	85	0.427045
21000	0.1	89	0.438516
21000	0.1	85	0.418156
21000	0.1	88	0.427445
21000	0.1	88	0.42812
21000	0.1	82	0.441075
21000	0.1	87	0.429508
21000	0.1	84	0.436975
21000	0.1	87	0.429085
21000	0.1	84	0.432727
21000	0.1	84	0.432064
21000	0.1	86	0.427494
21000	0.1	87	0.42881
21000	0.1	87	0.496661
21000	0.1	82	0.426846
21000	0.1	86	0.440809
21000	0.1	88	0.414504
21000	0.1	84	0.434553
21000	0.1	89	0.411458
21000	0.1	82	0.415669
21000	0.1	84	0.434016
21000	0.1	84	0.438741
21000	0.1	88	0.433965
21000	0.1	85	0.42753
21000	0.1	86	0.420885
21000	0.1	89	0.439617
21000	0.1	84	0.434714
21000	0.1	89	0.437247
21000	0.1	81	0.442782
21000	0.1	85	0.437719

22000	0.1	84	0.471403
22000	0.1	86	0.476409
22000	0.1	85	0.475752
22000	0.1	89	0.456215
22000	0.1	88	0.53173
22000	0.1	84	0.463801
22000	0.1	90	0.477306
22000	0.1	88	0.467135
22000	0.1	87	0.464736
22000	0.1	88	0.477196
22000	0.1	87	0.461114
22000	0.1	83	0.471024
22000	0.1	83	0.478501
22000	0.1	85	0.468178
22000	0.1	85	0.478063
22000	0.1	86	0.471678
22000	0.1	86	0.4795
22000	0.1	85	0.466531
22000	0.1	87	0.474831
22000	0.1	87	0.472197
22000	0.1	82	0.470945
22000	0.1	85	0.470634
22000	0.1	83	0.471173
22000	0.1	85	0.480732
22000	0.1	87	0.482278
22000	0.1	87	0.474658
22000	0.1	88	0.470664
22000	0.1	89	0.480587
22000	0.1	85	0.466118
22000	0.1	82	0.465048

23000	0.1	83	0.507857
23000	0.1	89	0.522791
23000	0.1	85	0.530125
23000	0.1	87	0.516281
23000	0.1	90	0.526504
23000	0.1	83	0.508583
23000	0.1	87	0.530895
23000	0.1	85	0.511411
23000	0.1	85	0.567458
23000	0.1	86	0.517807
23000	0.1	86	0.506618
23000	0.1	87	0.506898
23000	0.1	84	0.504136
23000	0.1	88	0.508028
23000	0.1	85	0.57807
23000	0.1	85	0.507346
23000	0.1	87	0.525201
23000	0.1	86	0.502817
23000	0.1	86	0.502635
23000	0.1	89	0.527589
23000	0.1	84	0.52311
23000	0.1	84	0.501164
23000	0.1	86	0.519545
23000	0.1	81	0.501385
23000	0.1	89	0.514995
23000	0.1	86	0.513151
23000	0.1	87	0.517463
23000	0.1	87	0.528217
23000	0.1	86	0.520928
23000	0.1	85	0.515306

24000	0.1	83	0.551313
24000	0.1	86	0.560449
24000	0.1	89	0.566173
24000	0.1	85	0.551847
24000	0.1	86	0.635645
24000	0.1	87	0.558111
24000	0.1	88	0.567896
24000	0.1	85	0.555328
24000	0.1	85	0.555853
24000	0.1	88	0.547965
24000	0.1	86	0.563679
24000	0.1	84	0.55611
24000	0.1	87	0.570721
24000	0.1	87	0.59125
24000	0.1	88	0.563601
24000	0.1	85	0.539251
24000	0.1	87	0.557678
24000	0.1	84	0.561553
24000	0.1	86	0.570218
24000	0.1	87	0.55463
24000	0.1	85	0.564435
24000	0.1	85	0.544686
24000	0.1	85	0.57158
24000	0.1	84	0.549433
24000	0.1	90	0.550188
24000	0.1	88	0.559812
24000	0.1	86	0.608394
24000	0.1	88	0.55292
24000	0.1	88	0.545672
24000	0.1	86	0.55366

25000	0.1	80	0.596439
25000	0.1	85	0.592254
25000	0.1	87	0.599471
25000	0.1	83	0.664051
25000	0.1	87	0.607688
25000	0.1	83	0.60043
25000	0.1	85	0.627575
25000	0.1	85	0.653284
25000	0.1	87	0.589422
25000	0.1	85	0.610186
25000	0.1	86	0.608851
25000	0.1	85	0.604154
25000	0.1	84	0.594509
25000	0.1	82	0.594766
25000	0.1	83	0.612201
25000	0.1	84	0.606559
25000	0.1	86	0.593849
25000	0.1	85	0.592703
25000	0.1	84	0.603562
25000	0.1	88	0.61183
25000	0.1	85	0.591276
25000	0.1	84	0.605167
25000	0.1	85	0.615097
25000	0.1	86	0.601018
25000	0.1	87	0.596793
25000	0.1	89	0.615798
25000	0.1	85	0.644828
25000	0.1	84	0.634687
25000	0.1	86	0.625697
25000	0.1	84	0.615601

26000	0.1	83	0.675828
26000	0.1	83	0.651763
26000	0.1	84	0.67341
26000	0.1	86	0.6541
26000	0.1	86	0.646452
26000	0.1	83	0.657239
26000	0.1	87	0.637144
26000	0.1	83	0.630936
26000	0.1	86	0.654433
26000	0.1	84	0.66369
26000	0.1	87	0.648639
26000	0.1	85	0.713699
26000	0.1	86	0.634688
26000	0.1	83	0.650215
26000	0.1	83	0.658361
26000	0.1	87	0.666666
26000	0.1	86	0.737421
26000	0.1	86	0.687664
26000	0.1	87	0.650189
26000	0.1	84	0.666888
26000	0.1	85	0.649099
26000	0.1	86	0.654328
26000	0.1	88	0.653922
26000	0.1	86	0.655553
26000	0.1	88	0.671157
26000	0.1	87	0.664478
26000	0.1	88	0.645127
26000	0.1	86	0.659497
26000	0.1	87	0.655182
26000	0.1	83	0.656634

27000	0.1	84	0.698512
27000	0.1	85	0.691
27000	0.1	89	0.689597
27000	0.1	89	0.706802
27000	0.1	85	0.687854
27000	0.1	80	0.734051
27000	0.1	85	0.700255
27000	0.1	86	0.694334
27000	0.1	89	0.695193
27000	0.1	84	0.71739
27000	0.1	88	0.70907
27000	0.1	84	0.705236
27000	0.1	88	0.707871
27000	0.1	86	0.698323
27000	0.1	87	0.692045
27000	0.1	90	0.707883
27000	0.1	88	0.730685
27000	0.1	88	0.705197
27000	0.1	86	0.68957
27000	0.1	83	0.70556
27000	0.1	82	0.712875
27000	0.1	86	0.711915
27000	0.1	86	0.682774
27000	0.1	85	0.676717
27000	0.1	85	0.728124
27000	0.1	88	0.691161
27000	0.1	87	0.702089
27000	0.1	84	0.688399
27000	0.1	84	0.715523
27000	0.1	84	0.698492

28000	0.1	84	0.752615
28000	0.1	87	0.733558
28000	0.1	85	0.75116
28000	0.1	84	0.760074
28000	0.1	86	0.777205
28000	0.1	83	0.756177
28000	0.1	85	0.829045
28000	0.1	87	0.759885
28000	0.1	89	0.75154
28000	0.1	84	0.73671
28000	0.1	86	0.741431
28000	0.1	84	0.809414
28000	0.1	86	0.749253
28000	0.1	85	0.810508
28000	0.1	87	0.781308
28000	0.1	87	0.747852
28000	0.1	89	0.741091
28000	0.1	90	0.751242
28000	0.1	87	0.763885
28000	0.1	85	0.731597
28000	0.1	85	0.744342
28000	0.1	88	0.742031
28000	0.1	83	0.77162
28000	0.1	85	0.742802
28000	0.1	87	0.804851
28000	0.1	91	0.736686
28000	0.1	86	0.763255
28000	0.1	86	0.774954
28000	0.1	85	0.744706
28000	0.1	86	0.754143

29000	0.1	86	0.806673
29000	0.1	85	0.816212
29000	0.1	86	0.79721
29000	0.1	86	0.811849
29000	0.1	86	0.796285
29000	0.1	84	0.811268
29000	0.1	87	0.800738
29000	0.1	85	0.864017
29000	0.1	86	0.82595
29000	0.1	83	0.804399
29000	0.1	86	0.802895
29000	0.1	84	0.823154
29000	0.1	86	0.825576
29000	0.1	85	0.818485
29000	0.1	89	0.820655
29000	0.1	87	0.806397
29000	0.1	89	0.799924
29000	0.1	86	0.835463
29000	0.1	86	0.82151
29000	0.1	86	0.814392
29000	0.1	86	0.810813
29000	0.1	84	0.817347
29000	0.1	89	0.808903
29000	0.1	87	0.805115
29000	0.1	86	0.854416
29000	0.1	90	0.806274
29000	0.1	85	0.896145
29000	0.1	87	0.792113
29000	0.1	86	0.79982
29000	0.1	85	0.849191

30000	0.1	87	0.923462
30000	0.1	87	0.857362
30000	0.1	84	0.858667
30000	0.1	86	0.857109
30000	0.1	86	0.844665
30000	0.1	84	0.859269
30000	0.1	83	0.922338
30000	0.1	82	0.868091
30000	0.1	84	0.879397
30000	0.1	85	0.848824
30000	0.1	88	0.867618
30000	0.1	85	0.856764
30000	0.1	88	0.863638
30000	0.1	88	0.83529
30000	0.1	89	0.84561
30000	0.1	84	0.859031
30000	0.1	86	0.869425
30000	0.1	88	0.844799
30000	0.1	86	0.854245
30000	0.1	84	0.865958
30000	0.1	86	0.914977
30000	0.1	83	0.868734
30000	0.1	85	0.917092
30000	0.1	88	0.858183
30000	0.1	87	0.851397
30000	0.1	89	0.856486
30000	0.1	81	0.871019
30000	0.1	86	0.859714
30000	0.1	87	0.854742
30000	0.1	89	0.887337

