1000	0.1	48	0.011065	1.100647
1000	0.1	47	0.008557	1.173920
1000	0.1	50	0.007041	1.114655
1000	0.1	56	0.006510	1.115601
1000	0.1	53	0.005896	1.121338
1000	0.1	55	0.005129	1.124481
1000	0.1	55	0.003337	1.104553
1000	0.1	53	0.003587	1.111725
1000	0.1	50	0.003363	1.112762
1000	0.1	51	0.005894	1.093475
1000	0.1	51	0.006796	1.135712
1000	0.1	53	0.003376	1.133789
1000	0.1	52	0.003403	1.129425
1000	0.1	48	0.003407	1.164124
1000	0.1	50	0.003538	1.096588
1000	0.1	53	0.003428	1.151276
1000	0.1	53	0.003368	1.128418
1000	0.1	51	0.003376	1.131439
1000	0.1	55	0.003438	1.162842
1000	0.1	51	0.003373	1.145660
1000	0.1	49	0.003596	1.111450
1000	0.1	54	0.003402	1.127686
1000	0.1	52	0.003667	1.140137
1000	0.1	52	0.003629	1.113068
1000	0.1	52	0.003454	1.150879
1000	0.1	53	0.003430	1.130005
1000	0.1	52	0.003361	1.129517
1000	0.1	52	0.003395	1.136993
1000	0.1	51	0.003386	1.145355
1000	0.1	53	0.003626	1.123932

2000	0.1	59	0.009775	3.989807
2000	0.1	57	0.009737	3.898590
2000	0.1	58	0.010350	3.900513
2000	0.1	55	0.009778	3.972687
2000	0.1	59	0.009606	3.843140
2000	0.1	55	0.009865	3.884491
2000	0.1	55	0.019869	3.888153
2000	0.1	54	0.009854	3.897552
2000	0.1	56	0.009911	3.981415
2000	0.1	56	0.009500	3.792633
2000	0.1	55	0.009618	3.884125
2000	0.1	60	0.009817	3.958588
2000	0.1	55	0.009952	3.975677
2000	0.1	55	0.009765	3.896088
2000	0.1	57	0.017011	3.899689
2000	0.1	61	0.024625	3.989685
2000	0.1	57	0.017522	3.917511
2000	0.1	57	0.009818	3.882996
2000	0.1	57	0.009616	4.038727
2000	0.1	57	0.009721	4.019165
2000	0.1	61	0.009890	4.051666
2000	0.1	61	0.009730	3.925751
2000	0.1	58	0.009661	3.900238
2000	0.1	58	0.009609	3.888794
2000	0.1	56	0.009956	3.907410
2000	0.1	54	0.009855	3.983032
2000	0.1	58	0.009731	4.028625
2000	0.1	52	0.009760	3.968048
2000	0.1	56	0.009782	3.955170
2000	0.1	56	0.009807	4.038391

3000	0.1	62	0.018144	7.922852
3000	0.1	58	0.018111	7.693420
3000	0.1	61	0.018281	7.915466
3000	0.1	60	0.017839	7.867676
3000	0.1	58	0.017892	7.870239
3000	0.1	57	0.033257	7.813019
3000	0.1	58	0.018216	7.797638
3000	0.1	57	0.018490	8.006622
3000	0.1	57	0.017583	7.694977
3000	0.1	58	0.017728	8.017822
3000	0.1	59	0.018207	7.980591
3000	0.1	57	0.018287	8.072510
3000	0.1	55	0.017810	7.970184
3000	0.1	61	0.018030	7.850708
3000	0.1	56	0.018097	7.877045
3000	0.1	60	0.018305	7.981140
3000	0.1	57	0.018119	7.937195
3000	0.1	58	0.018128	7.840332
3000	0.1	56	0.017971	7.848206
3000	0.1	63	0.018243	7.964691
3000	0.1	57	0.018114	7.926697
3000	0.1	56	0.018047	7.905518
3000	0.1	61	0.018116	7.929626
3000	0.1	58	0.018179	7.990112
3000	0.1	59	0.018051	7.915009
3000	0.1	59	0.018247	8.038910
3000	0.1	60	0.022254	7.579895
3000	0.1	58	0.053296	7.713501
3000	0.1	60	0.027141	7.996857
3000	0.1	57	0.018406	8.115753

4000	0.1	58	0.027967	12.440063
4000	0.1	62	0.028190	12.568512
4000	0.1	62	0.028133	12.459869
4000	0.1	57	0.027971	12.578308
4000	0.1	59	0.027737	12.454590
4000	0.1	62	0.027793	12.506622
4000	0.1	60	0.027976	12.834106
4000	0.1	64	0.049324	12.578552
4000	0.1	61	0.028109	12.403961
4000	0.1	60	0.027361	12.384705
4000	0.1	58	0.027998	12.447845
4000	0.1	61	0.028336	12.760956
4000	0.1	58	0.027728	12.441406
4000	0.1	58	0.028411	12.722931
4000	0.1	61	0.027989	12.593933
4000	0.1	61	0.028104	12.471649
4000	0.1	61	0.027736	12.387573
4000	0.1	60	0.027354	12.225677
4000	0.1	59	0.027701	12.379395
4000	0.1	62	0.028120	12.387268
4000	0.1	62	0.028134	12.568512
4000	0.1	60	0.027978	12.495575
4000	0.1	58	0.029737	12.840057
4000	0.1	63	0.028334	12.506317
4000	0.1	58	0.028077	12.598511
4000	0.1	60	0.027968	12.433380
4000	0.1	62	0.027712	12.318298
4000	0.1	56	0.027425	12.463989
4000	0.1	61	0.027492	12.410248
4000	0.1	63	0.028219	12.539886

5000	0.1	63	0.038742	17.620209
5000	0.1	60	0.038661	17.602539
5000	0.1	61	0.095939	17.678040
5000	0.1	63	0.047529	17.775452
5000	0.1	61	0.038922	17.648376
5000	0.1	62	0.039039	17.739807
5000	0.1	66	0.038995	17.724731
5000	0.1	59	0.038719	17.498535
5000	0.1	59	0.038326	17.366547
5000	0.1	66	0.039239	17.718201
5000	0.1	63	0.040573	17.877869
5000	0.1	57	0.038980	17.935181
5000	0.1	61	0.038946	17.437256
5000	0.1	61	0.039114	17.572205
5000	0.1	59	0.039040	17.524506
5000	0.1	61	0.039246	17.768951
5000	0.1	60	0.038551	17.690613
5000	0.1	63	0.039177	17.912842
5000	0.1	62	0.038554	17.585754
5000	0.1	62	0.039276	17.988190
5000	0.1	64	0.038629	17.248108
5000	0.1	62	0.038945	17.686707
5000	0.1	61	0.039765	17.859894
5000	0.1	57	0.039405	17.855988
5000	0.1	59	0.038370	17.281433
5000	0.1	58	0.039736	18.122314
5000	0.1	64	0.039317	17.763214
5000	0.1	63	0.038689	17.780640
5000	0.1	63	0.039136	17.662872
5000	0.1	57	0.039022	17.350555

6000	0.1	62	0.116197	23.345337
6000	0.1	62	0.051820	23.467957
6000	0.1	64	0.051361	23.395081
6000	0.1	63	0.051867	23.527527
6000	0.1	59	0.051651	23.339600
6000	0.1	63	0.053208	22.944611
6000	0.1	63	0.051005	22.850372
6000	0.1	63	0.051040	23.111572
6000	0.1	60	0.052916	23.340942
6000	0.1	61	0.051635	23.551025
6000	0.1	61	0.051567	23.338806
6000	0.1	61	0.050351	22.936523
6000	0.1	63	0.051032	22.659821
6000	0.1	61	0.050649	22.865845
6000	0.1	62	0.051124	22.972198
6000	0.1	63	0.050378	22.633362
6000	0.1	61	0.051926	23.776123
6000	0.1	62	0.051233	23.373749
6000	0.1	63	0.051910	22.973328
6000	0.1	61	0.051062	23.028290
6000	0.1	60	0.049958	22.575928
6000	0.1	61	0.050611	22.832703
6000	0.1	61	0.051797	22.966827
6000	0.1	64	0.051240	23.131226
6000	0.1	64	0.051937	23.474457
6000	0.1	66	0.050932	22.971802
6000	0.1	63	0.050790	22.932190
6000	0.1	62	0.049935	22.541748
6000	0.1	66	0.051163	22.675018
6000	0.1	62	0.051189	23.168671

7000	0.1	60	0.076377	28.890564
7000	0.1	62	0.064110	28.295807
7000	0.1	64	0.063333	28.093750
7000	0.1	63	0.063375	28.398132
7000	0.1	58	0.066043	28.287811
7000	0.1	65	0.063797	28.698029
7000	0.1	61	0.064678	29.135284
7000	0.1	61	0.066661	29.733887
7000	0.1	61	0.063152	28.140167
7000	0.1	63	0.064632	28.552521
7000	0.1	60	0.063607	28.340546
7000	0.1	65	0.063569	28.302704
7000	0.1	65	0.064240	29.041504
7000	0.1	60	0.062960	28.280243
7000	0.1	65	0.081319	28.582977
7000	0.1	61	0.063428	28.106934
7000	0.1	62	0.063686	28.958679
7000	0.1	61	0.064294	28.478546
7000	0.1	61	0.064523	28.824371
7000	0.1	63	0.063238	28.301331
7000	0.1	65	0.065509	29.285248
7000	0.1	63	0.064252	28.819946
7000	0.1	63	0.062724	28.167664
7000	0.1	60	0.064473	28.464111
7000	0.1	64	0.063971	28.041168
7000	0.1	63	0.063980	28.646820
7000	0.1	63	0.064340	28.821136
7000	0.1	61	0.065208	29.096191
7000	0.1	57	0.063782	28.576447
7000	0.1	61	0.063625	28.818970

8000	0.1	61	0.077952	34.336700
8000	0.1	65	0.076687	34.209503
8000	0.1	65	0.077630	33.981323
8000	0.1	60	0.076318	34.006989
8000	0.1	59	0.075915	33.502228
8000	0.1	64	0.078276	33.769073
8000	0.1	62	0.079245	34.639709
8000	0.1	66	0.076459	33.829193
8000	0.1	60	0.076505	34.117310
8000	0.1	63	0.077706	34.369781
8000	0.1	65	0.077537	33.879913
8000	0.1	61	0.077790	33.754791
8000	0.1	63	0.079753	34.765411
8000	0.1	63	0.078671	34.112701
8000	0.1	62	0.076689	33.603882
8000	0.1	61	0.078231	34.440430
8000	0.1	65	0.076397	33.875397
8000	0.1	63	0.076686	34.233276
8000	0.1	63	0.076288	33.940308
8000	0.1	61	0.077606	34.476959
8000	0.1	61	0.075771	33.076904
8000	0.1	64	0.075637	33.569366
8000	0.1	59	0.076524	34.122589
8000	0.1	58	0.076912	33.793823
8000	0.1	64	0.077379	34.007904
8000	0.1	64	0.076910	34.368103
8000	0.1	62	0.076171	33.509491
8000	0.1	63	0.077836	34.679840
8000	0.1	63	0.076342	34.088379
8000	0.1	63	0.080138	34.288239

9000	0.1	66	0.088786	38.323151
9000	0.1	64	0.088807	38.862854
9000	0.1	65	0.089984	39.070587
9000	0.1	65	0.091903	39.953644
9000	0.1	63	0.090156	39.156860
9000	0.1	62	0.090302	39.122864
9000	0.1	68	0.093984	39.774445
9000	0.1	61	0.089618	39.127563
9000	0.1	60	0.089977	39.640808
9000	0.1	66	0.089177	38.791626
9000	0.1	64	0.089845	39.107300
9000	0.1	63	0.158678	39.622101
9000	0.1	62	0.090711	39.638885
9000	0.1	60	0.090074	39.437439
9000	0.1	60	0.089494	39.115509
9000	0.1	65	0.091922	39.560425
9000	0.1	61	0.157984	39.748718
9000	0.1	63	0.090214	39.346771
9000	0.1	67	0.090938	39.563446
9000	0.1	60	0.090955	40.219025
9000	0.1	61	0.101591	38.844360
9000	0.1	61	0.091209	39.837250
9000	0.1	61	0.093527	39.853455
9000	0.1	64	0.089017	38.914246
9000	0.1	63	0.102582	40.231812
9000	0.1	64	0.091155	39.750732
9000	0.1	61	0.090345	39.826538
9000	0.1	63	0.089950	39.262665
9000	0.1	63	0.090632	39.250793
9000	0.1	66	0.091238	40.142151

10000	0.1	63	0.156291	44.635498
10000	0.1	63	0.104683	44.737854
10000	0.1	64	0.103252	44.292328
10000	0.1	60	0.103135	44.146057
10000	0.1	63	0.173678	45.521698
10000	0.1	63	0.104692	44.301361
10000	0.1	66	0.104820	43.743530
10000	0.1	62	0.105790	44.846100
10000	0.1	63	0.103815	44.398346
10000	0.1	62	0.103565	44.441681
10000	0.1	63	0.125669	44.684875
10000	0.1	68	0.105238	44.932251
10000	0.1	64	0.103577	44.077362
10000	0.1	61	0.102918	43.590118
10000	0.1	64	0.125063	44.008759
10000	0.1	63	0.105309	45.075531
10000	0.1	65	0.105202	44.364777
10000	0.1	66	0.105274	45.344727
10000	0.1	60	0.104217	44.384979
10000	0.1	65	0.105273	44.833191
10000	0.1	62	0.105564	45.621552
10000	0.1	63	0.106497	45.824615
10000	0.1	67	0.105329	45.177460
10000	0.1	62	0.125428	44.345856
10000	0.1	60	0.103732	44.263855
10000	0.1	65	0.104093	44.818726
10000	0.1	64	0.104350	44.640045
10000	0.1	62	0.104371	44.626587
10000	0.1	64	0.101561	43.554688
10000	0.1	64	0.116006	44.642120

11000	0.1	65	0.116646	49.185822
11000	0.1	64	0.119251	50.366852
11000	0.1	66	0.116179	49.343994
11000	0.1	66	0.118487	49.777802
11000	0.1	63	0.117620	49.940247
11000	0.1	61	0.135315	50.376923
11000	0.1	64	0.117803	50.222534
11000	0.1	64	0.119190	49.520569
11000	0.1	64	0.117722	49.368286
11000	0.1	60	0.118787	50.257843
11000	0.1	61	0.117084	49.979431
11000	0.1	62	0.117860	49.902985
11000	0.1	65	0.140803	50.307159
11000	0.1	63	0.117799	49.959473
11000	0.1	63	0.117290	49.804810
11000	0.1	64	0.118458	49.505524
11000	0.1	62	0.120216	50.037720
11000	0.1	63	0.144790	49.761047
11000	0.1	62	0.116999	49.501038
11000	0.1	62	0.183826	49.892761
11000	0.1	63	0.118086	50.085083
11000	0.1	62	0.118894	50.248230
11000	0.1	62	0.117897	49.231293
11000	0.1	66	0.130965	50.290558
11000	0.1	62	0.118677	49.681366
11000	0.1	65	0.116528	49.330170
11000	0.1	65	0.145005	50.458160
11000	0.1	64	0.117624	49.386261
11000	0.1	63	0.117474	49.547729
11000	0.1	63	0.118941	50.074738

12000	0.1	64	0.156834	53.989197
12000	0.1	63	0.132003	54.522308
12000	0.1	62	0.132690	54.701416
12000	0.1	62	0.202694	54.544617
12000	0.1	63	0.142826	54.054260
12000	0.1	62	0.131281	54.336548
12000	0.1	63	0.165948	55.658508
12000	0.1	65	0.196029	54.946716
12000	0.1	64	0.132785	55.291534
12000	0.1	63	0.131094	54.688171
12000	0.1	61	0.134906	54.925476
12000	0.1	63	0.198143	56.169708
12000	0.1	67	0.130782	53.987457
12000	0.1	63	0.134158	54.343872
12000	0.1	66	0.131536	53.746002
12000	0.1	66	0.153169	55.063782
12000	0.1	63	0.130378	54.642395
12000	0.1	65	0.130308	53.622986
12000	0.1	64	0.130507	54.203217
12000	0.1	67	0.131890	55.373169
12000	0.1	64	0.131057	55.100830
12000	0.1	63	0.131859	55.186646
12000	0.1	61	0.130058	54.079254
12000	0.1	64	0.130882	55.231384
12000	0.1	65	0.130220	53.964691
12000	0.1	65	0.131499	54.093567
12000	0.1	64	0.198005	54.223938
12000	0.1	65	0.131393	54.373230
12000	0.1	61	0.131054	53.707001
12000	0.1	61	0.131912	54.464508

13000	0.1	67	0.170067	58.280396
13000	0.1	65	0.142033	57.551971
13000	0.1	63	0.145933	59.761230
13000	0.1	62	0.178142	59.909668
13000	0.1	65	0.144182	58.758392
13000	0.1	65	0.144164	58.051544
13000	0.1	66	0.150019	59.766815
13000	0.1	68	0.145426	60.466187
13000	0.1	60	0.143870	58.928528
13000	0.1	63	0.159117	60.434296
13000	0.1	65	0.195524	59.580994
13000	0.1	61	0.142588	58.109314
13000	0.1	64	0.179864	59.859711
13000	0.1	60	0.143850	58.578461
13000	0.1	64	0.146864	59.798340
13000	0.1	66	0.146045	59.311737
13000	0.1	63	0.171377	59.296143
13000	0.1	64	0.144141	58.996460
13000	0.1	63	0.145054	59.286102
13000	0.1	63	0.145911	59.275299
13000	0.1	63	0.171607	59.739380
13000	0.1	64	0.145351	59.856689
13000	0.1	65	0.145127	58.783813
13000	0.1	63	0.143609	58.494110
13000	0.1	64	0.145246	59.264435
13000	0.1	65	0.179314	59.821564
13000	0.1	65	0.185501	60.594330
13000	0.1	64	0.143688	58.564240
13000	0.1	64	0.145561	59.058746
13000	0.1	63	0.211040	58.871399

14000	0.1	66	0.191156	64.235443
14000	0.1	61	0.184960	63.514648
14000	0.1	65	0.159689	64.419250
14000	0.1	68	0.157970	64.129944
14000	0.1	65	0.159301	64.540466
14000	0.1	61	0.158244	63.629059
14000	0.1	65	0.156212	63.076660
14000	0.1	62	0.227145	65.276245
14000	0.1	62	0.160045	63.874969
14000	0.1	62	0.158234	63.945404
14000	0.1	63	0.157401	62.658844
14000	0.1	63	0.158035	63.587128
14000	0.1	63	0.227060	64.445953
14000	0.1	64	0.158668	63.462219
14000	0.1	68	0.158936	64.205505
14000	0.1	62	0.155932	62.932983
14000	0.1	65	0.221122	64.030823
14000	0.1	66	0.159581	64.011292
14000	0.1	62	0.191510	64.239258
14000	0.1	62	0.161573	65.315521
14000	0.1	63	0.160320	64.831573
14000	0.1	65	0.156712	62.969482
14000	0.1	64	0.161148	64.255768
14000	0.1	69	0.158500	63.842926
14000	0.1	64	0.226934	65.455261
14000	0.1	67	0.160003	64.259796
14000	0.1	61	0.160179	64.023773
14000	0.1	64	0.157474	62.941986
14000	0.1	64	0.160051	64.587311
14000	0.1	61	0.159549	64.745575

15000	0.1	61	0.171793	68.104309
15000	0.1	66	0.202224	68.268616
15000	0.1	65	0.171788	68.055481
15000	0.1	62	0.173637	69.767639
15000	0.1	65	0.175123	68.493469
15000	0.1	63	0.176285	68.489197
15000	0.1	64	0.172614	68.160004
15000	0.1	61	0.171979	67.839081
15000	0.1	65	0.212525	68.594727
15000	0.1	61	0.230912	68.432587
15000	0.1	67	0.173852	69.273956
15000	0.1	64	0.172031	68.883423
15000	0.1	66	0.216430	68.640564
15000	0.1	62	0.210501	67.768372
15000	0.1	66	0.239562	68.032745
15000	0.1	63	0.172883	68.309082
15000	0.1	61	0.239777	68.415131
15000	0.1	67	0.171566	68.574036
15000	0.1	65	0.204204	68.865143
15000	0.1	66	0.172602	69.010559
15000	0.1	67	0.171088	68.328308
15000	0.1	63	0.239649	68.770599
15000	0.1	63	0.173604	69.148041
15000	0.1	62	0.172618	68.367554
15000	0.1	66	0.176911	69.002136
15000	0.1	68	0.171665	67.565643
15000	0.1	64	0.174924	68.734283
15000	0.1	62	0.209875	69.062988
15000	0.1	66	0.231044	68.867401
15000	0.1	64	0.174398	69.070923

16000	0.1	65	0.256665	74.490662
16000	0.1	63	0.207984	72.589813
16000	0.1	67	0.185064	72.051025
16000	0.1	66	0.186944	73.430420
16000	0.1	65	0.188207	72.180634
16000	0.1	63	0.185007	71.744598
16000	0.1	64	0.186232	72.497803
16000	0.1	62	0.186011	73.011475
16000	0.1	64	0.184037	71.519836
16000	0.1	63	0.217195	71.963135
16000	0.1	65	0.232792	72.921753
16000	0.1	63	0.252853	72.198944
16000	0.1	61	0.228628	73.741394
16000	0.1	62	0.225596	73.519104
16000	0.1	67	0.220621	73.344208
16000	0.1	62	0.186855	73.629272
16000	0.1	65	0.187860	74.284302
16000	0.1	66	0.188025	73.009949
16000	0.1	63	0.190967	72.525116
16000	0.1	65	0.185734	72.422211
16000	0.1	66	0.190629	73.060730
16000	0.1	63	0.227877	74.246735
16000	0.1	62	0.184882	72.396790
16000	0.1	66	0.188734	73.784790
16000	0.1	63	0.187645	73.437500
16000	0.1	64	0.186991	72.575623
16000	0.1	62	0.191557	73.179993
16000	0.1	64	0.187372	73.769379
16000	0.1	67	0.226726	72.804321
16000	0.1	66	0.218560	72.109039

17000	0.1	62	0.267412	77.111115
17000	0.1	61	0.200773	77.065155
17000	0.1	63	0.198676	76.494293
17000	0.1	65	0.202615	77.470215
17000	0.1	64	0.239352	76.583710
17000	0.1	62	0.200122	76.683380
17000	0.1	60	0.199681	76.728149
17000	0.1	64	0.266784	76.892517
17000	0.1	63	0.202962	78.221558
17000	0.1	66	0.227756	77.594177
17000	0.1	66	0.268372	77.445099
17000	0.1	63	0.200780	77.270844
17000	0.1	62	0.203219	77.634705
17000	0.1	67	0.238167	76.630493
17000	0.1	62	0.199910	76.602112
17000	0.1	68	0.200852	77.742767
17000	0.1	64	0.202107	77.769287
17000	0.1	63	0.201427	77.440765
17000	0.1	64	0.199614	75.956665
17000	0.1	65	0.198172	76.026367
17000	0.1	61	0.199557	76.667816
17000	0.1	65	0.199389	76.035919
17000	0.1	66	0.267239	77.639954
17000	0.1	59	0.235047	78.317078
17000	0.1	63	0.201606	77.213715
17000	0.1	65	0.271271	77.465179
17000	0.1	62	0.247570	78.593506
17000	0.1	62	0.203609	77.285065
17000	0.1	63	0.256848	75.758484
17000	0.1	64	0.271683	77.034088

18000	0.1	65	0.254591	81.339935
18000	0.1	64	0.215061	81.475708
18000	0.1	64	0.214709	81.758820
18000	0.1	62	0.216302	81.466766
18000	0.1	66	0.215240	81.121765
18000	0.1	63	0.244534	80.136536
18000	0.1	63	0.215045	80.922729
18000	0.1	63	0.215243	81.734039
18000	0.1	62	0.214826	81.073395
18000	0.1	64	0.279273	80.328186
18000	0.1	65	0.215610	81.314148
18000	0.1	65	0.254114	81.834900
18000	0.1	66	0.218526	82.769196
18000	0.1	61	0.222758	82.082214
18000	0.1	67	0.215950	81.178284
18000	0.1	64	0.213993	80.630554
18000	0.1	64	0.216145	81.842560
18000	0.1	64	0.216073	81.974884
18000	0.1	65	0.249516	82.361816
18000	0.1	66	0.214152	80.859070
18000	0.1	63	0.219615	81.667572
18000	0.1	67	0.212149	80.488464
18000	0.1	65	0.290657	79.621338
18000	0.1	65	0.240274	81.805664
18000	0.1	66	0.220054	81.293152
18000	0.1	63	0.215309	81.318756
18000	0.1	63	0.215380	80.922546
18000	0.1	62	0.236912	80.485321
18000	0.1	65	0.215585	81.081696
18000	0.1	64	0.215724	82.171448

19000	0.1	64	0.228601	85.837646
19000	0.1	67	0.229333	85.224030
19000	0.1	63	0.233841	86.326019
19000	0.1	64	0.296540	85.536041
19000	0.1	63	0.229975	86.420715
19000	0.1	64	0.249938	85.288177
19000	0.1	65	0.244898	85.009003
19000	0.1	66	0.226658	84.025299
19000	0.1	64	0.228020	85.303009
19000	0.1	64	0.228826	85.338135
19000	0.1	67	0.228816	86.110718
19000	0.1	60	0.296944	85.556305
19000	0.1	67	0.294717	84.959839
19000	0.1	65	0.228928	85.105072
19000	0.1	63	0.230494	85.379272
19000	0.1	67	0.230874	85.787415
19000	0.1	67	0.236921	86.919037
19000	0.1	63	0.267264	85.011139
19000	0.1	69	0.225998	83.640472
19000	0.1	65	0.285766	83.684265
19000	0.1	64	0.238632	86.346832
19000	0.1	66	0.231891	85.281128
19000	0.1	61	0.230982	85.755249
19000	0.1	62	0.227908	85.642853
19000	0.1	66	0.227066	84.052704
19000	0.1	65	0.238070	84.499390
19000	0.1	66	0.292791	84.540833
19000	0.1	67	0.244763	85.389648
19000	0.1	62	0.227286	85.396545
19000	0.1	64	0.289368	86.111633

20000	0.1	66	0.281863	89.604767
20000	0.1	63	0.256194	88.806030
20000	0.1	66	0.274257	88.928406
20000	0.1	63	0.247554	91.545349
20000	0.1	66	0.241797	88.770020
20000	0.1	67	0.246109	90.197571
20000	0.1	64	0.240563	88.610046
20000	0.1	66	0.306356	88.542114
20000	0.1	63	0.244377	90.844879
20000	0.1	63	0.256763	87.983765
20000	0.1	66	0.243640	90.150085
20000	0.1	62	0.244649	90.437775
20000	0.1	64	0.313022	90.468750
20000	0.1	65	0.273585	90.847839
20000	0.1	65	0.243370	90.757690
20000	0.1	63	0.242752	89.073303
20000	0.1	64	0.243666	90.110535
20000	0.1	67	0.244244	89.147339
20000	0.1	64	0.241733	89.592102
20000	0.1	63	0.267895	88.242096
20000	0.1	64	0.305853	88.599976
20000	0.1	66	0.241418	89.221008
20000	0.1	65	0.247811	88.802216
20000	0.1	61	0.275390	89.377747
20000	0.1	65	0.309986	90.321564
20000	0.1	61	0.291557	89.482849
20000	0.1	65	0.243911	89.224091
20000	0.1	65	0.243884	89.177399
20000	0.1	66	0.244254	89.876434
20000	0.1	63	0.311389	89.601746

21000	0.1	64	0.257171	94.326111
21000	0.1	64	0.258632	92.790955
21000	0.1	64	0.258060	94.097076
21000	0.1	65	0.265335	93.976379
21000	0.1	66	0.293731	92.397888
21000	0.1	63	0.259571	93.822815
21000	0.1	67	0.294569	92.974060
21000	0.1	65	0.256744	93.366211
21000	0.1	63	0.257458	94.006317
21000	0.1	65	0.268764	92.472198
21000	0.1	67	0.257605	94.054138
21000	0.1	65	0.257326	93.953613
21000	0.1	67	0.254861	92.422424
21000	0.1	64	0.260903	95.042389
21000	0.1	63	0.256963	93.167480
21000	0.1	61	0.323846	93.800720
21000	0.1	65	0.291718	94.752258
21000	0.1	64	0.257701	94.512817
21000	0.1	65	0.257859	92.989380
21000	0.1	64	0.255752	92.905914
21000	0.1	65	0.300058	93.354614
21000	0.1	66	0.254473	92.014313
21000	0.1	66	0.259807	92.615295
21000	0.1	62	0.258135	93.420319
21000	0.1	63	0.259533	92.653717
21000	0.1	64	0.258648	93.395081
21000	0.1	66	0.265816	92.215057
21000	0.1	65	0.254871	92.147369
21000	0.1	62	0.297068	91.973755
21000	0.1	65	0.256519	94.012695

22000	0.1	67	0.272481	97.674896
22000	0.1	65	0.276459	97.720123
22000	0.1	65	0.340296	97.659332
22000	0.1	64	0.326455	97.659607
22000	0.1	66	0.269730	96.249237
22000	0.1	65	0.271338	97.740845
22000	0.1	65	0.270622	97.036407
22000	0.1	65	0.275377	98.537079
22000	0.1	62	0.331548	96.469604
22000	0.1	64	0.343802	97.879089
22000	0.1	66	0.284731	98.762054
22000	0.1	64	0.279681	97.931671
22000	0.1	67	0.329770	96.034302
22000	0.1	68	0.273192	97.215912
22000	0.1	61	0.272711	98.564636
22000	0.1	64	0.309689	97.023621
22000	0.1	65	0.270739	96.785278
22000	0.1	63	0.269240	95.495514
22000	0.1	66	0.334795	96.265869
22000	0.1	67	0.273726	98.005310
22000	0.1	66	0.313570	98.744751
22000	0.1	64	0.315814	97.609741
22000	0.1	65	0.338165	97.203186
22000	0.1	66	0.309998	96.918030
22000	0.1	64	0.339759	97.298492
22000	0.1	64	0.278565	95.335327
22000	0.1	61	0.340080	98.162720
22000	0.1	64	0.270910	96.081696
22000	0.1	62	0.311541	97.808228
22000	0.1	65	0.337953	96.955872

23000	0.1	64	0.287095	100.125031
23000	0.1	66	0.293423	99.118073
23000	0.1	63	0.323285	100.171692
23000	0.1	65	0.323000	99.603912
23000	0.1	64	0.287480	100.779266
23000	0.1	66	0.332498	101.485870
23000	0.1	66	0.355967	99.792084
23000	0.1	64	0.286444	101.327484
23000	0.1	64	0.283206	99.330200
23000	0.1	64	0.325003	100.818268
23000	0.1	65	0.312777	99.999054
23000	0.1	65	0.289705	101.686157
23000	0.1	66	0.348184	99.526581
23000	0.1	68	0.289183	102.259521
23000	0.1	65	0.323314	100.649719
23000	0.1	64	0.284126	99.102539
23000	0.1	66	0.286233	100.099731
23000	0.1	63	0.283512	99.577759
23000	0.1	62	0.357190	102.667023
23000	0.1	63	0.329032	101.773132
23000	0.1	66	0.285443	101.082367
23000	0.1	65	0.326508	102.010071
23000	0.1	63	0.289555	100.112396
23000	0.1	64	0.286741	100.820831
23000	0.1	62	0.298322	101.796906
23000	0.1	66	0.356488	100.422211
23000	0.1	64	0.287687	101.077179
23000	0.1	65	0.285246	101.319458
23000	0.1	63	0.286285	101.050812
23000	0.1	65	0.364079	100.878815

24000	0.1	65	0.299215	103.397125
24000	0.1	62	0.369315	105.388153
24000	0.1	64	0.302067	105.495850
24000	0.1	67	0.300625	104.129791
24000	0.1	64	0.298041	103.811829
24000	0.1	64	0.299208	104.169312
24000	0.1	64	0.335265	104.954376
24000	0.1	65	0.303648	105.096039
24000	0.1	68	0.301685	103.848907
24000	0.1	68	0.303520	105.323181
24000	0.1	65	0.368766	105.059448
24000	0.1	67	0.298180	103.496338
24000	0.1	63	0.368637	104.353088
24000	0.1	67	0.369641	105.637360
24000	0.1	62	0.301756	103.887787
24000	0.1	65	0.337483	103.663116
24000	0.1	68	0.323392	105.133820
24000	0.1	65	0.297798	103.324890
24000	0.1	63	0.300242	103.584625
24000	0.1	68	0.302913	104.780365
24000	0.1	65	0.368158	104.276215
24000	0.1	62	0.302240	104.278503
24000	0.1	67	0.301517	105.448822
24000	0.1	69	0.346159	103.717926
24000	0.1	64	0.300949	103.937225
24000	0.1	64	0.297672	103.203400
24000	0.1	67	0.311225	104.449341
24000	0.1	64	0.301340	105.017059
24000	0.1	68	0.301021	104.386658
24000	0.1	65	0.300018	104.905823

25000	0.1	64	0.314391	108.186676
25000	0.1	67	0.386869	107.639343
25000	0.1	62	0.315933	108.851868
25000	0.1	64	0.383802	109.010681
25000	0.1	68	0.323341	110.077087
25000	0.1	67	0.316150	107.777130
25000	0.1	67	0.379078	107.179810
25000	0.1	67	0.355466	108.129791
25000	0.1	66	0.315685	108.813873
25000	0.1	66	0.320388	110.803864
25000	0.1	64	0.385025	108.047302
25000	0.1	64	0.315142	108.598511
25000	0.1	65	0.315614	107.416626
25000	0.1	66	0.367861	109.808472
25000	0.1	65	0.384988	107.900696
25000	0.1	65	0.354448	107.074036
25000	0.1	66	0.317238	109.104187
25000	0.1	61	0.384015	108.942352
25000	0.1	66	0.350275	106.381592
25000	0.1	64	0.327635	108.053558
25000	0.1	64	0.315063	107.195282
25000	0.1	66	0.359897	107.910034
25000	0.1	64	0.379713	106.334198
25000	0.1	66	0.350952	109.602661
25000	0.1	63	0.314341	108.100739
25000	0.1	66	0.363580	110.091827
25000	0.1	65	0.314823	108.116211
25000	0.1	62	0.314149	107.827820
25000	0.1	66	0.314419	108.164001
25000	0.1	66	0.340175	109.311218

26000	0.1	61	0.396306	110.841522
26000	0.1	63	0.395513	111.518188
26000	0.1	65	0.331301	111.740387
26000	0.1	64	0.324893	109.978027
26000	0.1	63	0.329021	110.883301
26000	0.1	68	0.333277	112.159790
26000	0.1	63	0.377192	113.222687
26000	0.1	66	0.329767	111.770416
26000	0.1	65	0.332875	112.066406
26000	0.1	63	0.329031	110.796173
26000	0.1	64	0.327207	110.592804
26000	0.1	65	0.398374	111.600098
26000	0.1	65	0.329510	111.848724
26000	0.1	65	0.398756	111.322021
26000	0.1	65	0.335760	111.353210
26000	0.1	62	0.357972	112.343140
26000	0.1	61	0.336606	112.898743
26000	0.1	64	0.400579	110.965851
26000	0.1	61	0.373408	110.031677
26000	0.1	66	0.338200	111.325317
26000	0.1	66	0.326905	110.457031
26000	0.1	67	0.329185	111.667206
26000	0.1	69	0.407557	114.267639
26000	0.1	65	0.402432	110.485077
26000	0.1	65	0.327900	110.972382
26000	0.1	62	0.333160	111.985596
26000	0.1	65	0.330164	111.312592
26000	0.1	65	0.329953	111.835846
26000	0.1	64	0.375835	110.033600
26000	0.1	64	0.326353	110.284119

27000	0.1	65	0.345357	115.368500
27000	0.1	67	0.347513	114.657806
27000	0.1	63	0.418921	115.567352
27000	0.1	62	0.345405	116.497681
27000	0.1	69	0.343264	114.653961
27000	0.1	63	0.351096	114.232117
27000	0.1	62	0.408776	115.421112
27000	0.1	68	0.343290	114.861725
27000	0.1	67	0.411901	115.935852
27000	0.1	64	0.344966	114.612701
27000	0.1	65	0.347869	116.402893
27000	0.1	66	0.342066	114.538635
27000	0.1	64	0.346716	115.184540
27000	0.1	65	0.406713	114.421783
27000	0.1	67	0.413631	115.955811
27000	0.1	65	0.344691	115.108978
27000	0.1	69	0.417436	114.808197
27000	0.1	63	0.343865	114.160614
27000	0.1	64	0.384006	116.314636
27000	0.1	64	0.344427	113.195648
27000	0.1	63	0.346041	114.330322
27000	0.1	66	0.409612	114.529114
27000	0.1	62	0.350220	113.546478
27000	0.1	65	0.346715	116.497864
27000	0.1	63	0.344130	115.664124
27000	0.1	65	0.380730	114.944122
27000	0.1	65	0.417464	117.039246
27000	0.1	64	0.344713	115.373322
27000	0.1	63	0.410985	114.832764
27000	0.1	64	0.347271	115.518097

28000	0.1	65	0.360982	118.774384
28000	0.1	67	0.361555	119.092896
28000	0.1	64	0.361290	119.480255
28000	0.1	65	0.359626	118.564514
28000	0.1	64	0.363178	118.429840
28000	0.1	63	0.426896	118.284576
28000	0.1	64	0.401921	119.810150
28000	0.1	66	0.359110	118.324524
28000	0.1	63	0.357998	117.265656
28000	0.1	66	0.362965	117.962616
28000	0.1	65	0.367117	119.918060
28000	0.1	62	0.359239	118.448120
28000	0.1	64	0.383804	116.975037
28000	0.1	65	0.357183	117.750153
28000	0.1	62	0.410573	118.622406
28000	0.1	69	0.404028	117.076813
28000	0.1	65	0.404612	117.618164
28000	0.1	64	0.364034	118.719116
28000	0.1	65	0.373653	119.698029
28000	0.1	64	0.360847	118.555389
28000	0.1	66	0.364336	120.391479
28000	0.1	68	0.383643	116.320709
28000	0.1	67	0.400951	118.955872
28000	0.1	67	0.360093	118.009949
28000	0.1	67	0.360069	119.302582
28000	0.1	62	0.436672	119.230530
28000	0.1	62	0.361410	120.330688
28000	0.1	64	0.360852	117.433380
28000	0.1	66	0.357804	117.701050
28000	0.1	63	0.358852	117.404724

29000	0.1	65	0.420806	122.302856
29000	0.1	67	0.374736	121.704803
29000	0.1	66	0.374586	122.132751
29000	0.1	63	0.380331	123.584503
29000	0.1	68	0.374840	122.461426
29000	0.1	62	0.376475	122.020630
29000	0.1	65	0.375296	120.241425
29000	0.1	66	0.374628	121.757355
29000	0.1	66	0.448824	122.383179
29000	0.1	66	0.406747	123.401825
29000	0.1	65	0.422730	123.795898
29000	0.1	68	0.371288	120.462463
29000	0.1	63	0.381904	123.319458
29000	0.1	67	0.375836	122.181427
29000	0.1	60	0.443974	122.746124
29000	0.1	62	0.373772	122.036865
29000	0.1	63	0.379087	121.107788
29000	0.1	64	0.374115	121.510315
29000	0.1	64	0.383652	122.431580
29000	0.1	63	0.421424	121.910858
29000	0.1	63	0.442675	121.713379
29000	0.1	67	0.395240	120.791931
29000	0.1	65	0.378771	122.765717
29000	0.1	66	0.372885	120.967896
29000	0.1	65	0.414602	121.649078
29000	0.1	64	0.406612	122.957184
29000	0.1	65	0.442995	122.285736
29000	0.1	69	0.380766	121.123413
29000	0.1	64	0.420578	121.416016
29000	0.1	63	0.389633	121.263245

30000	0.1	66	0.390869	126.121552
30000	0.1	63	0.417697	125.943054
30000	0.1	66	0.392999	126.206207
30000	0.1	64	0.439870	125.492157
30000	0.1	66	0.388912	125.092804
30000	0.1	67	0.404766	126.098846
30000	0.1	65	0.454964	122.773041
30000	0.1	63	0.390173	124.807983
30000	0.1	61	0.434771	125.025696
30000	0.1	64	0.444735	127.286957
30000	0.1	66	0.456815	124.906067
30000	0.1	64	0.406104	124.987854
30000	0.1	67	0.457083	125.391022
30000	0.1	67	0.387679	125.271851
30000	0.1	63	0.389569	125.658051
30000	0.1	66	0.456611	124.879120
30000	0.1	65	0.461924	126.333221
30000	0.1	63	0.461206	125.533081
30000	0.1	64	0.398413	125.553894
30000	0.1	66	0.389232	124.830322
30000	0.1	68	0.395052	126.202911
30000	0.1	63	0.390338	124.561310
30000	0.1	63	0.441455	125.569641
30000	0.1	67	0.464615	124.208466
30000	0.1	67	0.392628	126.141541
30000	0.1	63	0.436879	125.332825
30000	0.1	70	0.392635	126.708557
30000	0.1	70	0.390860	125.970978
30000	0.1	67	0.387636	124.044708
30000	0.1	65	0.458648	126.196442
