1000	0.2	18	0.010423	2.812988
1000	0.2	17	0.008435	2.773163
1000	0.2	17	0.004617	2.825104
1000	0.2	19	0.004922	2.798920
1000	0.2	16	0.011075	2.823792
1000	0.2	16	0.004376	2.935272
1000	0.2	19	0.015851	2.701508
1000	0.2	17	0.011900	2.873657
1000	0.2	18	0.008237	2.761200
1000	0.2	16	0.004484	2.655518
1000	0.2	17	0.004619	2.792786
1000	0.2	18	0.004609	2.817535
1000	0.2	17	0.004568	2.755493
1000	0.2	17	0.004306	2.870331
1000	0.2	18	0.004574	2.781586
1000	0.2	18	0.004642	2.881317
1000	0.2	16	0.004729	2.959778
1000	0.2	19	0.005075	2.912231
1000	0.2	18	0.004388	2.834015
1000	0.2	18	0.004564	2.803040
1000	0.2	19	0.004524	2.734375
1000	0.2	17	0.004593	2.818787
1000	0.2	18	0.004555	2.790283
1000	0.2	17	0.004635	2.895691
1000	0.2	19	0.004611	2.842957
1000	0.2	18	0.004309	2.880615
1000	0.2	16	0.004717	2.917908
1000	0.2	17	0.004874	2.888977
1000	0.2	18	0.016409	2.784668
1000	0.2	19	0.004708	2.922302

2000	0.2	18	0.011327	7.602814
2000	0.2	18	0.011738	7.671234
2000	0.2	18	0.011365	7.723358
2000	0.2	17	0.011376	7.392334
2000	0.2	17	0.011477	7.360748
2000	0.2	18	0.011396	7.671631
2000	0.2	18	0.022851	7.400421
2000	0.2	17	0.011098	7.188995
2000	0.2	16	0.011228	7.579865
2000	0.2	17	0.011434	7.459534
2000	0.2	17	0.011686	7.601044
2000	0.2	18	0.011698	7.540924
2000	0.2	17	0.011716	7.626373
2000	0.2	18	0.011645	7.853149
2000	0.2	18	0.011538	7.829681
2000	0.2	18	0.011832	7.755341
2000	0.2	18	0.011391	7.672333
2000	0.2	19	0.021101	7.756775
2000	0.2	19	0.011530	7.672241
2000	0.2	19	0.011587	7.752380
2000	0.2	18	0.011609	7.926514
2000	0.2	17	0.015993	7.846283
2000	0.2	18	0.011753	7.736542
2000	0.2	17	0.011435	7.528839
2000	0.2	18	0.011274	7.489380
2000	0.2	18	0.011442	7.722260
2000	0.2	18	0.011737	7.944641
2000	0.2	17	0.013086	7.804718
2000	0.2	17	0.018424	7.663269
2000	0.2	20	0.011618	7.926239

3000	0.2	19	0.018977	12.606995
3000	0.2	17	0.018711	12.354065
3000	0.2	18	0.019025	12.574127
3000	0.2	17	0.018606	12.248840
3000	0.2	19	0.018503	12.111450
3000	0.2	20	0.019060	12.123657
3000	0.2	17	0.019573	12.639038
3000	0.2	18	0.019201	12.458527
3000	0.2	17	0.018354	11.698730
3000	0.2	18	0.018856	12.053375
3000	0.2	17	0.019111	12.768311
3000	0.2	18	0.019201	12.872192
3000	0.2	20	0.018866	12.400635
3000	0.2	20	0.019254	12.626831
3000	0.2	18	0.018738	12.414551
3000	0.2	18	0.019027	12.385925
3000	0.2	18	0.019441	12.660614
3000	0.2	19	0.019802	12.413452
3000	0.2	18	0.032315	12.458008
3000	0.2	17	0.019664	12.556854
3000	0.2	20	0.018952	11.970428
3000	0.2	17	0.018776	12.371033
3000	0.2	18	0.019026	12.370422
3000	0.2	18	0.019868	12.269196
3000	0.2	19	0.018953	12.593384
3000	0.2	17	0.018828	12.122742
3000	0.2	19	0.018120	11.732513
3000	0.2	17	0.019019	12.324768
3000	0.2	19	0.019031	12.097229
3000	0.2	18	0.019263	12.592407

4000	0.2	18	0.026252	16.720734
4000	0.2	19	0.025915	16.566895
4000	0.2	20	0.026210	16.289001
4000	0.2	18	0.025543	16.243591
4000	0.2	19	0.025948	16.560120
4000	0.2	19	0.025612	16.286743
4000	0.2	20	0.025910	16.591980
4000	0.2	18	0.026099	16.626373
4000	0.2	20	0.027015	16.532318
4000	0.2	19	0.025738	16.140930
4000	0.2	21	0.025886	16.168457
4000	0.2	18	0.026198	16.425507
4000	0.2	19	0.026145	16.698883
4000	0.2	19	0.026195	16.790009
4000	0.2	18	0.033842	16.042145
4000	0.2	17	0.025879	16.414093
4000	0.2	18	0.025904	16.466461
4000	0.2	19	0.025889	16.124908
4000	0.2	20	0.032196	16.562256
4000	0.2	19	0.026028	16.360687
4000	0.2	19	0.026121	16.293304
4000	0.2	20	0.025797	16.392181
4000	0.2	20	0.025719	16.286346
4000	0.2	19	0.026278	16.598358
4000	0.2	16	0.025424	16.185913
4000	0.2	18	0.026710	16.892059
4000	0.2	17	0.025504	16.139130
4000	0.2	18	0.026217	16.473175
4000	0.2	19	0.025487	15.930756
4000	0.2	20	0.026248	16.443939

5000	0.2	18	0.043087	19.436279
5000	0.2	18	0.033246	20.641602
5000	0.2	18	0.033195	20.494019
5000	0.2	16	0.032630	20.022095
5000	0.2	21	0.033200	20.071777
5000	0.2	16	0.033225	20.330811
5000	0.2	19	0.033032	20.092316
5000	0.2	17	0.032720	19.861572
5000	0.2	20	0.032648	19.710815
5000	0.2	18	0.033136	19.929962
5000	0.2	19	0.033192	19.902130
5000	0.2	17	0.033512	20.018738
5000	0.2	17	0.033379	20.430908
5000	0.2	19	0.033290	19.877289
5000	0.2	18	0.033569	19.743744
5000	0.2	19	0.033679	20.718964
5000	0.2	19	0.033127	20.220123
5000	0.2	17	0.033445	20.805756
5000	0.2	18	0.032975	19.827576
5000	0.2	17	0.034004	20.758575
5000	0.2	19	0.033195	20.208740
5000	0.2	19	0.033726	20.631958
5000	0.2	19	0.033025	20.135193
5000	0.2	20	0.032945	20.049377
5000	0.2	19	0.033368	20.227264
5000	0.2	19	0.033171	20.123505
5000	0.2	20	0.032616	19.875153
5000	0.2	19	0.033079	20.050629
5000	0.2	19	0.032705	19.979034
5000	0.2	20	0.034197	20.110291

6000	0.2	19	0.040597	23.262543
6000	0.2	20	0.039482	23.326935
6000	0.2	20	0.062499	23.607544
6000	0.2	21	0.040087	23.707642
6000	0.2	19	0.040439	24.008698
6000	0.2	18	0.039763	23.351044
6000	0.2	18	0.041249	24.383881
6000	0.2	19	0.042894	22.594727
6000	0.2	18	0.039553	23.397461
6000	0.2	19	0.040991	23.730225
6000	0.2	17	0.040942	23.744659
6000	0.2	19	0.039284	23.152496
6000	0.2	18	0.040524	23.713043
6000	0.2	19	0.039524	23.483948
6000	0.2	19	0.040957	23.399445
6000	0.2	18	0.041188	23.140717
6000	0.2	20	0.040688	24.041656
6000	0.2	19	0.040428	22.999603
6000	0.2	18	0.039591	23.013977
6000	0.2	18	0.040724	23.283417
6000	0.2	18	0.040348	23.374908
6000	0.2	17	0.040874	24.104797
6000	0.2	18	0.041000	24.021088
6000	0.2	19	0.057934	23.974091
6000	0.2	21	0.041817	24.046906
6000	0.2	20	0.040196	23.643555
6000	0.2	18	0.040359	23.332550
6000	0.2	17	0.040149	23.864471
6000	0.2	17	0.040223	23.655487
6000	0.2	18	0.040580	24.000275

7000	0.2	19	0.047255	26.644440
7000	0.2	18	0.046580	26.391693
7000	0.2	21	0.046880	26.689697
7000	0.2	18	0.047249	27.172455
7000	0.2	19	0.046537	26.710388
7000	0.2	17	0.046981	26.570007
7000	0.2	20	0.047615	27.508911
7000	0.2	19	0.047582	27.353394
7000	0.2	17	0.047370	27.038940
7000	0.2	20	0.046714	26.871094
7000	0.2	18	0.046619	26.451599
7000	0.2	20	0.046703	26.781281
7000	0.2	17	0.046469	26.735168
7000	0.2	20	0.046286	26.235596
7000	0.2	19	0.048132	27.373260
7000	0.2	18	0.047142	26.984009
7000	0.2	19	0.048543	27.207397
7000	0.2	19	0.047213	26.687286
7000	0.2	21	0.048127	27.547241
7000	0.2	19	0.046870	26.784882
7000	0.2	18	0.047237	27.129456
7000	0.2	20	0.047480	26.902222
7000	0.2	18	0.047670	27.087128
7000	0.2	20	0.048286	27.403717
7000	0.2	17	0.046677	26.267548
7000	0.2	19	0.047174	26.835785
7000	0.2	17	0.047475	27.388184
7000	0.2	20	0.047180	26.735565
7000	0.2	19	0.047100	27.085419
7000	0.2	19	0.047548	27.317810

8000	0.2	16	0.053618	29.973938
8000	0.2	19	0.054089	30.054596
8000	0.2	17	0.053934	30.302551
8000	0.2	17	0.054318	30.482086
8000	0.2	20	0.054384	30.259796
8000	0.2	18	0.053675	29.794128
8000	0.2	20	0.054241	30.036316
8000	0.2	19	0.053324	29.690216
8000	0.2	20	0.054698	30.796844
8000	0.2	20	0.055027	30.307526
8000	0.2	19	0.054115	29.925934
8000	0.2	18	0.053975	29.785522
8000	0.2	21	0.054044	30.281555
8000	0.2	18	0.055630	29.972900
8000	0.2	19	0.054145	30.143066
8000	0.2	18	0.054887	30.417816
8000	0.2	17	0.054801	30.597687
8000	0.2	20	0.053207	29.218811
8000	0.2	19	0.054913	29.594421
8000	0.2	18	0.054378	30.203735
8000	0.2	19	0.053368	29.098083
8000	0.2	19	0.053978	29.968231
8000	0.2	17	0.054469	30.264404
8000	0.2	20	0.053854	29.734009
8000	0.2	18	0.054219	30.047882
8000	0.2	18	0.054206	30.283722
8000	0.2	19	0.053836	29.782257
8000	0.2	20	0.053951	29.540344
8000	0.2	17	0.055494	30.457550
8000	0.2	17	0.054971	30.873108

9000	0.2	20	0.061720	33.181061
9000	0.2	19	0.062067	33.470123
9000	0.2	20	0.061228	32.477081
9000	0.2	17	0.061088	32.851715
9000	0.2	20	0.061092	33.428894
9000	0.2	19	0.061264	33.028473
9000	0.2	18	0.060725	32.540924
9000	0.2	18	0.059551	32.120667
9000	0.2	16	0.060374	32.699707
9000	0.2	18	0.060249	32.556274
9000	0.2	19	0.061170	33.020996
9000	0.2	18	0.061903	33.219818
9000	0.2	20	0.060228	32.552551
9000	0.2	16	0.060486	32.613251
9000	0.2	21	0.060658	32.972168
9000	0.2	19	0.060513	32.625183
9000	0.2	19	0.061932	33.170044
9000	0.2	17	0.061728	33.130402
9000	0.2	18	0.060564	32.579834
9000	0.2	19	0.061110	32.989960
9000	0.2	18	0.059926	32.348083
9000	0.2	18	0.061206	33.189636
9000	0.2	17	0.062003	33.474579
9000	0.2	18	0.061067	32.857208
9000	0.2	21	0.063653	33.249298
9000	0.2	18	0.060845	32.942413
9000	0.2	17	0.062623	33.755585
9000	0.2	17	0.061123	32.812042
9000	0.2	20	0.061300	33.001190
9000	0.2	18	0.063569	33.759918

10000	0.2	18	0.068648	35.770813
10000	0.2	17	0.067673	35.782776
10000	0.2	21	0.068699	36.579163
10000	0.2	18	0.067164	35.042786
10000	0.2	20	0.068136	36.349915
10000	0.2	17	0.067981	35.509338
10000	0.2	18	0.069022	35.594360
10000	0.2	19	0.068189	35.593933
10000	0.2	19	0.067632	35.941162
10000	0.2	18	0.067358	35.365662
10000	0.2	21	0.068011	35.764191
10000	0.2	21	0.068599	35.626770
10000	0.2	19	0.068297	36.113739
10000	0.2	19	0.069058	36.177155
10000	0.2	19	0.066769	35.006226
10000	0.2	19	0.069133	35.712250
10000	0.2	19	0.067537	35.777527
10000	0.2	21	0.067913	35.854980
10000	0.2	19	0.067925	35.242981
10000	0.2	21	0.069228	36.795471
10000	0.2	21	0.068565	36.174530
10000	0.2	18	0.068670	35.491089
10000	0.2	19	0.069046	36.817474
10000	0.2	19	0.067065	34.852264
10000	0.2	20	0.067688	35.496735
10000	0.2	17	0.068789	36.173004
10000	0.2	19	0.068452	35.423615
10000	0.2	21	0.069228	35.839691
10000	0.2	19	0.069881	35.646790
10000	0.2	20	0.068270	35.243011

11000	0.2	18	0.073414	37.394775
11000	0.2	19	0.075288	38.335022
11000	0.2	18	0.074353	37.680603
11000	0.2	17	0.142789	38.977448
11000	0.2	19	0.077008	38.973206
11000	0.2	18	0.074659	38.008423
11000	0.2	18	0.075728	38.669464
11000	0.2	18	0.075586	38.602966
11000	0.2	19	0.074659	38.290375
11000	0.2	19	0.074614	38.275909
11000	0.2	18	0.076513	38.970276
11000	0.2	21	0.075524	39.115112
11000	0.2	19	0.075377	38.508331
11000	0.2	18	0.074701	38.195312
11000	0.2	19	0.076967	39.410095
11000	0.2	20	0.074324	37.697845
11000	0.2	18	0.075395	38.457733
11000	0.2	18	0.074954	38.470795
11000	0.2	19	0.076077	37.922974
11000	0.2	19	0.075717	38.809296
11000	0.2	18	0.075002	38.512787
11000	0.2	20	0.143199	38.618866
11000	0.2	22	0.076204	38.341888
11000	0.2	19	0.075313	38.214020
11000	0.2	17	0.075183	37.853088
11000	0.2	20	0.073839	37.492584
11000	0.2	19	0.075201	38.310974
11000	0.2	19	0.075406	39.132935
11000	0.2	20	0.074850	38.331055
11000	0.2	17	0.074952	38.053619

12000	0.2	17	0.081800	40.962585
12000	0.2	18	0.082035	40.992371
12000	0.2	20	0.080527	40.163330
12000	0.2	20	0.080673	40.000610
12000	0.2	19	0.084485	41.536346
12000	0.2	19	0.084616	41.484344
12000	0.2	18	0.083301	41.767700
12000	0.2	17	0.082194	40.820282
12000	0.2	20	0.082735	41.518494
12000	0.2	17	0.110343	40.919830
12000	0.2	18	0.150380	41.439240
12000	0.2	18	0.150272	41.983673
12000	0.2	20	0.128548	40.753204
12000	0.2	20	0.105575	41.737152
12000	0.2	17	0.081276	40.439789
12000	0.2	20	0.081595	40.448090
12000	0.2	19	0.081742	40.618164
12000	0.2	18	0.150905	41.312653
12000	0.2	19	0.083685	41.851410
12000	0.2	19	0.098210	41.214752
12000	0.2	17	0.082582	41.296661
12000	0.2	20	0.082129	41.440063
12000	0.2	19	0.099351	41.194031
12000	0.2	18	0.149309	41.369476
12000	0.2	19	0.150271	41.125153
12000	0.2	20	0.082224	41.283173
12000	0.2	19	0.098117	39.844025
12000	0.2	17	0.082648	40.818756
12000	0.2	20	0.103957	40.291534
12000	0.2	19	0.083574	41.261292

13000	0.2	20	0.156865	43.593872
13000	0.2	20	0.088995	43.427185
13000	0.2	19	0.089615	42.962677
13000	0.2	18	0.157714	44.067535
13000	0.2	19	0.100957	44.164825
13000	0.2	20	0.091033	43.739807
13000	0.2	17	0.089831	43.818268
13000	0.2	19	0.089957	43.890442
13000	0.2	21	0.111134	43.668365
13000	0.2	21	0.090259	43.376160
13000	0.2	17	0.101018	42.864685
13000	0.2	19	0.090077	43.070068
13000	0.2	20	0.092447	44.504883
13000	0.2	18	0.088464	42.931671
13000	0.2	16	0.109392	42.761505
13000	0.2	18	0.088811	43.416107
13000	0.2	18	0.089153	43.120148
13000	0.2	22	0.091689	43.677399
13000	0.2	18	0.090364	43.429291
13000	0.2	19	0.094806	44.512756
13000	0.2	20	0.091610	43.788940
13000	0.2	19	0.088765	43.206512
13000	0.2	17	0.091200	43.578888
13000	0.2	19	0.089555	43.679291
13000	0.2	19	0.091417	43.801147
13000	0.2	18	0.089693	44.251648
13000	0.2	19	0.089959	43.936096
13000	0.2	19	0.103725	44.784454
13000	0.2	17	0.089277	43.566589
13000	0.2	20	0.092028	44.073883

14000	0.2	21	0.124290	46.368164
14000	0.2	19	0.167101	46.196259
14000	0.2	18	0.108585	45.684692
14000	0.2	19	0.102174	46.304871
14000	0.2	18	0.163896	45.844299
14000	0.2	20	0.162288	46.141937
14000	0.2	18	0.149021	46.975037
14000	0.2	21	0.163511	46.972504
14000	0.2	17	0.163546	45.872009
14000	0.2	20	0.108683	46.384277
14000	0.2	19	0.096900	46.450806
14000	0.2	19	0.097987	45.699066
14000	0.2	20	0.097177	46.357880
14000	0.2	19	0.098464	46.196503
14000	0.2	18	0.114672	46.701294
14000	0.2	19	0.097932	45.453033
14000	0.2	17	0.097009	46.525085
14000	0.2	23	0.095751	45.646851
14000	0.2	18	0.114237	46.170807
14000	0.2	19	0.097236	46.509888
14000	0.2	19	0.098732	46.478821
14000	0.2	20	0.096548	45.694794
14000	0.2	19	0.166493	47.308868
14000	0.2	19	0.097606	46.743500
14000	0.2	21	0.165971	47.075104
14000	0.2	21	0.097803	46.609589
14000	0.2	19	0.099026	46.641632
14000	0.2	20	0.096835	46.155457
14000	0.2	19	0.154085	46.178467
14000	0.2	16	0.164719	45.823456

15000	0.2	21	0.103947	48.391510
15000	0.2	20	0.104309	48.344147
15000	0.2	19	0.105838	49.138458
15000	0.2	20	0.173647	49.347321
15000	0.2	18	0.104821	47.253937
15000	0.2	21	0.104933	49.341217
15000	0.2	19	0.104446	48.689606
15000	0.2	17	0.131749	48.234283
15000	0.2	17	0.104047	47.941315
15000	0.2	19	0.105024	49.304596
15000	0.2	19	0.104337	48.477631
15000	0.2	19	0.109512	48.567810
15000	0.2	18	0.165556	47.814117
15000	0.2	21	0.170661	48.201111
15000	0.2	19	0.104244	48.385986
15000	0.2	19	0.104868	49.052155
15000	0.2	19	0.105190	48.724701
15000	0.2	20	0.171939	48.408539
15000	0.2	19	0.130689	48.115112
15000	0.2	19	0.127442	48.877106
15000	0.2	18	0.170391	47.937500
15000	0.2	18	0.105171	48.859009
15000	0.2	18	0.108660	48.236450
15000	0.2	20	0.105530	49.181885
15000	0.2	19	0.126930	48.910461
15000	0.2	22	0.133615	48.530121
15000	0.2	19	0.105410	49.623322
15000	0.2	20	0.169757	47.673279
15000	0.2	19	0.128582	49.855133
15000	0.2	17	0.106833	48.760254

16000	0.2	18	0.141123	52.479919
16000	0.2	20	0.112083	51.046539
16000	0.2	20	0.150123	50.285126
16000	0.2	20	0.112623	51.657318
16000	0.2	17	0.112248	51.420197
16000	0.2	21	0.111361	51.057007
16000	0.2	20	0.140353	52.328369
16000	0.2	19	0.157342	51.501404
16000	0.2	21	0.110637	50.813782
16000	0.2	19	0.123554	50.726685
16000	0.2	20	0.113344	50.691437
16000	0.2	18	0.113425	52.336914
16000	0.2	18	0.112359	51.304260
16000	0.2	19	0.134839	51.124817
16000	0.2	20	0.113609	51.221985
16000	0.2	20	0.133907	51.026306
16000	0.2	20	0.112072	51.004852
16000	0.2	21	0.144476	50.648926
16000	0.2	18	0.111574	51.056702
16000	0.2	20	0.114329	51.798035
16000	0.2	20	0.111687	51.320892
16000	0.2	20	0.112312	50.957672
16000	0.2	18	0.178091	50.525055
16000	0.2	19	0.112929	50.743347
16000	0.2	18	0.178798	51.341553
16000	0.2	19	0.112519	51.131805
16000	0.2	20	0.113906	52.280426
16000	0.2	21	0.113517	51.811951
16000	0.2	20	0.178686	50.625946
16000	0.2	18	0.179032	51.348663

17000	0.2	20	0.183697	52.328003
17000	0.2	17	0.119997	52.916473
17000	0.2	18	0.120815	54.127502
17000	0.2	18	0.171087	52.793182
17000	0.2	17	0.119383	53.377136
17000	0.2	19	0.185440	53.458710
17000	0.2	20	0.192437	53.616791
17000	0.2	21	0.119039	53.410248
17000	0.2	17	0.153572	52.975861
17000	0.2	20	0.119409	53.754974
17000	0.2	19	0.120834	55.004822
17000	0.2	19	0.119437	53.134735
17000	0.2	19	0.185971	53.927185
17000	0.2	20	0.120057	53.829376
17000	0.2	20	0.158668	52.975800
17000	0.2	20	0.119477	53.158020
17000	0.2	20	0.190015	54.366852
17000	0.2	17	0.119306	53.837738
17000	0.2	18	0.146598	53.034790
17000	0.2	19	0.187150	53.812500
17000	0.2	20	0.118829	53.224152
17000	0.2	20	0.119977	53.497772
17000	0.2	19	0.148154	54.874634
17000	0.2	18	0.125256	53.826324
17000	0.2	19	0.191030	54.561279
17000	0.2	23	0.120401	53.158142
17000	0.2	18	0.159122	53.577850
17000	0.2	20	0.118266	52.196991
17000	0.2	20	0.119960	52.990540
17000	0.2	19	0.146999	53.366241

18000	0.2	17	0.159950	55.903900
18000	0.2	20	0.126878	55.958282
18000	0.2	18	0.126268	55.725677
18000	0.2	19	0.159838	55.701691
18000	0.2	20	0.127191	56.022552
18000	0.2	18	0.154524	55.947510
18000	0.2	19	0.128395	56.411560
18000	0.2	20	0.158651	54.333527
18000	0.2	18	0.125480	55.161621
18000	0.2	18	0.125164	54.850067
18000	0.2	20	0.127409	56.422058
18000	0.2	19	0.193668	55.804199
18000	0.2	19	0.128337	55.823547
18000	0.2	17	0.163240	57.149048
18000	0.2	16	0.126717	56.185791
18000	0.2	21	0.126237	55.357269
18000	0.2	20	0.126109	55.875336
18000	0.2	20	0.126516	55.899078
18000	0.2	19	0.154811	55.305359
18000	0.2	18	0.184657	55.512054
18000	0.2	20	0.128123	55.476135
18000	0.2	18	0.194773	56.135834
18000	0.2	20	0.135819	55.969940
18000	0.2	20	0.153266	55.585449
18000	0.2	19	0.128165	56.976379
18000	0.2	19	0.153684	55.661499
18000	0.2	20	0.153559	55.293335
18000	0.2	21	0.185586	55.539337
18000	0.2	20	0.127003	56.095032
18000	0.2	20	0.160921	56.687805

19000	0.2	17	0.134516	58.628296
19000	0.2	19	0.134194	57.522766
19000	0.2	18	0.162383	58.601624
19000	0.2	19	0.182191	59.160767
19000	0.2	19	0.136070	57.561432
19000	0.2	18	0.134375	57.788544
19000	0.2	21	0.138715	59.400879
19000	0.2	20	0.203037	57.740997
19000	0.2	18	0.157896	58.107086
19000	0.2	17	0.189250	58.087921
19000	0.2	18	0.134561	57.835785
19000	0.2	18	0.135680	58.231598
19000	0.2	19	0.203243	57.702393
19000	0.2	20	0.167496	57.975342
19000	0.2	18	0.136436	58.478333
19000	0.2	19	0.167215	57.611420
19000	0.2	20	0.135826	59.117737
19000	0.2	19	0.135151	57.926788
19000	0.2	18	0.162204	57.774597
19000	0.2	18	0.202763	58.052765
19000	0.2	21	0.156431	57.941895
19000	0.2	17	0.164234	58.323761
19000	0.2	18	0.136280	58.419373
19000	0.2	19	0.169565	58.816467
19000	0.2	20	0.168118	56.924347
19000	0.2	18	0.137274	59.931702
19000	0.2	20	0.173504	58.355316
19000	0.2	20	0.167284	57.615753
19000	0.2	18	0.133485	57.810364
19000	0.2	20	0.134845	58.797668

20000	0.2	19	0.174342	60.127563
20000	0.2	20	0.143268	60.583984
20000	0.2	20	0.146364	61.460541
20000	0.2	21	0.143942	61.779816
20000	0.2	18	0.142211	60.023193
20000	0.2	20	0.142438	60.712799
20000	0.2	20	0.208635	60.151764
20000	0.2	19	0.209182	59.366730
20000	0.2	17	0.177630	61.441711
20000	0.2	18	0.181195	60.399323
20000	0.2	22	0.196095	60.785706
20000	0.2	19	0.172661	61.572693
20000	0.2	19	0.142339	61.003357
20000	0.2	20	0.144154	61.228149
20000	0.2	18	0.174996	60.145752
20000	0.2	18	0.176551	60.972412
20000	0.2	20	0.147132	61.761169
20000	0.2	18	0.171290	60.383057
20000	0.2	18	0.144484	61.603058
20000	0.2	19	0.191261	60.865753
20000	0.2	19	0.148173	62.393921
20000	0.2	20	0.174495	59.885315
20000	0.2	19	0.207395	58.688507
20000	0.2	21	0.142094	60.056061
20000	0.2	19	0.141083	59.861115
20000	0.2	19	0.142616	60.862640
20000	0.2	21	0.143331	60.813324
20000	0.2	19	0.209128	60.421204
20000	0.2	19	0.142022	60.225677
20000	0.2	18	0.212750	61.190765

21000	0.2	18	0.149293	62.441071
21000	0.2	18	0.149381	63.097778
21000	0.2	19	0.220090	62.820282
21000	0.2	20	0.150636	63.265839
21000	0.2	20	0.183164	62.665710
21000	0.2	19	0.219406	62.901886
21000	0.2	18	0.178966	62.862183
21000	0.2	20	0.151487	63.457672
21000	0.2	19	0.150932	63.487671
21000	0.2	17	0.150848	63.016205
21000	0.2	21	0.150056	62.569031
21000	0.2	21	0.150070	62.168457
21000	0.2	20	0.150294	62.788849
21000	0.2	20	0.176669	63.115570
21000	0.2	18	0.217911	62.763824
21000	0.2	18	0.217334	61.837158
21000	0.2	20	0.151674	63.979614
21000	0.2	19	0.183945	63.618652
21000	0.2	17	0.150657	63.634583
21000	0.2	20	0.177730	63.792572
21000	0.2	19	0.149600	62.893524
21000	0.2	19	0.149760	62.929596
21000	0.2	22	0.189437	63.172546
21000	0.2	18	0.150334	62.399384
21000	0.2	17	0.219529	63.586334
21000	0.2	20	0.153331	63.016937
21000	0.2	21	0.151599	62.917694
21000	0.2	16	0.150554	62.711792
21000	0.2	21	0.217004	62.499695
21000	0.2	19	0.151195	63.150330

22000	0.2	18	0.198876	65.887238
22000	0.2	18	0.227130	65.397614
22000	0.2	20	0.197405	65.506195
22000	0.2	20	0.159111	65.989136
22000	0.2	19	0.158329	65.919464
22000	0.2	18	0.157512	65.054108
22000	0.2	20	0.198389	66.021820
22000	0.2	19	0.159426	65.271057
22000	0.2	17	0.157376	65.062164
22000	0.2	19	0.156197	64.124756
22000	0.2	19	0.157803	65.382996
22000	0.2	19	0.198320	65.497467
22000	0.2	19	0.157539	64.317139
22000	0.2	19	0.157229	64.983276
22000	0.2	20	0.224284	64.471649
22000	0.2	20	0.157575	64.904510
22000	0.2	19	0.160286	65.422913
22000	0.2	20	0.192986	65.861572
22000	0.2	18	0.191525	65.105682
22000	0.2	18	0.197952	65.645996
22000	0.2	18	0.159433	65.550201
22000	0.2	20	0.196627	64.693054
22000	0.2	18	0.199197	65.307343
22000	0.2	17	0.156787	64.576324
22000	0.2	21	0.192205	65.736633
22000	0.2	19	0.190705	64.693512
22000	0.2	17	0.158442	65.331451
22000	0.2	19	0.158379	65.351624
22000	0.2	22	0.157397	65.023621
22000	0.2	20	0.224904	65.205109

23000	0.2	20	0.198195	66.521912
23000	0.2	17	0.234125	67.594543
23000	0.2	19	0.165955	68.021606
23000	0.2	20	0.239414	67.702332
23000	0.2	20	0.236390	67.170135
23000	0.2	19	0.166703	68.265991
23000	0.2	17	0.205242	68.165894
23000	0.2	18	0.166875	68.614960
23000	0.2	19	0.205561	67.837891
23000	0.2	19	0.166022	67.397583
23000	0.2	21	0.205836	67.396240
23000	0.2	19	0.166788	68.130798
23000	0.2	19	0.166450	68.265564
23000	0.2	19	0.168030	68.618042
23000	0.2	17	0.181558	66.634308
23000	0.2	20	0.230587	66.447754
23000	0.2	17	0.164848	67.135956
23000	0.2	19	0.167364	68.048828
23000	0.2	21	0.188374	67.823975
23000	0.2	18	0.234317	68.324066
23000	0.2	20	0.165898	68.110718
23000	0.2	17	0.164457	66.787933
23000	0.2	17	0.168920	68.319763
23000	0.2	18	0.168365	67.463074
23000	0.2	18	0.233869	67.243713
23000	0.2	19	0.165624	67.517914
23000	0.2	20	0.165624	67.830444
23000	0.2	23	0.188032	67.282990
23000	0.2	21	0.165253	67.062866
23000	0.2	19	0.207047	68.029694

24000	0.2	18	0.213515	69.928162
24000	0.2	18	0.178498	70.064392
24000	0.2	18	0.218379	69.428314
24000	0.2	19	0.243751	69.531616
24000	0.2	19	0.181529	68.759277
24000	0.2	20	0.173826	69.720398
24000	0.2	19	0.175454	70.281494
24000	0.2	20	0.174437	69.435791
24000	0.2	18	0.176721	69.811798
24000	0.2	18	0.176456	69.560089
24000	0.2	21	0.174410	69.577820
24000	0.2	19	0.177378	69.595428
24000	0.2	19	0.176351	70.501587
24000	0.2	21	0.172818	69.662994
24000	0.2	19	0.214045	70.254181
24000	0.2	19	0.245354	69.508453
24000	0.2	18	0.179814	70.505127
24000	0.2	20	0.176328	69.104279
24000	0.2	19	0.213307	70.023254
24000	0.2	18	0.180343	69.364563
24000	0.2	18	0.174632	70.032990
24000	0.2	19	0.174316	69.536652
24000	0.2	18	0.174300	70.143372
24000	0.2	19	0.174475	69.926239
24000	0.2	19	0.177821	69.964813
24000	0.2	17	0.172505	69.174927
24000	0.2	17	0.174483	68.926514
24000	0.2	18	0.206176	69.462219
24000	0.2	21	0.172088	68.467743
24000	0.2	20	0.175865	69.728119

25000	0.2	20	0.195584	72.054108
25000	0.2	20	0.181757	71.518341
25000	0.2	20	0.183150	73.197540
25000	0.2	20	0.222469	72.605194
25000	0.2	20	0.186082	72.380859
25000	0.2	18	0.215707	72.739197
25000	0.2	21	0.198417	71.985657
25000	0.2	20	0.182276	71.747711
25000	0.2	19	0.249433	73.266907
25000	0.2	20	0.182538	71.842407
25000	0.2	21	0.221624	72.206238
25000	0.2	19	0.184551	72.563873
25000	0.2	19	0.183620	71.977203
25000	0.2	19	0.182413	72.039734
25000	0.2	18	0.180798	71.826050
25000	0.2	19	0.250769	71.911072
25000	0.2	19	0.223397	72.781586
25000	0.2	18	0.183578	72.747803
25000	0.2	20	0.181764	72.068512
25000	0.2	19	0.180789	71.508087
25000	0.2	19	0.250326	71.811737
25000	0.2	20	0.180856	71.624268
25000	0.2	19	0.249521	71.808197
25000	0.2	20	0.182190	71.598267
25000	0.2	21	0.183983	73.548035
25000	0.2	18	0.185388	73.054535
25000	0.2	17	0.180995	71.647034
25000	0.2	19	0.215519	71.939178
25000	0.2	17	0.217806	72.021393
25000	0.2	18	0.184767	72.173950

26000	0.2	19	0.260331	74.597748
26000	0.2	20	0.189181	73.247681
26000	0.2	18	0.188501	73.910461
26000	0.2	19	0.223183	74.619141
26000	0.2	19	0.191662	74.459442
26000	0.2	20	0.193138	75.194031
26000	0.2	19	0.191121	74.815979
26000	0.2	21	0.189262	74.142731
26000	0.2	18	0.191116	74.018311
26000	0.2	20	0.225318	75.003204
26000	0.2	19	0.192714	75.141144
26000	0.2	19	0.259586	75.162933
26000	0.2	20	0.193236	74.811920
26000	0.2	19	0.195641	75.239380
26000	0.2	19	0.190208	73.981842
26000	0.2	19	0.190846	75.569092
26000	0.2	18	0.188891	73.970947
26000	0.2	18	0.190876	74.059937
26000	0.2	20	0.191517	74.212494
26000	0.2	19	0.217143	74.094360
26000	0.2	19	0.191051	74.148193
26000	0.2	17	0.190032	74.922974
26000	0.2	22	0.191315	75.647491
26000	0.2	20	0.192245	75.814789
26000	0.2	19	0.257290	75.047729
26000	0.2	19	0.189881	74.298859
26000	0.2	19	0.192402	74.485443
26000	0.2	20	0.193130	74.273010
26000	0.2	18	0.189766	74.563416
26000	0.2	18	0.229388	74.133148

27000	0.2	19	0.198886	76.823273
27000	0.2	19	0.223402	77.526550
27000	0.2	19	0.269983	77.771301
27000	0.2	21	0.200896	76.568909
27000	0.2	17	0.231703	76.739838
27000	0.2	21	0.265978	77.078308
27000	0.2	19	0.238584	77.171509
27000	0.2	19	0.200816	78.147339
27000	0.2	20	0.265462	76.338928
27000	0.2	17	0.197905	75.776550
27000	0.2	20	0.268067	77.590515
27000	0.2	21	0.233167	77.422668
27000	0.2	21	0.202389	75.841492
27000	0.2	17	0.197061	76.267578
27000	0.2	17	0.198263	76.247650
27000	0.2	19	0.198095	76.278229
27000	0.2	20	0.199349	77.292023
27000	0.2	20	0.199660	77.273315
27000	0.2	21	0.268964	77.333466
27000	0.2	21	0.201760	76.741577
27000	0.2	20	0.199518	76.970337
27000	0.2	19	0.199178	77.413940
27000	0.2	18	0.198605	75.585327
27000	0.2	19	0.199485	77.611694
27000	0.2	19	0.200687	76.925476
27000	0.2	20	0.237627	76.620087
27000	0.2	20	0.218729	76.555176
27000	0.2	19	0.201988	77.180511
27000	0.2	18	0.200867	76.790070
27000	0.2	21	0.199975	77.880310

28000	0.2	21	0.242114	80.702484
28000	0.2	21	0.244077	79.337250
28000	0.2	19	0.255014	80.225494
28000	0.2	20	0.208820	78.782074
28000	0.2	17	0.245884	79.078949
28000	0.2	21	0.268710	79.047913
28000	0.2	21	0.213321	79.773682
28000	0.2	20	0.210466	79.006714
28000	0.2	19	0.205490	78.520142
28000	0.2	20	0.207691	79.519958
28000	0.2	20	0.210895	79.937164
28000	0.2	21	0.272476	78.770813
28000	0.2	19	0.206821	78.929108
28000	0.2	19	0.273349	79.595276
28000	0.2	20	0.208351	79.450653
28000	0.2	18	0.275135	78.352142
28000	0.2	21	0.267031	79.060791
28000	0.2	20	0.208126	80.139313
28000	0.2	20	0.280198	80.836182
28000	0.2	19	0.278076	80.311829
28000	0.2	20	0.206774	79.512695
28000	0.2	19	0.209302	78.885284
28000	0.2	20	0.230937	79.791870
28000	0.2	20	0.206668	79.142731
28000	0.2	19	0.210791	79.972443
28000	0.2	21	0.205796	78.907043
28000	0.2	18	0.276488	80.517181
28000	0.2	20	0.205070	78.433716
28000	0.2	20	0.205696	78.218781
28000	0.2	19	0.206461	79.128815

29000	0.2	19	0.219705	81.742218
29000	0.2	19	0.284615	82.029266
29000	0.2	19	0.255441	81.768372
29000	0.2	21	0.215071	81.723877
29000	0.2	19	0.237030	81.409637
29000	0.2	17	0.214276	81.277039
29000	0.2	19	0.248856	81.433289
29000	0.2	20	0.281854	81.945435
29000	0.2	18	0.214921	81.425903
29000	0.2	18	0.247894	81.360168
29000	0.2	20	0.214977	81.466736
29000	0.2	18	0.218112	82.223358
29000	0.2	20	0.216098	80.837616
29000	0.2	18	0.218134	81.980255
29000	0.2	18	0.214182	80.765594
29000	0.2	20	0.214620	81.906189
29000	0.2	19	0.213994	80.802429
29000	0.2	20	0.218821	81.761322
29000	0.2	19	0.216058	82.047089
29000	0.2	18	0.215733	82.439148
29000	0.2	18	0.215956	81.215210
29000	0.2	17	0.255406	81.404602
29000	0.2	19	0.216476	82.589630
29000	0.2	20	0.221548	81.768005
29000	0.2	16	0.215517	82.189545
29000	0.2	19	0.254245	80.385071
29000	0.2	18	0.216146	82.211639
29000	0.2	20	0.291364	82.601105
29000	0.2	19	0.250744	81.352051
29000	0.2	19	0.222413	80.481232

30000	0.2	18	0.291919	84.256836
30000	0.2	19	0.291372	83.269745
30000	0.2	21	0.294286	85.282501
30000	0.2	19	0.224228	84.152954
30000	0.2	19	0.224360	83.504242
30000	0.2	19	0.225097	84.392487
30000	0.2	22	0.225134	84.603668
30000	0.2	21	0.228726	83.027771
30000	0.2	19	0.265378	84.571259
30000	0.2	18	0.290457	83.666931
30000	0.2	19	0.292326	84.159943
30000	0.2	19	0.253007	84.867432
30000	0.2	19	0.290587	82.679230
30000	0.2	20	0.292009	83.682312
30000	0.2	21	0.224076	84.326111
30000	0.2	18	0.224541	83.746613
30000	0.2	18	0.225928	83.747955
30000	0.2	20	0.224809	84.776703
30000	0.2	20	0.226394	85.469208
30000	0.2	20	0.292656	84.011688
30000	0.2	19	0.224295	84.554810
30000	0.2	19	0.224643	84.496857
30000	0.2	19	0.224300	83.679108
30000	0.2	20	0.263603	84.015625
30000	0.2	19	0.223741	84.419312
30000	0.2	20	0.295635	84.626892
30000	0.2	21	0.278647	84.070190
30000	0.2	18	0.227129	84.639893
30000	0.2	19	0.221854	83.217194
30000	0.2	20	0.222580	83.137939

