1000	0.1	46	0.014508	1.311707
1000	0.1	61	0.010907	1.356262
1000	0.1	54	0.008263	1.144409
1000	0.1	49	0.007608	1.520599
1000	0.1	47	0.006853	1.486267
1000	0.1	41	0.006383	1.650024
1000	0.1	60	0.003853	1.254211
1000	0.1	51	0.003693	1.392670
1000	0.1	52	0.003942	1.391968
1000	0.1	44	0.003585	1.364014
1000	0.1	47	0.008679	1.475311
1000	0.1	48	0.003632	1.250122
1000	0.1	45	0.003770	1.428436
1000	0.1	40	0.003908	1.662842
1000	0.1	46	0.004240	1.716370
1000	0.1	43	0.003707	1.470215
1000	0.1	53	0.003878	1.395142
1000	0.1	52	0.003797	1.324371
1000	0.1	49	0.003907	1.497620
1000	0.1	47	0.003851	1.399109
1000	0.1	47	0.003821	1.364532
1000	0.1	48	0.003954	1.579742
1000	0.1	44	0.004023	1.594543
1000	0.1	38	0.004170	1.954041
1000	0.1	45	0.003964	1.616699
1000	0.1	48	0.003853	1.373657
1000	0.1	44	0.003693	1.453796
1000	0.1	48	0.003930	1.589600
1000	0.1	44	0.003804	1.373810
1000	0.1	46	0.003834	1.508118

2000	0.1	48	0.011191	5.216553
2000	0.1	55	0.010442	4.519684
2000	0.1	60	0.017424	4.664948
2000	0.1	56	0.010827	4.648773
2000	0.1	59	0.009816	3.929108
2000	0.1	58	0.009941	4.123901
2000	0.1	46	0.010525	5.082977
2000	0.1	60	0.010179	4.448792
2000	0.1	50	0.009661	4.058502
2000	0.1	61	0.009687	4.311249
2000	0.1	47	0.010033	4.580078
2000	0.1	62	0.009697	4.240997
2000	0.1	50	0.009755	4.709991
2000	0.1	54	0.010122	4.280823
2000	0.1	51	0.010009	4.597931
2000	0.1	56	0.032036	4.467499
2000	0.1	56	0.020186	3.986847
2000	0.1	59	0.015654	4.456451
2000	0.1	45	0.009472	4.632385
2000	0.1	62	0.009655	3.948486
2000	0.1	55	0.009860	4.148651
2000	0.1	56	0.010084	4.412048
2000	0.1	58	0.010097	4.427216
2000	0.1	50	0.010869	5.372192
2000	0.1	59	0.010139	4.394989
2000	0.1	56	0.010364	4.575531
2000	0.1	58	0.010071	4.166107
2000	0.1	58	0.010023	4.277588
2000	0.1	53	0.009754	4.314575
2000	0.1	60	0.009944	4.032410

3000	0.1	58	0.018483	8.180450
3000	0.1	64	0.018178	7.359253
3000	0.1	63	0.017577	7.486084
3000	0.1	51	0.017981	9.054260
3000	0.1	55	0.018424	8.464844
3000	0.1	61	0.044519	7.919647
3000	0.1	54	0.022432	8.264893
3000	0.1	57	0.018110	8.213104
3000	0.1	62	0.016931	7.688049
3000	0.1	57	0.017970	8.520538
3000	0.1	53	0.018667	9.025299
3000	0.1	42	0.017399	8.983795
3000	0.1	63	0.017940	7.578888
3000	0.1	53	0.030048	7.756439
3000	0.1	49	0.018975	9.547943
3000	0.1	60	0.018091	8.230621
3000	0.1	53	0.018663	8.629547
3000	0.1	51	0.017688	8.796326
3000	0.1	61	0.017848	8.170105
3000	0.1	65	0.017548	7.872681
3000	0.1	64	0.018130	8.117462
3000	0.1	62	0.018715	7.720490
3000	0.1	54	0.018635	8.947479
3000	0.1	62	0.017522	7.499268
3000	0.1	61	0.017498	8.111023
3000	0.1	59	0.016988	8.042053
3000	0.1	64	0.018559	7.955627
3000	0.1	61	0.019297	7.830048
3000	0.1	58	0.037251	8.859711
3000	0.1	56	0.018010	8.297363

4000	0.1	55	0.027737	12.725159
4000	0.1	56	0.026110	11.529266
4000	0.1	47	0.027057	13.221924
4000	0.1	68	0.027101	11.619324
4000	0.1	62	0.026304	12.156006
4000	0.1	68	0.026463	11.456360
4000	0.1	66	0.025714	11.094086
4000	0.1	48	0.026310	13.123657
4000	0.1	66	0.027170	12.687836
4000	0.1	56	0.026603	11.957306
4000	0.1	44	0.027360	15.072998
4000	0.1	64	0.027350	13.021210
4000	0.1	58	0.027209	13.002594
4000	0.1	64	0.025664	11.769287
4000	0.1	57	0.026442	12.072388
4000	0.1	65	0.026859	12.487183
4000	0.1	55	0.026099	12.707367
4000	0.1	68	0.026674	11.569153
4000	0.1	52	0.025134	11.950653
4000	0.1	65	0.027698	12.636169
4000	0.1	56	0.025335	11.798218
4000	0.1	50	0.025854	12.680756
4000	0.1	61	0.026576	12.340759
4000	0.1	61	0.026783	12.216705
4000	0.1	61	0.025854	12.136200
4000	0.1	62	0.024766	10.918152
4000	0.1	59	0.027363	13.242462
4000	0.1	59	0.027516	12.628876
4000	0.1	58	0.026069	11.882812
4000	0.1	62	0.027521	12.354034

5000	0.1	63	0.036506	16.707397
5000	0.1	66	0.035682	15.748413
5000	0.1	62	0.036010	16.770325
5000	0.1	62	0.091090	17.406097
5000	0.1	53	0.035052	17.389832
5000	0.1	55	0.033625	15.788055
5000	0.1	56	0.036531	17.798279
5000	0.1	61	0.038168	17.790375
5000	0.1	66	0.036171	15.677612
5000	0.1	70	0.036800	15.260956
5000	0.1	64	0.036705	16.492706
5000	0.1	68	0.037560	16.566925
5000	0.1	65	0.035882	15.893280
5000	0.1	57	0.037101	17.469208
5000	0.1	70	0.037222	15.798645
5000	0.1	52	0.035898	17.868256
5000	0.1	66	0.035593	15.798523
5000	0.1	69	0.035449	15.191559
5000	0.1	67	0.037625	16.654266
5000	0.1	52	0.035207	17.925537
5000	0.1	71	0.058588	15.235016
5000	0.1	51	0.036076	19.008636
5000	0.1	62	0.035921	16.803131
5000	0.1	61	0.038772	17.183258
5000	0.1	58	0.036579	16.682495
5000	0.1	66	0.035766	16.034760
5000	0.1	64	0.035930	16.123108
5000	0.1	65	0.035854	16.336639
5000	0.1	67	0.037001	16.918701
5000	0.1	48	0.033766	17.691223

6000	0.1	62	0.071251	22.365143
6000	0.1	64	0.050945	20.432739
6000	0.1	45	0.044557	22.161835
6000	0.1	54	0.043701	20.923584
6000	0.1	57	0.043374	18.605164
6000	0.1	65	0.047175	21.777832
6000	0.1	53	0.044430	21.311920
6000	0.1	63	0.049564	22.429962
6000	0.1	62	0.044650	20.172211
6000	0.1	65	0.046361	21.002319
6000	0.1	59	0.042349	19.200653
6000	0.1	68	0.045457	20.300659
6000	0.1	64	0.046138	20.740295
6000	0.1	64	0.044296	19.690613
6000	0.1	65	0.045929	19.766571
6000	0.1	61	0.044166	20.048859
6000	0.1	56	0.046352	21.974945
6000	0.1	68	0.048875	21.522491
6000	0.1	75	0.046702	19.872650
6000	0.1	60	0.046615	21.148956
6000	0.1	65	0.041918	18.021210
6000	0.1	59	0.044134	20.420227
6000	0.1	70	0.047754	20.223480
6000	0.1	57	0.046347	20.967773
6000	0.1	71	0.045456	19.323578
6000	0.1	69	0.045879	19.746063
6000	0.1	69	0.047597	21.331787
6000	0.1	55	0.044199	21.829590
6000	0.1	56	0.043161	20.892212
6000	0.1	70	0.045453	19.923767

7000	0.1	66	0.059113	25.789093
7000	0.1	71	0.057032	24.227692
7000	0.1	48	0.052471	25.547577
7000	0.1	60	0.055534	25.910889
7000	0.1	61	0.058331	25.411560
7000	0.1	71	0.056663	23.864014
7000	0.1	61	0.057653	26.431335
7000	0.1	65	0.056695	25.029541
7000	0.1	61	0.059654	26.280853
7000	0.1	46	0.052561	27.045654
7000	0.1	62	0.058942	26.512756
7000	0.1	56	0.056525	25.988495
7000	0.1	63	0.057380	25.313202
7000	0.1	63	0.055955	25.287323
7000	0.1	66	0.056291	23.903046
7000	0.1	70	0.056587	24.484009
7000	0.1	67	0.056911	24.465057
7000	0.1	78	0.059459	23.802765
7000	0.1	75	0.058128	24.109406
7000	0.1	71	0.058315	24.719360
7000	0.1	59	0.055387	24.538727
7000	0.1	71	0.058495	24.932800
7000	0.1	51	0.050634	24.213257
7000	0.1	61	0.054301	24.295837
7000	0.1	66	0.058538	25.814514
7000	0.1	75	0.057351	23.676636
7000	0.1	67	0.057122	25.553711
7000	0.1	45	0.049513	22.815643
7000	0.1	49	0.055907	25.518738
7000	0.1	61	0.054628	24.153748

8000	0.1	59	0.065244	29.406189
8000	0.1	63	0.083346	29.006195
8000	0.1	69	0.066847	27.485077
8000	0.1	66	0.066286	28.447632
8000	0.1	77	0.069740	28.204559
8000	0.1	65	0.067272	28.859009
8000	0.1	56	0.063498	28.348785
8000	0.1	66	0.069784	30.258179
8000	0.1	58	0.067904	29.067017
8000	0.1	50	0.063932	28.383728
8000	0.1	69	0.068126	28.613190
8000	0.1	69	0.070406	29.461243
8000	0.1	68	0.065829	28.655701
8000	0.1	47	0.058542	26.428864
8000	0.1	74	0.068333	28.276642
8000	0.1	69	0.070575	29.559326
8000	0.1	67	0.070769	29.966675
8000	0.1	69	0.065586	28.128082
8000	0.1	56	0.065461	29.071075
8000	0.1	67	0.068605	29.145844
8000	0.1	44	0.088125	31.057831
8000	0.1	66	0.066787	29.438080
8000	0.1	72	0.070728	28.901855
8000	0.1	72	0.068644	28.105560
8000	0.1	66	0.066926	29.613434
8000	0.1	59	0.064194	29.224091
8000	0.1	68	0.067954	29.228333
8000	0.1	64	0.069522	29.978455
8000	0.1	59	0.069439	31.103943
8000	0.1	54	0.064292	27.782898

9000	0.1	72	0.095006	34.239441
9000	0.1	64	0.080290	33.875153
9000	0.1	56	0.070323	31.825043
9000	0.1	70	0.079375	32.189545
9000	0.1	52	0.069927	32.570221
9000	0.1	72	0.081596	33.637482
9000	0.1	72	0.080402	32.883484
9000	0.1	69	0.080045	33.910889
9000	0.1	70	0.082298	33.825989
9000	0.1	53	0.074336	33.226715
9000	0.1	73	0.081778	34.908478
9000	0.1	64	0.093246	31.744324
9000	0.1	61	0.076441	33.428680
9000	0.1	62	0.075407	32.894348
9000	0.1	72	0.080912	33.267120
9000	0.1	65	0.075963	33.594971
9000	0.1	57	0.093339	34.990082
9000	0.1	73	0.086447	33.502930
9000	0.1	68	0.081663	35.337830
9000	0.1	54	0.069317	30.998688
9000	0.1	76	0.080898	34.483582
9000	0.1	65	0.076307	33.540680
9000	0.1	62	0.077620	33.276550
9000	0.1	56	0.074033	33.057709
9000	0.1	58	0.096523	35.188385
9000	0.1	59	0.073985	31.217377
9000	0.1	64	0.080492	34.354767
9000	0.1	69	0.079137	34.218201
9000	0.1	57	0.078487	33.312927
9000	0.1	66	0.079124	34.063934

10000	0.1	66	0.112207	37.633026
10000	0.1	74	0.092667	37.323975
10000	0.1	64	0.091753	39.172760
10000	0.1	68	0.095857	39.066223
10000	0.1	61	0.159731	39.560364
10000	0.1	63	0.141434	36.082977
10000	0.1	66	0.089602	39.287476
10000	0.1	61	0.089030	37.988922
10000	0.1	63	0.090067	39.078094
10000	0.1	58	0.083449	35.303711
10000	0.1	60	0.092554	39.378204
10000	0.1	77	0.091752	36.508728
10000	0.1	63	0.090263	38.442200
10000	0.1	65	0.093163	38.176758
10000	0.1	68	0.090118	37.974792
10000	0.1	55	0.082691	37.067993
10000	0.1	61	0.083299	35.048615
10000	0.1	59	0.107861	38.132080
10000	0.1	66	0.089100	37.270905
10000	0.1	68	0.092263	37.329987
10000	0.1	72	0.091514	36.362579
10000	0.1	67	0.090906	37.929688
10000	0.1	64	0.088836	37.005066
10000	0.1	67	0.091183	37.376648
10000	0.1	51	0.128776	34.388611
10000	0.1	65	0.086684	35.534882
10000	0.1	61	0.092656	39.881470
10000	0.1	71	0.094926	37.979187
10000	0.1	65	0.092432	38.553436
10000	0.1	49	0.104707	36.022308

11000	0.1	78	0.107869	41.760620
11000	0.1	65	0.097674	40.116333
11000	0.1	53	0.093301	38.056519
11000	0.1	70	0.099248	39.543427
11000	0.1	73	0.100682	38.913544
11000	0.1	53	0.093973	41.587921
11000	0.1	68	0.136552	41.426331
11000	0.1	62	0.095205	39.867279
11000	0.1	75	0.106694	42.268127
11000	0.1	65	0.105068	43.237091
11000	0.1	65	0.100174	41.287476
11000	0.1	69	0.102599	41.470551
11000	0.1	68	0.104847	42.553772
11000	0.1	70	0.103128	42.358521
11000	0.1	59	0.101538	42.808777
11000	0.1	70	0.104114	41.706512
11000	0.1	58	0.098415	43.487946
11000	0.1	61	0.102807	42.951263
11000	0.1	62	0.155530	43.630219
11000	0.1	69	0.126648	41.614349
11000	0.1	52	0.095838	41.709167
11000	0.1	70	0.100348	40.814301
11000	0.1	61	0.097977	41.001984
11000	0.1	76	0.097755	39.335449
11000	0.1	74	0.102780	41.233521
11000	0.1	74	0.106829	41.146973
11000	0.1	65	0.105217	44.249329
11000	0.1	74	0.172090	43.438232
11000	0.1	66	0.096714	38.252472
11000	0.1	55	0.099592	41.050049

12000	0.1	72	0.117959	47.152283
12000	0.1	70	0.109000	44.739380
12000	0.1	68	0.117606	47.615662
12000	0.1	77	0.141242	46.092987
12000	0.1	73	0.118206	44.391327
12000	0.1	70	0.164909	46.371582
12000	0.1	74	0.119851	47.043457
12000	0.1	55	0.172994	46.559875
12000	0.1	57	0.107033	44.169525
12000	0.1	57	0.111132	45.938904
12000	0.1	74	0.112515	44.693420
12000	0.1	57	0.132251	44.765717
12000	0.1	58	0.171871	43.886932
12000	0.1	73	0.117692	45.910583
12000	0.1	66	0.110627	44.827637
12000	0.1	68	0.116755	46.142456
12000	0.1	71	0.182744	45.809448
12000	0.1	66	0.116711	46.448303
12000	0.1	62	0.107136	44.005157
12000	0.1	63	0.132647	43.919281
12000	0.1	64	0.110432	44.097473
12000	0.1	69	0.124571	47.557770
12000	0.1	66	0.108678	45.115753
12000	0.1	42	0.118593	41.658539
12000	0.1	67	0.114785	46.489655
12000	0.1	66	0.109433	43.525452
12000	0.1	55	0.109531	44.366882
12000	0.1	65	0.107066	43.508331
12000	0.1	66	0.114789	45.773224
12000	0.1	64	0.140128	46.696777

13000	0.1	72	0.128681	49.732849
13000	0.1	69	0.125331	49.341797
13000	0.1	75	0.135266	50.919739
13000	0.1	73	0.127375	48.095703
13000	0.1	70	0.175183	49.893066
13000	0.1	53	0.110159	48.078949
13000	0.1	67	0.126756	49.974701
13000	0.1	62	0.125589	50.709503
13000	0.1	57	0.115701	49.711853
13000	0.1	67	0.120077	47.794250
13000	0.1	63	0.167647	48.832581
13000	0.1	62	0.124707	50.518799
13000	0.1	54	0.121623	50.327423
13000	0.1	65	0.187703	50.203033
13000	0.1	71	0.126506	50.496857
13000	0.1	60	0.124531	52.428375
13000	0.1	64	0.120352	47.646759
13000	0.1	64	0.190317	49.866058
13000	0.1	71	0.125989	48.532654
13000	0.1	73	0.133123	49.593353
13000	0.1	73	0.122708	49.039185
13000	0.1	64	0.188655	47.678345
13000	0.1	67	0.119962	49.781952
13000	0.1	64	0.128212	51.186554
13000	0.1	75	0.130578	49.954010
13000	0.1	57	0.116890	47.734833
13000	0.1	66	0.127994	49.398468
13000	0.1	69	0.124682	50.876312
13000	0.1	71	0.128065	50.332092
13000	0.1	71	0.160396	50.259552

14000	0.1	70	0.140825	53.657501
14000	0.1	75	0.141535	53.787750
14000	0.1	60	0.193020	49.680115
14000	0.1	54	0.120085	48.567474
14000	0.1	65	0.134589	53.449860
14000	0.1	59	0.129262	50.911163
14000	0.1	68	0.137362	52.318695
14000	0.1	80	0.177978	53.852325
14000	0.1	66	0.142711	56.810089
14000	0.1	59	0.126733	52.503845
14000	0.1	69	0.143841	55.151764
14000	0.1	69	0.129844	50.057770
14000	0.1	74	0.165954	53.888977
14000	0.1	51	0.118197	48.856537
14000	0.1	68	0.135877	50.996582
14000	0.1	55	0.126294	52.497345
14000	0.1	68	0.163648	51.904358
14000	0.1	63	0.127839	52.906433
14000	0.1	78	0.144197	54.487183
14000	0.1	75	0.198235	53.810272
14000	0.1	62	0.138030	50.972992
14000	0.1	74	0.145815	54.495117
14000	0.1	68	0.134590	52.077881
14000	0.1	79	0.147851	52.074860
14000	0.1	75	0.146402	53.686523
14000	0.1	73	0.138236	53.753784
14000	0.1	70	0.138195	52.955322
14000	0.1	74	0.134006	51.265228
14000	0.1	68	0.141014	55.305023
14000	0.1	62	0.134004	55.406281

15000	0.1	66	0.174557	53.342102
15000	0.1	49	0.127917	56.660980
15000	0.1	71	0.200677	59.012238
15000	0.1	62	0.142542	58.109680
15000	0.1	79	0.148029	54.333069
15000	0.1	75	0.151367	57.219116
15000	0.1	61	0.175771	54.641663
15000	0.1	73	0.151914	58.462769
15000	0.1	73	0.153777	57.719299
15000	0.1	72	0.156915	59.455902
15000	0.1	64	0.143853	55.669098
15000	0.1	76	0.151864	57.515717
15000	0.1	74	0.194716	58.044769
15000	0.1	72	0.149904	55.785431
15000	0.1	61	0.203402	53.039581
15000	0.1	66	0.143643	55.224854
15000	0.1	74	0.177634	55.494751
15000	0.1	70	0.150208	58.348450
15000	0.1	70	0.150056	56.218414
15000	0.1	61	0.215965	57.457977
15000	0.1	60	0.154697	54.556183
15000	0.1	77	0.182332	56.892761
15000	0.1	70	0.152785	57.611755
15000	0.1	59	0.144139	58.394684
15000	0.1	74	0.149848	55.606506
15000	0.1	68	0.149949	57.950592
15000	0.1	72	0.143823	53.532410
15000	0.1	46	0.128791	55.983582
15000	0.1	79	0.220989	54.196259
15000	0.1	72	0.148210	55.425934

16000	0.1	74	0.197650	66.016357
16000	0.1	51	0.146883	60.165466
16000	0.1	64	0.152807	60.549683
16000	0.1	69	0.158173	61.721252
16000	0.1	69	0.164413	63.763275
16000	0.1	57	0.161548	62.945465
16000	0.1	70	0.165491	61.143524
16000	0.1	62	0.167084	64.741089
16000	0.1	77	0.203002	62.149628
16000	0.1	72	0.162677	59.270233
16000	0.1	63	0.150070	58.847504
16000	0.1	80	0.175224	59.270660
16000	0.1	79	0.173312	63.241760
16000	0.1	56	0.146263	57.992859
16000	0.1	84	0.176100	62.992462
16000	0.1	71	0.166720	61.891296
16000	0.1	60	0.179726	56.362488
16000	0.1	62	0.194470	61.840729
16000	0.1	72	0.165703	62.709900
16000	0.1	67	0.160306	59.740662
16000	0.1	66	0.154370	59.730377
16000	0.1	76	0.167488	61.757477
16000	0.1	73	0.161421	60.470001
16000	0.1	59	0.146690	59.372345
16000	0.1	53	0.132565	54.709503
16000	0.1	71	0.161185	61.346191
16000	0.1	62	0.153067	61.357727
16000	0.1	71	0.156858	60.470947
16000	0.1	70	0.164494	63.206421
16000	0.1	71	0.158727	59.993713

17000	0.1	66	0.210801	65.123535
17000	0.1	72	0.184912	68.894379
17000	0.1	62	0.167201	63.552612
17000	0.1	65	0.198628	62.028687
17000	0.1	62	0.174186	67.945984
17000	0.1	64	0.164966	63.597198
17000	0.1	65	0.230144	62.665283
17000	0.1	70	0.174212	64.753235
17000	0.1	76	0.179913	63.383759
17000	0.1	76	0.180756	65.707672
17000	0.1	72	0.171116	64.897858
17000	0.1	77	0.261632	65.382294
17000	0.1	75	0.251546	68.805542
17000	0.1	66	0.173872	67.540283
17000	0.1	57	0.217497	66.591858
17000	0.1	79	0.224800	67.127533
17000	0.1	70	0.211421	65.941895
17000	0.1	70	0.174700	64.070496
17000	0.1	70	0.177171	65.342255
17000	0.1	71	0.182105	66.411865
17000	0.1	75	0.171938	62.868591
17000	0.1	73	0.176755	65.372925
17000	0.1	53	0.172938	64.609650
17000	0.1	58	0.161761	62.926483
17000	0.1	69	0.182255	68.367462
17000	0.1	71	0.206021	67.229279
17000	0.1	67	0.234755	63.806458
17000	0.1	73	0.173036	63.727722
17000	0.1	61	0.222443	62.414612
17000	0.1	72	0.180825	66.667358

18000	0.1	69	0.193395	69.511108
18000	0.1	63	0.239604	67.512390
18000	0.1	73	0.228563	66.903473
18000	0.1	64	0.207733	65.122772
18000	0.1	73	0.185694	67.431030
18000	0.1	65	0.180482	68.528442
18000	0.1	74	0.190527	66.223602
18000	0.1	61	0.172003	66.689240
18000	0.1	63	0.177133	68.257111
18000	0.1	73	0.210915	66.596619
18000	0.1	63	0.178040	68.141235
18000	0.1	73	0.186104	66.364471
18000	0.1	66	0.179952	66.867981
18000	0.1	60	0.176267	66.599579
18000	0.1	79	0.199133	70.562286
18000	0.1	54	0.181403	70.046539
18000	0.1	75	0.200444	72.271942
18000	0.1	75	0.202277	72.304840
18000	0.1	61	0.182998	69.123871
18000	0.1	68	0.257357	69.902405
18000	0.1	57	0.184871	69.596222
18000	0.1	78	0.249147	73.990265
18000	0.1	61	0.223188	66.911835
18000	0.1	73	0.253698	67.029510
18000	0.1	69	0.192855	72.829803
18000	0.1	64	0.172073	64.424957
18000	0.1	73	0.189271	71.054443
18000	0.1	75	0.200722	72.891693
18000	0.1	57	0.182830	69.890656
18000	0.1	68	0.220804	67.930023

19000	0.1	56	0.185396	70.489685
19000	0.1	64	0.265256	75.397461
19000	0.1	73	0.245656	75.663727
19000	0.1	54	0.224388	71.382812
19000	0.1	59	0.251268	71.147156
19000	0.1	63	0.185803	70.863647
19000	0.1	72	0.202777	71.436920
19000	0.1	71	0.208920	73.965973
19000	0.1	68	0.214084	71.350250
19000	0.1	69	0.225384	69.935394
19000	0.1	73	0.198558	71.941345
19000	0.1	77	0.267346	72.990601
19000	0.1	69	0.267883	74.959473
19000	0.1	64	0.199493	73.393768
19000	0.1	76	0.213317	75.788086
19000	0.1	74	0.208906	75.271942
19000	0.1	66	0.191084	73.966919
19000	0.1	63	0.183292	70.140869
19000	0.1	71	0.269691	73.720673
19000	0.1	78	0.273367	72.215851
19000	0.1	63	0.187470	72.147278
19000	0.1	76	0.206102	72.392365
19000	0.1	58	0.241769	70.024261
19000	0.1	65	0.190172	69.242340
19000	0.1	64	0.190073	70.973206
19000	0.1	73	0.195589	71.773712
19000	0.1	73	0.242032	73.645660
19000	0.1	65	0.265055	73.045898
19000	0.1	76	0.203646	70.952423
19000	0.1	67	0.232371	72.819153

20000	0.1	66	0.211521	77.134369
20000	0.1	67	0.279650	77.374329
20000	0.1	72	0.294009	80.844360
20000	0.1	63	0.268750	74.284637
20000	0.1	66	0.207967	77.144379
20000	0.1	82	0.221994	75.710846
20000	0.1	68	0.250840	77.691833
20000	0.1	75	0.210772	74.734131
20000	0.1	69	0.272377	77.368530
20000	0.1	75	0.214874	75.899994
20000	0.1	74	0.269339	81.965424
20000	0.1	78	0.259972	76.280243
20000	0.1	65	0.276288	77.821808
20000	0.1	67	0.209611	76.485382
20000	0.1	56	0.266132	75.070038
20000	0.1	60	0.196086	74.521515
20000	0.1	76	0.219327	75.800079
20000	0.1	72	0.219967	80.177032
20000	0.1	76	0.216702	77.291168
20000	0.1	78	0.216349	78.061707
20000	0.1	72	0.251315	78.080933
20000	0.1	65	0.264330	72.721344
20000	0.1	70	0.205918	76.364136
20000	0.1	79	0.267977	78.466858
20000	0.1	65	0.226146	75.381470
20000	0.1	57	0.192524	72.955933
20000	0.1	61	0.265953	75.666412
20000	0.1	71	0.207843	73.040741
20000	0.1	66	0.206221	78.660400
20000	0.1	68	0.241349	74.295593

21000	0.1	60	0.198666	73.725739
21000	0.1	55	0.189888	73.860992
21000	0.1	73	0.305782	77.926819
21000	0.1	67	0.284422	78.433594
21000	0.1	64	0.218194	77.482178
21000	0.1	55	0.217307	77.957550
21000	0.1	61	0.213570	79.079071
21000	0.1	58	0.276021	76.052856
21000	0.1	78	0.225505	78.689850
21000	0.1	64	0.203878	76.431274
21000	0.1	74	0.283353	84.511169
21000	0.1	74	0.221575	77.898743
21000	0.1	65	0.282647	78.483429
21000	0.1	61	0.250087	77.430267
21000	0.1	55	0.216526	79.664551
21000	0.1	67	0.267892	80.919861
21000	0.1	72	0.244353	85.533539
21000	0.1	71	0.249143	78.674377
21000	0.1	82	0.269409	79.107483
21000	0.1	74	0.266286	83.936584
21000	0.1	69	0.221845	79.261566
21000	0.1	66	0.234822	83.860535
21000	0.1	69	0.215637	78.485840
21000	0.1	59	0.271494	76.467957
21000	0.1	81	0.244175	82.615509
21000	0.1	76	0.234006	81.644867
21000	0.1	59	0.270595	77.470093
21000	0.1	51	0.192851	74.743256
21000	0.1	65	0.198903	74.702362
21000	0.1	58	0.253255	78.058990

22000	0.1	69	0.246423	84.855988
22000	0.1	73	0.250860	86.173706
22000	0.1	78	0.253404	86.888855
22000	0.1	74	0.295876	84.108582
22000	0.1	75	0.232757	81.595947
22000	0.1	62	0.230588	83.507172
22000	0.1	78	0.251252	84.993011
22000	0.1	54	0.305311	81.281555
22000	0.1	63	0.270988	80.050903
22000	0.1	76	0.256808	85.741455
22000	0.1	67	0.224704	81.461609
22000	0.1	62	0.227852	83.255768
22000	0.1	77	0.230022	80.332977
22000	0.1	67	0.249318	89.390930
22000	0.1	73	0.258206	86.403870
22000	0.1	69	0.246948	87.000977
22000	0.1	66	0.261775	85.169739
22000	0.1	74	0.246119	84.807526
22000	0.1	72	0.242849	83.667480
22000	0.1	68	0.310794	83.134918
22000	0.1	74	0.239585	82.250641
22000	0.1	65	0.216689	78.006012
22000	0.1	69	0.307547	85.470337
22000	0.1	69	0.236349	84.530792
22000	0.1	63	0.303870	81.224091
22000	0.1	70	0.315554	87.545471
22000	0.1	77	0.280281	86.831604
22000	0.1	75	0.244546	83.618408
22000	0.1	72	0.231753	81.572662
22000	0.1	69	0.233041	84.455231

23000	0.1	74	0.292362	89.818542
23000	0.1	75	0.291959	86.412109
23000	0.1	74	0.256357	89.729614
23000	0.1	61	0.230157	85.979004
23000	0.1	77	0.255501	87.267365
23000	0.1	64	0.259713	89.970062
23000	0.1	65	0.239204	85.012848
23000	0.1	66	0.239179	85.235016
23000	0.1	77	0.320122	84.930359
23000	0.1	58	0.238465	86.507019
23000	0.1	70	0.272554	91.164429
23000	0.1	73	0.324400	85.397339
23000	0.1	71	0.281757	85.795044
23000	0.1	67	0.313218	86.761719
23000	0.1	55	0.226712	82.715149
23000	0.1	67	0.267782	90.206421
23000	0.1	77	0.327416	87.912018
23000	0.1	62	0.275886	84.541229
23000	0.1	58	0.266693	84.672638
23000	0.1	76	0.255247	83.887970
23000	0.1	69	0.258035	92.390198
23000	0.1	66	0.238411	82.322906
23000	0.1	54	0.272287	78.870880
23000	0.1	75	0.299281	88.335297
23000	0.1	70	0.252747	88.916504
23000	0.1	69	0.245015	86.691498
23000	0.1	69	0.249489	87.686005
23000	0.1	74	0.259624	89.601532
23000	0.1	64	0.238672	85.492889
23000	0.1	74	0.307243	89.132507

24000	0.1	81	0.307142	93.855225
24000	0.1	61	0.252035	91.126343
24000	0.1	73	0.332822	91.074982
24000	0.1	76	0.329071	93.299347
24000	0.1	59	0.322636	90.329010
24000	0.1	59	0.241032	89.388916
24000	0.1	54	0.242586	86.946899
24000	0.1	69	0.335245	90.266876
24000	0.1	61	0.267890	90.233887
24000	0.1	77	0.349859	93.062622
24000	0.1	70	0.310195	90.320709
24000	0.1	62	0.264863	93.239258
24000	0.1	75	0.314887	90.230743
24000	0.1	71	0.341781	93.155426
24000	0.1	70	0.273362	92.745819
24000	0.1	71	0.270554	90.693054
24000	0.1	77	0.286553	94.357880
24000	0.1	59	0.229699	86.361847
24000	0.1	75	0.280943	92.750580
24000	0.1	69	0.275332	94.089325
24000	0.1	69	0.334346	91.550903
24000	0.1	76	0.279560	92.887726
24000	0.1	73	0.319224	93.825226
24000	0.1	72	0.245225	84.924194
24000	0.1	61	0.246162	91.136902
24000	0.1	63	0.250122	87.408081
24000	0.1	64	0.326003	91.724243
24000	0.1	71	0.318326	91.873993
24000	0.1	75	0.268496	91.794800
24000	0.1	66	0.249139	85.409302

25000	0.1	82	0.303985	98.309143
25000	0.1	46	0.242472	92.234467
25000	0.1	60	0.267539	95.486481
25000	0.1	77	0.329383	94.101807
25000	0.1	57	0.282534	88.412903
25000	0.1	78	0.289130	93.212433
25000	0.1	74	0.338415	96.477142
25000	0.1	65	0.264240	92.013123
25000	0.1	73	0.276350	89.758301
25000	0.1	75	0.342962	95.673492
25000	0.1	68	0.288633	97.169220
25000	0.1	53	0.304344	86.934082
25000	0.1	70	0.322308	93.439850
25000	0.1	78	0.288657	96.772827
25000	0.1	68	0.259823	90.565796
25000	0.1	59	0.328999	88.273590
25000	0.1	70	0.343488	93.387543
25000	0.1	79	0.288840	93.327057
25000	0.1	74	0.343966	94.654694
25000	0.1	65	0.338075	93.392487
25000	0.1	69	0.351672	94.938141
25000	0.1	75	0.288146	95.187195
25000	0.1	75	0.287652	91.773804
25000	0.1	77	0.352490	93.320831
25000	0.1	82	0.300049	97.059814
25000	0.1	55	0.266533	96.089172
25000	0.1	75	0.270483	91.413879
25000	0.1	74	0.324324	95.931580
25000	0.1	62	0.339882	96.193115
25000	0.1	64	0.272866	94.577484

26000	0.1	78	0.311236	100.687805
26000	0.1	65	0.355300	102.085205
26000	0.1	75	0.357948	98.625610
26000	0.1	77	0.297465	96.500641
26000	0.1	61	0.260363	94.352203
26000	0.1	75	0.364408	97.008453
26000	0.1	80	0.295845	95.348480
26000	0.1	68	0.286095	96.855896
26000	0.1	82	0.316933	98.159119
26000	0.1	71	0.305329	100.416016
26000	0.1	67	0.306199	100.645508
26000	0.1	67	0.290999	96.935516
26000	0.1	65	0.282143	98.685333
26000	0.1	77	0.314753	101.963287
26000	0.1	79	0.367674	97.211121
26000	0.1	73	0.301533	98.357422
26000	0.1	71	0.288786	96.222137
26000	0.1	76	0.317420	103.194916
26000	0.1	72	0.303894	99.327332
26000	0.1	60	0.309343	97.726105
26000	0.1	66	0.280204	98.207672
26000	0.1	67	0.289908	99.655487
26000	0.1	72	0.303039	99.249512
26000	0.1	68	0.280792	96.710022
26000	0.1	68	0.301864	100.503387
26000	0.1	79	0.344914	97.775177
26000	0.1	72	0.282784	97.075531
26000	0.1	60	0.268888	97.102539
26000	0.1	66	0.288791	95.952820
26000	0.1	51	0.311474	91.876831

27000	0.1	56	0.273157	97.266968
27000	0.1	76	0.349337	104.085236
27000	0.1	69	0.356843	106.359497
27000	0.1	63	0.345372	100.558289
27000	0.1	79	0.359432	98.719330
27000	0.1	80	0.374067	97.169098
27000	0.1	62	0.287706	98.103363
27000	0.1	71	0.360144	100.937531
27000	0.1	81	0.386701	102.073029
27000	0.1	76	0.326700	105.598022
27000	0.1	68	0.298905	99.887665
27000	0.1	71	0.302615	99.192902
27000	0.1	68	0.287171	96.477631
27000	0.1	66	0.363770	101.079987
27000	0.1	61	0.367864	102.809235
27000	0.1	77	0.323152	102.269958
27000	0.1	67	0.353703	104.563660
27000	0.1	65	0.328862	99.661469
27000	0.1	55	0.276690	99.669891
27000	0.1	71	0.301620	99.986023
27000	0.1	85	0.323357	102.035522
27000	0.1	83	0.324186	102.149811
27000	0.1	77	0.353297	101.556091
27000	0.1	62	0.333823	98.307281
27000	0.1	72	0.392009	103.103424
27000	0.1	78	0.301450	98.821594
27000	0.1	81	0.335234	105.293854
27000	0.1	72	0.304562	101.097717
27000	0.1	83	0.399028	102.002411
27000	0.1	73	0.333881	98.886505

28000	0.1	53	0.296057	96.960571
28000	0.1	69	0.396237	107.285309
28000	0.1	61	0.307519	105.350098
28000	0.1	63	0.304932	105.207733
28000	0.1	73	0.324680	106.686737
28000	0.1	77	0.336427	106.499146
28000	0.1	73	0.317344	104.906464
28000	0.1	77	0.342207	107.677307
28000	0.1	60	0.294144	104.062958
28000	0.1	79	0.333564	104.707428
28000	0.1	73	0.386582	103.846130
28000	0.1	66	0.391704	107.333313
28000	0.1	75	0.345670	108.530243
28000	0.1	85	0.347289	107.741119
28000	0.1	77	0.337269	105.920532
28000	0.1	79	0.323364	102.681763
28000	0.1	61	0.306990	105.785736
28000	0.1	72	0.392806	106.086609
28000	0.1	73	0.338815	109.324982
28000	0.1	71	0.319975	102.783203
28000	0.1	77	0.333588	109.244812
28000	0.1	75	0.372329	102.476776
28000	0.1	74	0.329304	106.995667
28000	0.1	74	0.315154	103.971069
28000	0.1	64	0.339545	101.073639
28000	0.1	76	0.402932	107.204285
28000	0.1	71	0.325022	104.658783
28000	0.1	66	0.335988	103.286774
28000	0.1	79	0.375071	108.151123
28000	0.1	77	0.362430	104.725983

29000	0.1	57	0.298080	106.710968
29000	0.1	84	0.411909	113.849762
29000	0.1	74	0.330881	108.820221
29000	0.1	67	0.358664	108.777710
29000	0.1	76	0.379269	111.379333
29000	0.1	70	0.404525	110.771790
29000	0.1	54	0.299731	106.533691
29000	0.1	77	0.404351	107.258850
29000	0.1	76	0.334068	105.226471
29000	0.1	71	0.370742	108.846008
29000	0.1	59	0.384540	111.151733
29000	0.1	64	0.388970	107.347382
29000	0.1	76	0.335698	106.947693
29000	0.1	74	0.392191	106.875061
29000	0.1	73	0.381729	110.877258
29000	0.1	76	0.341363	108.544525
29000	0.1	72	0.340689	111.057892
29000	0.1	59	0.346512	108.579010
29000	0.1	85	0.382276	103.408356
29000	0.1	73	0.339872	106.504303
29000	0.1	69	0.368007	107.216095
29000	0.1	81	0.392761	109.706665
29000	0.1	72	0.341219	109.886414
29000	0.1	70	0.322299	106.293823
29000	0.1	57	0.316499	109.554901
29000	0.1	63	0.302064	105.357330
29000	0.1	69	0.358979	109.440186
29000	0.1	68	0.351610	106.062714
29000	0.1	62	0.377819	111.266449
29000	0.1	70	0.319724	107.246429

30000	0.1	72	0.355090	112.656342
30000	0.1	71	0.349060	111.831207
30000	0.1	79	0.361592	111.953522
30000	0.1	80	0.372715	115.064178
30000	0.1	75	0.380511	106.773712
30000	0.1	73	0.367664	114.603638
30000	0.1	69	0.350015	112.069244
30000	0.1	68	0.339500	113.363983
30000	0.1	82	0.387932	114.258362
30000	0.1	74	0.361081	113.875641
30000	0.1	72	0.373863	113.984222
30000	0.1	68	0.385976	109.524475
30000	0.1	81	0.402871	117.125153
30000	0.1	60	0.326562	105.655945
30000	0.1	79	0.374078	117.127258
30000	0.1	78	0.346625	108.732605
30000	0.1	66	0.382661	112.491302
30000	0.1	74	0.369925	110.144287
30000	0.1	60	0.337823	111.100677
30000	0.1	81	0.387760	115.359161
30000	0.1	66	0.336882	113.591248
30000	0.1	78	0.343209	111.768097
30000	0.1	71	0.346413	111.809753
30000	0.1	73	0.402344	113.364166
30000	0.1	70	0.395670	110.953430
30000	0.1	74	0.345573	112.174194
30000	0.1	73	0.367751	116.625458
30000	0.1	79	0.414372	113.414032
30000	0.1	86	0.373250	113.140259
30000	0.1	77	0.431501	112.388641
