1000	0.2	16	0.004246
1000	0.2	17	0.004491
1000	0.2	19	0.004427
1000	0.2	13	0.004358
1000	0.2	15	0.004158
1000	0.2	12	0.003993
1000	0.2	19	0.004513
1000	0.2	16	0.004201
1000	0.2	18	0.004178
1000	0.2	16	0.003745
1000	0.2	12	0.004295
1000	0.2	17	0.004076
1000	0.2	16	0.004174
1000	0.2	14	0.004389
1000	0.2	14	0.015174
1000	0.2	13	0.003991
1000	0.2	15	0.004523
1000	0.2	16	0.0045
1000	0.2	16	0.004619
1000	0.2	17	0.009721
1000	0.2	16	0.003919
1000	0.2	17	0.004388
1000	0.2	12	0.004723
1000	0.2	12	0.004529
1000	0.2	16	0.004678
1000	0.2	16	0.004331
1000	0.2	15	0.010293
1000	0.2	16	0.004396
1000	0.2	16	0.004275
1000	0.2	14	0.004207

2000	0.2	15	0.010311
2000	0.2	17	0.022128
2000	0.2	20	0.030913
2000	0.2	18	0.009724
2000	0.2	18	0.03357
2000	0.2	20	0.010373
2000	0.2	15	0.009763
2000	0.2	19	0.010004
2000	0.2	17	0.009309
2000	0.2	17	0.010173
2000	0.2	14	0.024737
2000	0.2	20	0.010365
2000	0.2	14	0.009844
2000	0.2	16	0.01025
2000	0.2	19	0.009129
2000	0.2	17	0.010001
2000	0.2	19	0.009984
2000	0.2	17	0.022524
2000	0.2	14	0.008774
2000	0.2	19	0.010079
2000	0.2	17	0.010015
2000	0.2	17	0.009655
2000	0.2	16	0.009419
2000	0.2	14	0.031687
2000	0.2	14	0.009939
2000	0.2	17	0.009953
2000	0.2	17	0.010007
2000	0.2	21	0.010141
2000	0.2	14	0.009091
2000	0.2	20	0.009969

3000	0.2	18	0.014966
3000	0.2	19	0.016745
3000	0.2	21	0.037774
3000	0.2	16	0.015474
3000	0.2	18	0.025774
3000	0.2	19	0.016531
3000	0.2	16	0.017135
3000	0.2	16	0.015638
3000	0.2	21	0.014778
3000	0.2	17	0.015314
3000	0.2	14	0.016121
3000	0.2	11	0.013482
3000	0.2	18	0.016405
3000	0.2	17	0.014822
3000	0.2	15	0.016158
3000	0.2	19	0.015916
3000	0.2	15	0.042895
3000	0.2	15	0.014346
3000	0.2	20	0.016466
3000	0.2	19	0.017236
3000	0.2	16	0.017106
3000	0.2	20	0.052313
3000	0.2	18	0.015759
3000	0.2	20	0.015901
3000	0.2	17	0.01537
3000	0.2	19	0.015132
3000	0.2	20	0.017531
3000	0.2	17	0.016486
3000	0.2	18	0.015292
3000	0.2	18	0.016184

4000	0.2	15	0.062054
4000	0.2	16	0.022378
4000	0.2	14	0.021358
4000	0.2	22	0.024366
4000	0.2	18	0.022667
4000	0.2	22	0.024076
4000	0.2	20	0.022349
4000	0.2	17	0.020445
4000	0.2	19	0.045132
4000	0.2	17	0.022664
4000	0.2	12	0.020136
4000	0.2	19	0.021623
4000	0.2	18	0.021589
4000	0.2	21	0.021895
4000	0.2	16	0.021974
4000	0.2	16	0.021923
4000	0.2	14	0.019818
4000	0.2	19	0.024034
4000	0.2	14	0.020812
4000	0.2	17	0.02305
4000	0.2	15	0.020253
4000	0.2	15	0.020404
4000	0.2	19	0.02237
4000	0.2	15	0.021782
4000	0.2	18	0.035012
4000	0.2	20	0.020745
4000	0.2	17	0.022205
4000	0.2	17	0.023285
4000	0.2	20	0.022817
4000	0.2	17	0.023106

5000	0.2	20	0.076203
5000	0.2	19	0.028525
5000	0.2	17	0.028603
5000	0.2	14	0.028582
5000	0.2	18	0.05117
5000	0.2	17	0.025729
5000	0.2	17	0.028802
5000	0.2	18	0.030468
5000	0.2	22	0.029598
5000	0.2	22	0.030655
5000	0.2	19	0.028632
5000	0.2	20	0.029701
5000	0.2	22	0.059277
5000	0.2	13	0.028584
5000	0.2	23	0.030144
5000	0.2	17	0.027349
5000	0.2	21	0.029153
5000	0.2	19	0.028272
5000	0.2	18	0.030139
5000	0.2	16	0.027104
5000	0.2	21	0.029554
5000	0.2	15	0.027628
5000	0.2	18	0.028906
5000	0.2	17	0.06279
5000	0.2	18	0.029109
5000	0.2	20	0.029021
5000	0.2	19	0.028529
5000	0.2	21	0.027473
5000	0.2	18	0.047223
5000	0.2	14	0.025628

6000	0.2	18	0.0369
6000	0.2	20	0.036515
6000	0.2	14	0.032566
6000	0.2	16	0.031781
6000	0.2	18	0.033376
6000	0.2	18	0.036944
6000	0.2	15	0.062306
6000	0.2	21	0.038026
6000	0.2	17	0.033476
6000	0.2	18	0.035407
6000	0.2	16	0.030881
6000	0.2	19	0.034853
6000	0.2	19	0.034531
6000	0.2	19	0.033844
6000	0.2	19	0.034197
6000	0.2	19	0.032977
6000	0.2	15	0.034504
6000	0.2	19	0.037083
6000	0.2	22	0.036016
6000	0.2	17	0.068782
6000	0.2	19	0.031765
6000	0.2	18	0.032719
6000	0.2	18	0.03758
6000	0.2	16	0.03482
6000	0.2	22	0.035473
6000	0.2	22	0.034984
6000	0.2	20	0.037434
6000	0.2	17	0.032242
6000	0.2	17	0.031369
6000	0.2	23	0.035177

7000	0.2	20	0.0803
7000	0.2	21	0.043267
7000	0.2	13	0.037577
7000	0.2	18	0.039238
7000	0.2	19	0.043267
7000	0.2	22	0.04396
7000	0.2	19	0.042107
7000	0.2	18	0.041756
7000	0.2	16	0.04194
7000	0.2	13	0.036919
7000	0.2	17	0.044681
7000	0.2	15	0.041911
7000	0.2	20	0.040729
7000	0.2	18	0.040485
7000	0.2	18	0.041337
7000	0.2	20	0.040836
7000	0.2	21	0.042064
7000	0.2	23	0.044243
7000	0.2	23	0.043766
7000	0.2	21	0.066417
7000	0.2	18	0.039858
7000	0.2	20	0.084273
7000	0.2	13	0.035535
7000	0.2	18	0.077849
7000	0.2	20	0.043219
7000	0.2	20	0.044394
7000	0.2	17	0.043073
7000	0.2	13	0.035218
7000	0.2	18	0.04043
7000	0.2	18	0.040602

8000	0.2	17	0.046387
8000	0.2	18	0.046648
8000	0.2	19	0.049007
8000	0.2	18	0.048236
8000	0.2	22	0.049813
8000	0.2	19	0.046503
8000	0.2	17	0.047581
8000	0.2	20	0.049216
8000	0.2	19	0.04823
8000	0.2	13	0.043847
8000	0.2	18	0.048396
8000	0.2	20	0.05019
8000	0.2	19	0.046257
8000	0.2	13	0.041057
8000	0.2	23	0.050703
8000	0.2	20	0.050042
8000	0.2	21	0.052619
8000	0.2	17	0.047404
8000	0.2	16	0.045138
8000	0.2	21	0.112625
8000	0.2	13	0.046535
8000	0.2	20	0.04886
8000	0.2	22	0.050819
8000	0.2	21	0.048947
8000	0.2	19	0.047842
8000	0.2	18	0.045506
8000	0.2	20	0.049258
8000	0.2	18	0.049339
8000	0.2	18	0.048329
8000	0.2	18	0.04444

9000	0.2	21	0.122714
9000	0.2	20	0.103234
9000	0.2	15	0.108542
9000	0.2	22	0.095051
9000	0.2	14	0.047857
9000	0.2	21	0.058411
9000	0.2	21	0.057925
9000	0.2	20	0.088623
9000	0.2	21	0.058129
9000	0.2	17	0.050846
9000	0.2	22	0.095864
9000	0.2	20	0.050617
9000	0.2	16	0.052912
9000	0.2	18	0.067281
9000	0.2	18	0.056599
9000	0.2	18	0.05435
9000	0.2	16	0.071257
9000	0.2	22	0.060165
9000	0.2	21	0.057624
9000	0.2	15	0.04868
9000	0.2	18	0.056581
9000	0.2	15	0.053424
9000	0.2	18	0.055211
9000	0.2	16	0.051727
9000	0.2	18	0.053872
9000	0.2	15	0.051642
9000	0.2	19	0.053331
9000	0.2	20	0.056974
9000	0.2	17	0.054837
9000	0.2	19	0.055203

10000	0.2	22	0.103413
10000	0.2	22	0.064174
10000	0.2	17	0.063804
10000	0.2	19	0.065131
10000	0.2	16	0.065587
10000	0.2	18	0.057553
10000	0.2	21	0.060737
10000	0.2	19	0.060746
10000	0.2	19	0.061761
10000	0.2	17	0.125354
10000	0.2	16	0.064246
10000	0.2	23	0.065721
10000	0.2	18	0.062107
10000	0.2	20	0.0645
10000	0.2	19	0.062437
10000	0.2	15	0.056997
10000	0.2	17	0.057453
10000	0.2	19	0.058869
10000	0.2	18	0.060983
10000	0.2	20	0.064456
10000	0.2	21	0.064736
10000	0.2	19	0.063474
10000	0.2	20	0.061108
10000	0.2	17	0.06301
10000	0.2	14	0.053189
10000	0.2	18	0.05893
10000	0.2	16	0.065051
10000	0.2	22	0.067538
10000	0.2	19	0.064121
10000	0.2	10	0.053535

11000	0.2	21	0.110024
11000	0.2	17	0.111522
11000	0.2	14	0.066227
11000	0.2	21	0.06828
11000	0.2	23	0.069638
11000	0.2	14	0.063663
11000	0.2	17	0.072277
11000	0.2	17	0.100877
11000	0.2	23	0.075201
11000	0.2	20	0.071189
11000	0.2	18	0.068419
11000	0.2	20	0.069554
11000	0.2	22	0.071524
11000	0.2	20	0.068659
11000	0.2	18	0.068731
11000	0.2	20	0.071062
11000	0.2	17	0.064765
11000	0.2	16	0.067853
11000	0.2	19	0.068607
11000	0.2	22	0.07093
11000	0.2	16	0.099477
11000	0.2	22	0.067974
11000	0.2	17	0.066912
11000	0.2	21	0.101584
11000	0.2	21	0.072818
11000	0.2	24	0.074964
11000	0.2	16	0.06938
11000	0.2	20	0.07331
11000	0.2	19	0.088984
11000	0.2	16	0.07075

12000	0.2	21	0.113826
12000	0.2	21	0.073135
12000	0.2	19	0.0784
12000	0.2	23	0.080015
12000	0.2	22	0.114877
12000	0.2	22	0.077607
12000	0.2	21	0.081817
12000	0.2	17	0.072488
12000	0.2	20	0.07375
12000	0.2	16	0.078455
12000	0.2	21	0.139136
12000	0.2	17	0.07145
12000	0.2	18	0.139111
12000	0.2	22	0.081825
12000	0.2	21	0.120079
12000	0.2	22	0.078955
12000	0.2	19	0.078903
12000	0.2	18	0.077783
12000	0.2	18	0.07433
12000	0.2	18	0.071566
12000	0.2	20	0.075003
12000	0.2	20	0.082307
12000	0.2	18	0.074067
12000	0.2	10	0.070503
12000	0.2	19	0.076909
12000	0.2	17	0.076075
12000	0.2	17	0.114821
12000	0.2	18	0.07381
12000	0.2	18	0.078441
12000	0.2	20	0.077226

13000	0.2	21	0.133455
13000	0.2	20	0.085292
13000	0.2	21	0.091792
13000	0.2	23	0.088197
13000	0.2	21	0.08463
13000	0.2	12	0.076404
13000	0.2	21	0.086799
13000	0.2	19	0.09683
13000	0.2	15	0.112494
13000	0.2	20	0.119949
13000	0.2	19	0.081323
13000	0.2	17	0.088357
13000	0.2	15	0.083307
13000	0.2	16	0.082153
13000	0.2	21	0.085274
13000	0.2	16	0.084181
13000	0.2	19	0.081337
13000	0.2	19	0.118568
13000	0.2	24	0.08713
13000	0.2	19	0.155502
13000	0.2	18	0.082881
13000	0.2	20	0.085197
13000	0.2	19	0.08106
13000	0.2	17	0.15437
13000	0.2	21	0.090971
13000	0.2	17	0.082228
13000	0.2	18	0.088109
13000	0.2	17	0.084641
13000	0.2	19	0.086682
13000	0.2	20	0.117701

14000	0.2	19	0.139622
14000	0.2	23	0.092999
14000	0.2	19	0.086963
14000	0.2	15	0.085434
14000	0.2	18	0.158338
14000	0.2	17	0.086384
14000	0.2	21	0.094109
14000	0.2	20	0.096474
14000	0.2	18	0.108137
14000	0.2	15	0.086522
14000	0.2	19	0.095693
14000	0.2	19	0.09106
14000	0.2	21	0.159484
14000	0.2	17	0.082627
14000	0.2	19	0.161318
14000	0.2	14	0.088019
14000	0.2	22	0.08821
14000	0.2	18	0.088285
14000	0.2	22	0.096703
14000	0.2	24	0.098595
14000	0.2	19	0.090461
14000	0.2	21	0.09784
14000	0.2	18	0.152391
14000	0.2	24	0.101512
14000	0.2	23	0.131927
14000	0.2	17	0.095056
14000	0.2	21	0.092236
14000	0.2	20	0.123655
14000	0.2	17	0.13424
14000	0.2	16	0.088473

15000	0.2	18	0.09821
15000	0.2	15	0.126677
15000	0.2	21	0.105876
15000	0.2	19	0.096864
15000	0.2	19	0.136956
15000	0.2	20	0.172594
15000	0.2	17	0.093525
15000	0.2	24	0.169509
15000	0.2	21	0.16949
15000	0.2	22	0.106249
15000	0.2	18	0.096966
15000	0.2	21	0.098467
15000	0.2	23	0.104236
15000	0.2	22	0.102012
15000	0.2	16	0.091624
15000	0.2	20	0.098665
15000	0.2	20	0.104933
15000	0.2	20	0.102701
15000	0.2	20	0.127607
15000	0.2	16	0.137994
15000	0.2	18	0.137737
15000	0.2	20	0.129394
15000	0.2	16	0.104135
15000	0.2	16	0.098889
15000	0.2	21	0.140048
15000	0.2	19	0.160787
15000	0.2	23	0.096573
15000	0.2	13	0.088855
15000	0.2	23	0.105159
15000	0.2	20	0.098432

16000	0.2	21	0.157638
16000	0.2	15	0.104367
16000	0.2	18	0.101872
16000	0.2	20	0.174199
16000	0.2	21	0.10854
16000	0.2	16	0.10948
16000	0.2	22	0.14805
16000	0.2	19	0.167556
16000	0.2	20	0.113213
16000	0.2	20	0.150526
16000	0.2	17	0.104258
16000	0.2	23	0.109105
16000	0.2	23	0.114326
16000	0.2	15	0.09898
16000	0.2	24	0.11542
16000	0.2	20	0.114555
16000	0.2	12	0.138716
16000	0.2	17	0.109247
16000	0.2	20	0.110187
16000	0.2	19	0.109616
16000	0.2	20	0.102347
16000	0.2	22	0.113217
16000	0.2	21	0.178015
16000	0.2	17	0.096296
16000	0.2	14	0.093768
16000	0.2	22	0.107799
16000	0.2	17	0.10342
16000	0.2	22	0.150545
16000	0.2	20	0.111488
16000	0.2	21	0.109737

17000	0.2	20	0.146726
17000	0.2	22	0.121111
17000	0.2	19	0.11641
17000	0.2	21	0.113689
17000	0.2	19	0.118279
17000	0.2	18	0.112522
17000	0.2	20	0.111749
17000	0.2	23	0.114971
17000	0.2	23	0.124446
17000	0.2	22	0.120713
17000	0.2	21	0.116697
17000	0.2	24	0.170696
17000	0.2	22	0.189174
17000	0.2	21	0.139033
17000	0.2	17	0.111698
17000	0.2	24	0.123794
17000	0.2	18	0.113256
17000	0.2	22	0.155471
17000	0.2	22	0.119313
17000	0.2	20	0.121169
17000	0.2	20	0.113732
17000	0.2	19	0.118158
17000	0.2	16	0.107723
17000	0.2	19	0.111614
17000	0.2	22	0.121588
17000	0.2	21	0.11801
17000	0.2	20	0.143483
17000	0.2	19	0.160883
17000	0.2	15	0.140446
17000	0.2	22	0.159152

18000	0.2	20	0.123206
18000	0.2	18	0.11606
18000	0.2	20	0.123702
18000	0.2	17	0.158667
18000	0.2	22	0.158131
18000	0.2	18	0.121361
18000	0.2	24	0.132162
18000	0.2	17	0.118255
18000	0.2	17	0.121216
18000	0.2	21	0.151241
18000	0.2	21	0.162313
18000	0.2	21	0.12335
18000	0.2	18	0.146135
18000	0.2	19	0.118432
18000	0.2	24	0.131253
18000	0.2	12	0.128244
18000	0.2	20	0.141116
18000	0.2	21	0.199202
18000	0.2	15	0.153742
18000	0.2	21	0.155587
18000	0.2	14	0.169025
18000	0.2	24	0.135971
18000	0.2	14	0.168766
18000	0.2	18	0.194213
18000	0.2	21	0.123451
18000	0.2	17	0.118209
18000	0.2	19	0.124909
18000	0.2	18	0.20171
18000	0.2	16	0.124691
18000	0.2	19	0.123064

19000	0.2	15	0.12961
19000	0.2	17	0.200882
19000	0.2	19	0.138839
19000	0.2	15	0.126732
19000	0.2	17	0.169381
19000	0.2	18	0.166408
19000	0.2	22	0.131152
19000	0.2	20	0.175399
19000	0.2	21	0.198232
19000	0.2	22	0.170644
19000	0.2	21	0.132534
19000	0.2	19	0.17183
19000	0.2	20	0.202809
19000	0.2	17	0.140348
19000	0.2	21	0.139379
19000	0.2	20	0.205428
19000	0.2	16	0.171963
19000	0.2	17	0.12633
19000	0.2	18	0.135416
19000	0.2	24	0.137701
19000	0.2	17	0.128942
19000	0.2	22	0.207669
19000	0.2	17	0.131604
19000	0.2	19	0.157398
19000	0.2	19	0.128269
19000	0.2	21	0.170998
19000	0.2	19	0.201583
19000	0.2	19	0.13376
19000	0.2	23	0.135983
19000	0.2	19	0.193441

20000	0.2	22	0.139263
20000	0.2	20	0.214466
20000	0.2	20	0.180981
20000	0.2	20	0.138083
20000	0.2	17	0.19922
20000	0.2	22	0.213972
20000	0.2	18	0.183844
20000	0.2	21	0.205071
20000	0.2	20	0.208986
20000	0.2	19	0.194277
20000	0.2	20	0.191223
20000	0.2	23	0.147658
20000	0.2	19	0.140114
20000	0.2	21	0.203815
20000	0.2	16	0.138403
20000	0.2	19	0.172661
20000	0.2	25	0.212743
20000	0.2	18	0.173477
20000	0.2	22	0.143528
20000	0.2	20	0.185081
20000	0.2	23	0.143693
20000	0.2	17	0.200977
20000	0.2	19	0.142489
20000	0.2	23	0.222732
20000	0.2	17	0.201879
20000	0.2	18	0.197475
20000	0.2	18	0.137141
20000	0.2	21	0.202453
20000	0.2	18	0.208626
20000	0.2	20	0.166464

21000	0.2	14	0.206555
21000	0.2	13	0.138302
21000	0.2	19	0.185082
21000	0.2	19	0.145942
21000	0.2	16	0.151068
21000	0.2	14	0.157916
21000	0.2	18	0.213515
21000	0.2	16	0.208801
21000	0.2	23	0.152777
21000	0.2	18	0.142336
21000	0.2	20	0.227034
21000	0.2	20	0.181353
21000	0.2	19	0.209725
21000	0.2	17	0.209607
21000	0.2	16	0.157416
21000	0.2	19	0.221502
21000	0.2	18	0.188746
21000	0.2	22	0.19418
21000	0.2	23	0.151318
21000	0.2	21	0.158742
21000	0.2	19	0.216441
21000	0.2	18	0.197017
21000	0.2	17	0.145234
21000	0.2	17	0.170576
21000	0.2	21	0.155608
21000	0.2	22	0.191265
21000	0.2	18	0.136872
21000	0.2	14	0.16851
21000	0.2	14	0.189253
21000	0.2	17	0.143051

22000	0.2	22	0.229429
22000	0.2	22	0.161387
22000	0.2	20	0.199149
22000	0.2	22	0.229218
22000	0.2	19	0.155869
22000	0.2	18	0.155064
22000	0.2	25	0.204249
22000	0.2	16	0.166693
22000	0.2	17	0.166506
22000	0.2	23	0.188118
22000	0.2	19	0.198902
22000	0.2	17	0.151502
22000	0.2	21	0.222931
22000	0.2	19	0.168035
22000	0.2	20	0.16622
22000	0.2	20	0.222892
22000	0.2	19	0.179251
22000	0.2	21	0.164078
22000	0.2	21	0.159365
22000	0.2	20	0.231334
22000	0.2	22	0.204102
22000	0.2	20	0.184682
22000	0.2	18	0.230271
22000	0.2	18	0.226298
22000	0.2	17	0.221025
22000	0.2	23	0.23646
22000	0.2	20	0.165494
22000	0.2	21	0.196959
22000	0.2	21	0.222258
22000	0.2	20	0.155366

23000	0.2	21	0.210567
23000	0.2	20	0.214815
23000	0.2	22	0.166511
23000	0.2	16	0.235498
23000	0.2	21	0.20059
23000	0.2	19	0.23808
23000	0.2	18	0.168627
23000	0.2	17	0.223243
23000	0.2	20	0.168328
23000	0.2	17	0.166329
23000	0.2	21	0.178665
23000	0.2	20	0.218718
23000	0.2	20	0.163696
23000	0.2	21	0.231627
23000	0.2	15	0.169846
23000	0.2	19	0.178939
23000	0.2	22	0.219378
23000	0.2	18	0.195369
23000	0.2	14	0.159795
23000	0.2	23	0.214948
23000	0.2	20	0.204151
23000	0.2	17	0.213457
23000	0.2	14	0.162267
23000	0.2	22	0.171633
23000	0.2	21	0.213487
23000	0.2	21	0.232462
23000	0.2	21	0.181596
23000	0.2	21	0.171056
23000	0.2	20	0.166468
23000	0.2	23	0.220057

24000	0.2	24	0.181612
24000	0.2	15	0.224513
24000	0.2	22	0.21314
24000	0.2	21	0.182768
24000	0.2	16	0.224009
24000	0.2	17	0.203404
24000	0.2	17	0.183302
24000	0.2	19	0.220994
24000	0.2	17	0.25626
24000	0.2	23	0.221697
24000	0.2	18	0.21687
24000	0.2	16	0.181032
24000	0.2	21	0.222272
24000	0.2	22	0.195732
24000	0.2	18	0.184225
24000	0.2	20	0.186246
24000	0.2	20	0.225961
24000	0.2	14	0.159844
24000	0.2	22	0.178445
24000	0.2	24	0.221805
24000	0.2	19	0.235983
24000	0.2	23	0.247195
24000	0.2	21	0.17848
24000	0.2	18	0.228937
24000	0.2	16	0.230017
24000	0.2	18	0.208557
24000	0.2	16	0.241909
24000	0.2	24	0.188964
24000	0.2	20	0.217008
24000	0.2	17	0.177178

25000	0.2	21	0.265366
25000	0.2	14	0.211825
25000	0.2	15	0.255648
25000	0.2	24	0.188975
25000	0.2	15	0.232076
25000	0.2	24	0.261424
25000	0.2	22	0.190301
25000	0.2	20	0.257229
25000	0.2	22	0.231956
25000	0.2	22	0.228286
25000	0.2	21	0.190883
25000	0.2	13	0.22509
25000	0.2	20	0.25773
25000	0.2	21	0.232411
25000	0.2	20	0.177985
25000	0.2	14	0.183176
25000	0.2	20	0.258492
25000	0.2	21	0.196014
25000	0.2	19	0.188161
25000	0.2	21	0.24923
25000	0.2	21	0.262444
25000	0.2	20	0.253771
25000	0.2	21	0.194032
25000	0.2	24	0.24494
25000	0.2	25	0.235841
25000	0.2	17	0.225018
25000	0.2	21	0.238013
25000	0.2	21	0.257404
25000	0.2	19	0.251975
25000	0.2	17	0.20166

26000	0.2	21	0.267785
26000	0.2	18	0.222438
26000	0.2	19	0.214831
26000	0.2	22	0.198185
26000	0.2	14	0.183414
26000	0.2	23	0.265195
26000	0.2	21	0.256044
26000	0.2	19	0.20793
26000	0.2	22	0.242236
26000	0.2	21	0.256027
26000	0.2	19	0.270099
26000	0.2	21	0.207036
26000	0.2	21	0.26278
26000	0.2	21	0.276689
26000	0.2	21	0.271046
26000	0.2	20	0.200076
26000	0.2	19	0.242337
26000	0.2	21	0.207961
26000	0.2	21	0.199495
26000	0.2	18	0.229632
26000	0.2	16	0.184251
26000	0.2	20	0.26108
26000	0.2	21	0.203307
26000	0.2	19	0.259158
26000	0.2	19	0.240728
26000	0.2	20	0.204195
26000	0.2	20	0.260752
26000	0.2	18	0.19025
26000	0.2	19	0.202838
26000	0.2	12	0.209825

27000	0.2	16	0.26949
27000	0.2	21	0.218906
27000	0.2	21	0.233607
27000	0.2	17	0.261245
27000	0.2	22	0.273698
27000	0.2	22	0.271011
27000	0.2	15	0.279451
27000	0.2	19	0.213899
27000	0.2	22	0.276646
27000	0.2	22	0.282441
27000	0.2	18	0.265045
27000	0.2	22	0.199488
27000	0.2	19	0.264333
27000	0.2	16	0.210294
27000	0.2	16	0.20646
27000	0.2	23	0.275949
27000	0.2	22	0.203644
27000	0.2	19	0.258293
27000	0.2	17	0.276016
27000	0.2	23	0.200151
27000	0.2	23	0.247719
27000	0.2	23	0.208567
27000	0.2	22	0.279195
27000	0.2	20	0.315438
27000	0.2	19	0.202236
27000	0.2	19	0.205026
27000	0.2	23	0.215958
27000	0.2	19	0.276068
27000	0.2	21	0.210212
27000	0.2	20	0.201383

28000	0.2	16	0.298724
28000	0.2	21	0.279263
28000	0.2	17	0.28377
28000	0.2	17	0.202735
28000	0.2	21	0.280048
28000	0.2	23	0.222057
28000	0.2	19	0.208526
28000	0.2	21	0.28563
28000	0.2	17	0.271304
28000	0.2	22	0.287901
28000	0.2	22	0.279719
28000	0.2	22	0.251876
28000	0.2	21	0.272103
28000	0.2	24	0.228351
28000	0.2	23	0.288738
28000	0.2	22	0.274246
28000	0.2	17	0.274963
28000	0.2	21	0.295532
28000	0.2	21	0.220927
28000	0.2	20	0.283672
28000	0.2	20	0.287577
28000	0.2	19	0.284713
28000	0.2	24	0.28913
28000	0.2	19	0.280321
28000	0.2	20	0.207329
28000	0.2	22	0.286897
28000	0.2	19	0.218493
28000	0.2	16	0.258982
28000	0.2	22	0.22233
28000	0.2	19	0.266106

29000	0.2	18	0.276284
29000	0.2	24	0.302166
29000	0.2	19	0.225576
29000	0.2	19	0.289043
29000	0.2	22	0.222332
29000	0.2	20	0.226103
29000	0.2	17	0.222114
29000	0.2	21	0.261693
29000	0.2	23	0.243601
29000	0.2	18	0.236352
29000	0.2	16	0.271169
29000	0.2	17	0.285371
29000	0.2	22	0.268793
29000	0.2	18	0.293581
29000	0.2	21	0.27159
29000	0.2	21	0.258557
29000	0.2	21	0.294158
29000	0.2	17	0.237184
29000	0.2	22	0.237518
29000	0.2	22	0.237363
29000	0.2	20	0.286312
29000	0.2	24	0.301037
29000	0.2	18	0.297494
29000	0.2	18	0.283755
29000	0.2	18	0.288092
29000	0.2	17	0.214841
29000	0.2	18	0.226303
29000	0.2	20	0.284025
29000	0.2	18	0.244959
29000	0.2	20	0.281598

30000	0.2	21	0.310184
30000	0.2	17	0.3014
30000	0.2	23	0.235621
30000	0.2	22	0.27972
30000	0.2	21	0.292463
30000	0.2	20	0.303428
30000	0.2	19	0.282766
30000	0.2	19	0.241021
30000	0.2	19	0.245517
30000	0.2	24	0.239308
30000	0.2	21	0.238525
30000	0.2	19	0.248484
30000	0.2	22	0.26234
30000	0.2	17	0.3035
30000	0.2	23	0.241974
30000	0.2	21	0.236464
30000	0.2	17	0.294387
30000	0.2	18	0.304867
30000	0.2	18	0.310244
30000	0.2	23	0.290054
30000	0.2	16	0.367236
30000	0.2	24	0.234715
30000	0.2	21	0.309708
30000	0.2	20	0.24083
30000	0.2	22	0.30277
30000	0.2	21	0.276902
30000	0.2	21	0.303459
30000	0.2	21	0.307454
30000	0.2	23	0.302542
30000	0.2	20	0.240473

