1000	0.15	29	0.004269	1.995117
1000	0.15	27	0.012338	2.067139
1000	0.15	27	0.004097	2.061462
1000	0.15	29	0.004264	2.023804
1000	0.15	29	0.007536	2.002747
1000	0.15	25	0.004376	2.076660
1000	0.15	27	0.009942	1.963837
1000	0.15	27	0.004402	2.082611
1000	0.15	28	0.004265	2.070923
1000	0.15	28	0.003756	1.957977
1000	0.15	27	0.003984	2.062988
1000	0.15	28	0.004213	2.041901
1000	0.15	27	0.004161	2.020172
1000	0.15	29	0.004131	2.112335
1000	0.15	27	0.003977	1.975311
1000	0.15	28	0.004150	2.110596
1000	0.15	28	0.004039	2.095367
1000	0.15	29	0.005399	2.048553
1000	0.15	27	0.004120	2.092346
1000	0.15	29	0.004130	2.063660
1000	0.15	26	0.004026	1.967926
1000	0.15	27	0.012424	2.007782
1000	0.15	26	0.004389	2.068634
1000	0.15	28	0.004088	2.035706
1000	0.15	26	0.004000	2.000977
1000	0.15	28	0.004380	2.079437
1000	0.15	28	0.009039	2.065826
1000	0.15	28	0.004477	2.064117
1000	0.15	29	0.004168	2.070831
1000	0.15	25	0.004168	2.045502

2000	0.15	30	0.010958	6.516357
2000	0.15	31	0.011191	6.451599
2000	0.15	28	0.010910	6.417938
2000	0.15	28	0.010976	6.337372
2000	0.15	28	0.018793	6.112335
2000	0.15	31	0.015090	6.314606
2000	0.15	30	0.010821	6.358398
2000	0.15	29	0.010688	6.229767
2000	0.15	27	0.012085	6.353973
2000	0.15	29	0.010833	6.204590
2000	0.15	29	0.020353	6.328735
2000	0.15	29	0.010795	6.333313
2000	0.15	30	0.011328	6.362305
2000	0.15	30	0.011140	6.443115
2000	0.15	29	0.010947	6.416046
2000	0.15	32	0.011366	6.298492
2000	0.15	30	0.016231	6.338928
2000	0.15	27	0.011281	6.397827
2000	0.15	28	0.011657	6.557281
2000	0.15	30	0.020017	6.456238
2000	0.15	28	0.011654	6.607483
2000	0.15	31	0.036072	6.384674
2000	0.15	31	0.019333	6.404785
2000	0.15	28	0.015031	6.153534
2000	0.15	28	0.018412	6.362457
2000	0.15	30	0.023147	6.483093
2000	0.15	28	0.011603	6.593567
2000	0.15	30	0.011360	6.505920
2000	0.15	29	0.011338	6.558350
2000	0.15	28	0.023548	6.651154

3000	0.15	32	0.019711	11.454407
3000	0.15	30	0.019245	11.127930
3000	0.15	29	0.019941	11.669830
3000	0.15	30	0.019567	11.602203
3000	0.15	29	0.019232	11.140076
3000	0.15	31	0.020244	11.350891
3000	0.15	32	0.024299	11.450867
3000	0.15	29	0.019888	11.606964
3000	0.15	30	0.028649	11.332825
3000	0.15	32	0.019791	11.418121
3000	0.15	31	0.020311	11.767303
3000	0.15	30	0.020091	11.702576
3000	0.15	30	0.019718	11.516296
3000	0.15	28	0.019488	11.564423
3000	0.15	31	0.019309	11.423523
3000	0.15	32	0.019844	11.774658
3000	0.15	31	0.019601	11.346893
3000	0.15	32	0.019796	11.540619
3000	0.15	30	0.019338	11.458649
3000	0.15	30	0.019586	11.780273
3000	0.15	32	0.019098	11.329407
3000	0.15	25	0.019287	11.389130
3000	0.15	30	0.019766	11.539154
3000	0.15	32	0.033730	11.661896
3000	0.15	31	0.058138	11.644897
3000	0.15	29	0.029794	11.722900
3000	0.15	29	0.019044	10.862305
3000	0.15	30	0.019313	11.347839
3000	0.15	30	0.019876	11.587494
3000	0.15	28	0.020145	11.903625

4000	0.15	29	0.028293	16.432922
4000	0.15	29	0.028570	16.830048
4000	0.15	28	0.028070	16.247894
4000	0.15	28	0.028719	16.663849
4000	0.15	32	0.029192	17.057617
4000	0.15	30	0.028663	16.513153
4000	0.15	29	0.028438	16.817200
4000	0.15	30	0.029346	17.060730
4000	0.15	30	0.028427	16.405609
4000	0.15	30	0.027882	15.990479
4000	0.15	29	0.028657	16.195587
4000	0.15	31	0.028223	16.539429
4000	0.15	31	0.051747	16.536652
4000	0.15	32	0.028878	16.743500
4000	0.15	31	0.028934	16.888123
4000	0.15	29	0.028752	16.447052
4000	0.15	30	0.028237	16.381958
4000	0.15	28	0.028053	16.099091
4000	0.15	30	0.045589	16.541962
4000	0.15	30	0.028438	16.507141
4000	0.15	32	0.028565	16.775726
4000	0.15	30	0.028491	16.689850
4000	0.15	32	0.028099	16.525391
4000	0.15	31	0.028949	16.833344
4000	0.15	28	0.028478	16.522644
4000	0.15	31	0.028873	16.821777
4000	0.15	30	0.028086	16.422668
4000	0.15	31	0.029196	16.293243
4000	0.15	31	0.027829	16.310425
4000	0.15	31	0.028237	16.554718

5000	0.15	28	0.037081	21.136169
5000	0.15	31	0.037697	21.606873
5000	0.15	31	0.037362	21.321838
5000	0.15	30	0.037368	21.592102
5000	0.15	32	0.038262	21.598053
5000	0.15	32	0.038383	21.865082
5000	0.15	29	0.037829	21.742737
5000	0.15	31	0.037408	20.866974
5000	0.15	30	0.037059	21.400391
5000	0.15	29	0.037772	21.465912
5000	0.15	31	0.037501	21.695862
5000	0.15	31	0.037018	21.277466
5000	0.15	30	0.037835	21.784241
5000	0.15	30	0.036772	20.895447
5000	0.15	29	0.036854	21.094910
5000	0.15	27	0.038544	22.172211
5000	0.15	28	0.049322	21.140533
5000	0.15	30	0.037436	21.690369
5000	0.15	28	0.037138	21.476318
5000	0.15	32	0.037708	21.670197
5000	0.15	31	0.037497	21.234314
5000	0.15	31	0.037825	21.688110
5000	0.15	30	0.037890	21.636078
5000	0.15	32	0.037925	21.486359
5000	0.15	28	0.037031	21.189758
5000	0.15	28	0.038119	21.806915
5000	0.15	30	0.037728	21.307343
5000	0.15	31	0.037448	21.572662
5000	0.15	28	0.054227	21.163055
5000	0.15	29	0.037121	21.115082

6000	0.15	32	0.046333	25.752502
6000	0.15	30	0.046468	26.053101
6000	0.15	29	0.047074	26.146576
6000	0.15	30	0.047222	26.565674
6000	0.15	30	0.046411	26.209900
6000	0.15	31	0.047132	26.275604
6000	0.15	32	0.047470	26.639832
6000	0.15	31	0.046543	25.239288
6000	0.15	30	0.046194	25.595184
6000	0.15	30	0.045882	25.621063
6000	0.15	29	0.047201	26.543152
6000	0.15	31	0.045528	25.196991
6000	0.15	32	0.046264	25.921875
6000	0.15	31	0.046268	25.833862
6000	0.15	33	0.046577	25.845551
6000	0.15	31	0.046710	26.178802
6000	0.15	28	0.047248	26.365814
6000	0.15	32	0.047051	26.312958
6000	0.15	32	0.047856	25.673126
6000	0.15	32	0.046264	25.990234
6000	0.15	28	0.046698	26.380981
6000	0.15	31	0.046191	26.016846
6000	0.15	28	0.047078	26.495605
6000	0.15	31	0.046663	26.250580
6000	0.15	30	0.046801	26.157135
6000	0.15	29	0.045934	25.848206
6000	0.15	30	0.046460	25.950714
6000	0.15	31	0.046441	25.869537
6000	0.15	31	0.046523	25.822052
6000	0.15	32	0.047286	25.963898

7000	0.15	30	0.056436	30.760193
7000	0.15	31	0.054467	29.631531
7000	0.15	33	0.055945	30.138580
7000	0.15	31	0.055337	30.170288
7000	0.15	31	0.054975	29.616852
7000	0.15	30	0.072819	30.284119
7000	0.15	32	0.059282	29.962891
7000	0.15	29	0.056530	31.081818
7000	0.15	30	0.054935	29.933685
7000	0.15	31	0.055307	30.342468
7000	0.15	30	0.055598	30.106598
7000	0.15	30	0.055798	30.414093
7000	0.15	31	0.056283	30.956116
7000	0.15	33	0.054689	29.917297
7000	0.15	31	0.055560	30.353088
7000	0.15	33	0.055370	30.096344
7000	0.15	31	0.056918	31.714050
7000	0.15	29	0.054228	29.449768
7000	0.15	31	0.056444	30.803833
7000	0.15	30	0.055083	30.117188
7000	0.15	32	0.055445	30.504211
7000	0.15	31	0.056322	30.688812
7000	0.15	31	0.055304	29.737305
7000	0.15	33	0.056426	30.585144
7000	0.15	30	0.055280	29.681549
7000	0.15	33	0.055011	29.532745
7000	0.15	30	0.056366	30.831635
7000	0.15	29	0.056430	30.117493
7000	0.15	30	0.055824	30.396881
7000	0.15	32	0.055904	30.531433

8000	0.15	31	0.105051	34.498566
8000	0.15	26	0.065453	34.935913
8000	0.15	32	0.064878	34.182281
8000	0.15	30	0.066782	34.822662
8000	0.15	32	0.132140	34.197388
8000	0.15	30	0.064977	34.589844
8000	0.15	32	0.065683	34.834259
8000	0.15	32	0.063898	33.855469
8000	0.15	32	0.066016	35.121399
8000	0.15	31	0.065337	35.049591
8000	0.15	33	0.065111	34.789764
8000	0.15	31	0.074808	34.134064
8000	0.15	32	0.065850	35.030396
8000	0.15	32	0.065455	34.797211
8000	0.15	34	0.064246	33.888794
8000	0.15	28	0.064502	34.367310
8000	0.15	32	0.065687	35.077271
8000	0.15	31	0.064871	33.987518
8000	0.15	30	0.065397	34.664154
8000	0.15	31	0.065394	34.992859
8000	0.15	29	0.064053	33.942871
8000	0.15	32	0.064065	33.951233
8000	0.15	32	0.065060	34.746185
8000	0.15	30	0.076809	34.237976
8000	0.15	28	0.064970	34.636963
8000	0.15	33	0.065137	34.744751
8000	0.15	33	0.064390	33.818695
8000	0.15	33	0.063821	33.966064
8000	0.15	32	0.065919	35.268097
8000	0.15	33	0.065720	35.041992

9000	0.15	32	0.073968	37.780518
9000	0.15	29	0.072771	37.662048
9000	0.15	32	0.072813	37.659271
9000	0.15	29	0.072961	38.069092
9000	0.15	33	0.073383	37.823212
9000	0.15	34	0.072867	37.943604
9000	0.15	32	0.073834	38.626038
9000	0.15	33	0.072328	37.445740
9000	0.15	30	0.073955	38.497833
9000	0.15	32	0.072964	37.711548
9000	0.15	31	0.072941	38.028198
9000	0.15	33	0.073185	38.168396
9000	0.15	32	0.074213	38.407013
9000	0.15	32	0.073730	38.396606
9000	0.15	29	0.073689	38.148773
9000	0.15	32	0.074425	38.712494
9000	0.15	30	0.074735	39.052002
9000	0.15	29	0.073125	37.700256
9000	0.15	31	0.074375	38.384674
9000	0.15	32	0.073779	38.508240
9000	0.15	31	0.073219	37.355896
9000	0.15	33	0.073362	37.976440
9000	0.15	29	0.072533	37.234985
9000	0.15	30	0.073069	37.850403
9000	0.15	33	0.076396	38.662872
9000	0.15	30	0.074422	38.822113
9000	0.15	29	0.073981	38.664185
9000	0.15	31	0.074134	37.626495
9000	0.15	32	0.074553	38.808655
9000	0.15	32	0.074356	38.673126

10000	0.15	32	0.082218	41.651703
10000	0.15	31	0.081712	41.291809
10000	0.15	28	0.082120	41.705261
10000	0.15	29	0.082383	41.563751
10000	0.15	31	0.082737	41.946167
10000	0.15	31	0.084291	41.812286
10000	0.15	31	0.082789	42.245483
10000	0.15	30	0.083110	41.034088
10000	0.15	33	0.084618	42.331146
10000	0.15	32	0.083049	42.202026
10000	0.15	28	0.081500	41.059235
10000	0.15	32	0.081790	41.222351
10000	0.15	33	0.082417	41.420502
10000	0.15	32	0.083613	41.153809
10000	0.15	31	0.082074	41.574280
10000	0.15	34	0.082668	41.502655
10000	0.15	32	0.082776	41.882477
10000	0.15	28	0.083491	42.307190
10000	0.15	31	0.082991	41.705292
10000	0.15	32	0.123675	42.029083
10000	0.15	32	0.141137	42.578583
10000	0.15	32	0.148805	42.235382
10000	0.15	33	0.137009	41.018219
10000	0.15	31	0.150267	42.513702
10000	0.15	29	0.083281	42.373444
10000	0.15	30	0.085657	43.247375
10000	0.15	31	0.082486	41.800079
10000	0.15	32	0.084006	42.058411
10000	0.15	34	0.082486	41.425995
10000	0.15	31	0.083397	41.589264

11000	0.15	30	0.110192	46.462372
11000	0.15	30	0.092309	45.650482
11000	0.15	31	0.092579	45.762299
11000	0.15	32	0.159346	45.167023
11000	0.15	30	0.093291	45.942963
11000	0.15	31	0.091504	45.242188
11000	0.15	32	0.150563	45.484070
11000	0.15	32	0.091089	44.981934
11000	0.15	31	0.089852	43.990448
11000	0.15	32	0.120613	45.842499
11000	0.15	31	0.094007	45.475159
11000	0.15	32	0.092054	45.942688
11000	0.15	34	0.145396	45.653717
11000	0.15	31	0.159415	45.898834
11000	0.15	32	0.092379	45.401154
11000	0.15	31	0.145213	45.482574
11000	0.15	29	0.158959	46.056091
11000	0.15	33	0.159828	45.723389
11000	0.15	34	0.157519	44.956085
11000	0.15	30	0.092022	45.533478
11000	0.15	33	0.091877	44.701569
11000	0.15	33	0.091434	45.295654
11000	0.15	30	0.144115	45.512360
11000	0.15	30	0.159974	45.620880
11000	0.15	32	0.090918	44.574188
11000	0.15	31	0.091617	45.607880
11000	0.15	28	0.151388	45.658081
11000	0.15	31	0.151224	45.750824
11000	0.15	31	0.150247	46.180511
11000	0.15	32	0.161159	45.672394

12000	0.15	30	0.102202	50.282532
12000	0.15	32	0.100567	48.657867
12000	0.15	29	0.128182	48.030365
12000	0.15	31	0.169938	48.525055
12000	0.15	31	0.100165	48.569031
12000	0.15	33	0.160471	48.791260
12000	0.15	31	0.157876	48.302124
12000	0.15	30	0.168803	48.139374
12000	0.15	33	0.170177	49.194489
12000	0.15	31	0.100592	48.698975
12000	0.15	33	0.101402	49.056122
12000	0.15	33	0.167411	49.207184
12000	0.15	33	0.165362	48.276093
12000	0.15	35	0.101539	49.048462
12000	0.15	31	0.100488	48.295929
12000	0.15	29	0.168276	48.230347
12000	0.15	29	0.165684	48.526825
12000	0.15	29	0.101295	47.951416
12000	0.15	34	0.103841	48.977203
12000	0.15	30	0.102774	48.865814
12000	0.15	31	0.100845	48.256866
12000	0.15	31	0.102044	49.996216
12000	0.15	30	0.101666	49.261078
12000	0.15	31	0.102211	49.495850
12000	0.15	32	0.100291	48.281403
12000	0.15	31	0.139572	48.161438
12000	0.15	33	0.100318	48.113403
12000	0.15	32	0.100851	48.632538
12000	0.15	28	0.128071	48.133881
12000	0.15	31	0.100069	47.644867

13000	0.15	34	0.132261	52.212463
13000	0.15	33	0.178249	51.774506
13000	0.15	33	0.109493	51.650574
13000	0.15	30	0.179640	52.830170
13000	0.15	33	0.174659	51.210999
13000	0.15	33	0.173092	51.238495
13000	0.15	33	0.178674	52.860229
13000	0.15	30	0.179026	52.358459
13000	0.15	32	0.179341	52.733917
13000	0.15	31	0.110394	52.278992
13000	0.15	32	0.111930	52.031281
13000	0.15	29	0.109408	51.319214
13000	0.15	31	0.113691	52.476715
13000	0.15	32	0.178163	52.228668
13000	0.15	32	0.179462	51.872772
13000	0.15	31	0.109471	51.778046
13000	0.15	32	0.122250	51.859161
13000	0.15	33	0.109000	51.251648
13000	0.15	33	0.132650	52.163055
13000	0.15	32	0.178074	52.430328
13000	0.15	32	0.176734	52.230469
13000	0.15	29	0.176781	52.009125
13000	0.15	31	0.110372	51.612457
13000	0.15	33	0.179454	52.083374
13000	0.15	31	0.109972	51.753632
13000	0.15	32	0.179659	53.421387
13000	0.15	33	0.181080	52.536713
13000	0.15	34	0.132586	52.331177
13000	0.15	32	0.109535	51.834808
13000	0.15	33	0.131990	52.015503

14000	0.15	31	0.187888	56.059540
14000	0.15	31	0.187830	55.203674
14000	0.15	29	0.152997	55.589844
14000	0.15	33	0.118175	54.490387
14000	0.15	32	0.147421	55.444824
14000	0.15	30	0.118183	54.252380
14000	0.15	31	0.119309	54.664215
14000	0.15	31	0.166922	56.436768
14000	0.15	30	0.122757	56.420837
14000	0.15	32	0.153633	55.851379
14000	0.15	33	0.165457	54.977631
14000	0.15	34	0.174693	55.904938
14000	0.15	32	0.121331	56.041595
14000	0.15	29	0.121207	55.488770
14000	0.15	31	0.120365	55.194214
14000	0.15	31	0.185126	54.992188
14000	0.15	32	0.186999	54.765167
14000	0.15	31	0.177979	55.733673
14000	0.15	32	0.185974	55.220215
14000	0.15	32	0.119448	55.347992
14000	0.15	31	0.155172	56.085785
14000	0.15	31	0.128358	55.778412
14000	0.15	32	0.188721	55.494049
14000	0.15	31	0.146066	54.428070
14000	0.15	32	0.184450	55.423126
14000	0.15	34	0.121229	56.187805
14000	0.15	33	0.187619	55.515289
14000	0.15	33	0.158515	54.827942
14000	0.15	30	0.184939	55.548645
14000	0.15	31	0.118934	55.015961

15000	0.15	30	0.188242	58.080536
15000	0.15	32	0.128180	57.409943
15000	0.15	29	0.130009	58.716492
15000	0.15	34	0.196684	59.099426
15000	0.15	32	0.127171	57.339294
15000	0.15	32	0.127933	57.780548
15000	0.15	32	0.181427	58.575623
15000	0.15	33	0.162061	58.211334
15000	0.15	31	0.198519	58.820923
15000	0.15	33	0.190449	59.307861
15000	0.15	32	0.196686	58.196198
15000	0.15	31	0.129860	58.533844
15000	0.15	31	0.161081	57.197205
15000	0.15	32	0.162528	58.916199
15000	0.15	32	0.129418	58.959595
15000	0.15	31	0.128862	58.702332
15000	0.15	31	0.156382	58.752991
15000	0.15	31	0.128810	58.580292
15000	0.15	33	0.128960	58.267914
15000	0.15	33	0.196963	58.781769
15000	0.15	31	0.128751	58.316132
15000	0.15	30	0.179247	58.958649
15000	0.15	30	0.197258	58.746460
15000	0.15	31	0.157233	59.028473
15000	0.15	34	0.185168	59.152771
15000	0.15	29	0.131648	57.828308
15000	0.15	31	0.180376	57.648956
15000	0.15	31	0.176416	58.375031
15000	0.15	33	0.128507	58.098175
15000	0.15	32	0.174200	58.609222

16000	0.15	32	0.173211	62.883698
16000	0.15	30	0.143382	62.145477
16000	0.15	32	0.138383	61.938263
16000	0.15	33	0.140922	62.502075
16000	0.15	31	0.204572	60.909210
16000	0.15	31	0.154103	61.421204
16000	0.15	31	0.138097	61.576233
16000	0.15	29	0.205845	61.558990
16000	0.15	32	0.171907	62.152405
16000	0.15	31	0.166787	61.759521
16000	0.15	32	0.146468	62.498260
16000	0.15	29	0.165779	61.651947
16000	0.15	31	0.141449	62.022186
16000	0.15	27	0.182363	62.404816
16000	0.15	33	0.165886	62.333221
16000	0.15	33	0.138290	60.883850
16000	0.15	30	0.167502	62.300781
16000	0.15	33	0.206768	61.871552
16000	0.15	31	0.210061	61.081696
16000	0.15	30	0.139569	61.804138
16000	0.15	29	0.206454	61.866821
16000	0.15	31	0.189345	61.135010
16000	0.15	32	0.204043	60.420563
16000	0.15	31	0.204737	60.831940
16000	0.15	34	0.181980	60.612823
16000	0.15	30	0.165428	61.355804
16000	0.15	32	0.138600	62.207306
16000	0.15	29	0.183576	61.323761
16000	0.15	32	0.138868	61.604034
16000	0.15	31	0.159807	62.001160

17000	0.15	31	0.147120	64.596802
17000	0.15	29	0.181595	63.828064
17000	0.15	30	0.147495	64.539032
17000	0.15	32	0.216556	64.442719
17000	0.15	33	0.147249	64.560272
17000	0.15	33	0.184034	65.175903
17000	0.15	33	0.148064	64.293701
17000	0.15	29	0.146598	64.449402
17000	0.15	33	0.150475	64.610779
17000	0.15	33	0.215277	64.921692
17000	0.15	29	0.153843	65.237701
17000	0.15	31	0.177808	64.548492
17000	0.15	31	0.213961	63.882416
17000	0.15	32	0.213490	64.255432
17000	0.15	33	0.144863	63.341492
17000	0.15	33	0.213959	64.382629
17000	0.15	28	0.213829	64.708099
17000	0.15	33	0.148407	64.488708
17000	0.15	32	0.152225	64.526398
17000	0.15	31	0.149435	65.112732
17000	0.15	28	0.213959	63.492249
17000	0.15	32	0.183374	64.589203
17000	0.15	31	0.219013	64.260559
17000	0.15	29	0.215568	64.069885
17000	0.15	29	0.147541	64.619904
17000	0.15	31	0.146969	64.473999
17000	0.15	31	0.174414	63.750336
17000	0.15	32	0.174946	64.586365
17000	0.15	29	0.147760	64.662659
17000	0.15	30	0.209422	64.890717

18000	0.15	31	0.196114	67.162109
18000	0.15	28	0.156426	67.176575
18000	0.15	31	0.155871	66.132721
18000	0.15	27	0.185142	67.887024
18000	0.15	32	0.155741	66.080200
18000	0.15	33	0.161145	66.295380
18000	0.15	30	0.159397	67.727692
18000	0.15	33	0.158832	67.380066
18000	0.15	30	0.176991	66.813965
18000	0.15	28	0.155264	66.716858
18000	0.15	31	0.192145	68.230804
18000	0.15	31	0.158485	67.590302
18000	0.15	31	0.160293	68.025421
18000	0.15	33	0.159443	69.286346
18000	0.15	33	0.231666	66.979126
18000	0.15	33	0.225805	67.226105
18000	0.15	32	0.224540	67.143890
18000	0.15	30	0.196492	66.933350
18000	0.15	34	0.225938	68.563721
18000	0.15	29	0.156591	66.646271
18000	0.15	32	0.158363	67.445160
18000	0.15	30	0.189719	67.165955
18000	0.15	32	0.156879	66.619598
18000	0.15	30	0.155994	66.821808
18000	0.15	34	0.190457	66.593140
18000	0.15	30	0.195898	67.057007
18000	0.15	32	0.226351	68.188110
18000	0.15	29	0.184190	66.767120
18000	0.15	33	0.159067	67.858795
18000	0.15	31	0.156032	67.084167

19000	0.15	33	0.233451	69.475586
19000	0.15	32	0.168712	70.617767
19000	0.15	27	0.168750	70.309601
19000	0.15	30	0.165768	70.083435
19000	0.15	33	0.233529	69.899811
19000	0.15	33	0.171551	71.065430
19000	0.15	30	0.165116	69.604492
19000	0.15	33	0.189083	70.403961
19000	0.15	33	0.168662	70.600159
19000	0.15	32	0.233646	69.586334
19000	0.15	34	0.166857	70.038422
19000	0.15	32	0.169254	71.085052
19000	0.15	29	0.167383	70.290680
19000	0.15	27	0.228217	68.990143
19000	0.15	31	0.169717	70.779846
19000	0.15	33	0.209339	70.484650
19000	0.15	31	0.235626	71.181793
19000	0.15	33	0.166288	70.063751
19000	0.15	30	0.231178	69.659851
19000	0.15	28	0.206494	71.071594
19000	0.15	32	0.242843	71.729584
19000	0.15	32	0.207045	71.100098
19000	0.15	30	0.167959	71.066864
19000	0.15	30	0.166680	70.152344
19000	0.15	32	0.165071	69.200348
19000	0.15	33	0.233227	69.841522
19000	0.15	31	0.200938	69.884155
19000	0.15	31	0.165506	69.527435
19000	0.15	30	0.193919	70.435242
19000	0.15	31	0.166265	70.238983

20000	0.15	31	0.223444	72.751953
20000	0.15	32	0.229691	72.178619
20000	0.15	33	0.175942	73.307068
20000	0.15	31	0.243992	72.820648
20000	0.15	32	0.243367	72.663849
20000	0.15	31	0.175958	73.406433
20000	0.15	32	0.179767	73.717377
20000	0.15	32	0.175840	72.885712
20000	0.15	30	0.179056	73.543610
20000	0.15	32	0.176533	72.501587
20000	0.15	34	0.179277	74.262543
20000	0.15	31	0.210694	71.911438
20000	0.15	30	0.175373	72.698425
20000	0.15	32	0.179199	74.060913
20000	0.15	32	0.258563	72.659515
20000	0.15	33	0.243771	72.115295
20000	0.15	32	0.176345	72.340027
20000	0.15	33	0.178790	73.300262
20000	0.15	33	0.244040	72.951111
20000	0.15	34	0.177152	72.470612
20000	0.15	29	0.178772	73.949615
20000	0.15	30	0.177725	73.507263
20000	0.15	31	0.183608	73.409882
20000	0.15	30	0.174958	72.749084
20000	0.15	30	0.209884	73.273438
20000	0.15	34	0.174463	71.950867
20000	0.15	30	0.210350	72.825378
20000	0.15	32	0.178562	73.265045
20000	0.15	31	0.211163	74.310242
20000	0.15	29	0.211256	73.038696

21000	0.15	30	0.245579	75.174652
21000	0.15	30	0.233485	75.237091
21000	0.15	30	0.218660	75.516602
21000	0.15	32	0.243804	76.384613
21000	0.15	27	0.187010	76.567383
21000	0.15	29	0.227439	77.125763
21000	0.15	32	0.217993	75.446564
21000	0.15	34	0.186467	75.621185
21000	0.15	30	0.186445	76.522583
21000	0.15	31	0.187509	75.115112
21000	0.15	32	0.184221	75.136719
21000	0.15	31	0.185046	75.227142
21000	0.15	33	0.187439	76.195374
21000	0.15	32	0.183891	75.094666
21000	0.15	28	0.263097	75.866608
21000	0.15	33	0.225363	76.063599
21000	0.15	31	0.228052	77.809631
21000	0.15	33	0.225874	76.048004
21000	0.15	33	0.238265	76.233032
21000	0.15	32	0.225351	76.298218
21000	0.15	33	0.253355	74.076508
21000	0.15	30	0.190231	76.108002
21000	0.15	32	0.185025	75.834229
21000	0.15	32	0.255755	76.466248
21000	0.15	30	0.185604	75.951721
21000	0.15	30	0.186930	76.261963
21000	0.15	31	0.188394	75.843292
21000	0.15	33	0.187592	76.152649
21000	0.15	31	0.188222	75.964813
21000	0.15	33	0.253132	75.468597

22000	0.15	31	0.238024	78.287109
22000	0.15	30	0.194728	77.924469
22000	0.15	32	0.193872	77.905853
22000	0.15	33	0.195441	78.183014
22000	0.15	30	0.202714	78.263062
22000	0.15	30	0.197094	77.628632
22000	0.15	32	0.197622	78.154907
22000	0.15	31	0.196592	79.487549
22000	0.15	30	0.237497	78.984467
22000	0.15	32	0.196591	78.132843
22000	0.15	32	0.196747	79.680664
22000	0.15	34	0.270905	77.904999
22000	0.15	34	0.197329	78.963531
22000	0.15	32	0.260370	77.184296
22000	0.15	30	0.196701	79.507019
22000	0.15	33	0.235102	78.446930
22000	0.15	30	0.195148	77.571747
22000	0.15	32	0.262433	78.203644
22000	0.15	32	0.245882	77.735229
22000	0.15	32	0.195382	78.930969
22000	0.15	29	0.198500	79.129333
22000	0.15	32	0.227523	78.561066
22000	0.15	34	0.198153	79.211823
22000	0.15	33	0.228389	77.655457
22000	0.15	30	0.201436	78.922943
22000	0.15	32	0.228280	77.849365
22000	0.15	31	0.195292	78.468140
22000	0.15	34	0.194874	78.373657
22000	0.15	32	0.229628	79.044250
22000	0.15	32	0.196850	79.582520

23000	0.15	33	0.205643	81.285339
23000	0.15	33	0.206299	81.211212
23000	0.15	31	0.205392	80.579315
23000	0.15	31	0.238727	80.438568
23000	0.15	32	0.204979	79.432220
23000	0.15	31	0.205307	81.222015
23000	0.15	33	0.209594	81.554047
23000	0.15	30	0.205457	81.161377
23000	0.15	32	0.270972	80.896057
23000	0.15	32	0.205294	80.472076
23000	0.15	30	0.206445	81.051056
23000	0.15	29	0.246001	82.078156
23000	0.15	32	0.204864	80.764984
23000	0.15	31	0.206147	81.040649
23000	0.15	33	0.245226	81.395203
23000	0.15	32	0.204950	80.929596
23000	0.15	32	0.206029	81.138947
23000	0.15	32	0.204751	80.489807
23000	0.15	34	0.272470	80.335754
23000	0.15	30	0.211088	81.252991
23000	0.15	29	0.206511	81.332855
23000	0.15	33	0.204375	81.174988
23000	0.15	31	0.203968	80.152557
23000	0.15	30	0.206714	80.861664
23000	0.15	31	0.274681	81.097687
23000	0.15	32	0.246305	81.728760
23000	0.15	32	0.208788	81.819336
23000	0.15	29	0.206266	81.153717
23000	0.15	35	0.205445	81.297760
23000	0.15	29	0.208670	82.168457

24000	0.15	32	0.219007	83.829926
24000	0.15	32	0.253729	82.966766
24000	0.15	32	0.280774	83.474365
24000	0.15	34	0.217213	84.684052
24000	0.15	33	0.217518	84.115936
24000	0.15	33	0.254345	83.435699
24000	0.15	32	0.215519	82.624359
24000	0.15	30	0.214950	83.878174
24000	0.15	34	0.217781	83.081024
24000	0.15	32	0.214681	83.684235
24000	0.15	31	0.220804	83.004028
24000	0.15	31	0.212856	82.420319
24000	0.15	33	0.255516	82.969757
24000	0.15	30	0.213764	83.029449
24000	0.15	31	0.214710	83.424255
24000	0.15	28	0.214357	82.402435
24000	0.15	32	0.216900	84.565979
24000	0.15	30	0.249523	82.993256
24000	0.15	32	0.215651	84.366760
24000	0.15	30	0.215425	83.725250
24000	0.15	33	0.215108	82.513733
24000	0.15	30	0.213559	82.534729
24000	0.15	32	0.216825	84.121246
24000	0.15	31	0.216641	84.522308
24000	0.15	32	0.257070	84.144043
24000	0.15	31	0.214766	82.621307
24000	0.15	34	0.284231	83.749817
24000	0.15	31	0.214238	82.587982
24000	0.15	29	0.282587	83.697723
24000	0.15	30	0.213623	82.831024

25000	0.15	30	0.274189	87.202057
25000	0.15	32	0.224555	86.428101
25000	0.15	32	0.228192	86.547516
25000	0.15	31	0.226169	87.365204
25000	0.15	32	0.291866	86.122986
25000	0.15	32	0.224342	86.044189
25000	0.15	30	0.293895	85.727722
25000	0.15	32	0.227035	86.375183
25000	0.15	32	0.293731	86.213715
25000	0.15	31	0.227466	86.793182
25000	0.15	31	0.227371	87.088501
25000	0.15	32	0.294984	86.944733
25000	0.15	33	0.265991	86.154541
25000	0.15	31	0.223921	85.842041
25000	0.15	32	0.293030	85.928711
25000	0.15	32	0.226582	85.663452
25000	0.15	33	0.225440	86.528015
25000	0.15	32	0.226069	86.345154
25000	0.15	31	0.226243	87.537231
25000	0.15	30	0.261485	87.888916
25000	0.15	33	0.226683	86.766876
25000	0.15	32	0.224098	85.496521
25000	0.15	31	0.228496	87.588745
25000	0.15	33	0.224594	85.772949
25000	0.15	32	0.225542	86.763458
25000	0.15	33	0.266944	87.435333
25000	0.15	33	0.285529	85.138214
25000	0.15	33	0.291866	86.050079
25000	0.15	31	0.293834	86.385742
25000	0.15	33	0.261786	84.514496

26000	0.15	33	0.233828	87.415039
26000	0.15	31	0.234815	88.629669
26000	0.15	32	0.235104	88.662781
26000	0.15	32	0.301172	87.507477
26000	0.15	30	0.235515	88.486053
26000	0.15	32	0.236118	89.793945
26000	0.15	32	0.236271	89.541595
26000	0.15	33	0.274390	88.954498
26000	0.15	35	0.237906	89.592224
26000	0.15	29	0.273982	88.040344
26000	0.15	34	0.238526	90.539703
26000	0.15	33	0.241700	89.232147
26000	0.15	32	0.303346	88.456146
26000	0.15	36	0.237350	89.165985
26000	0.15	33	0.270012	88.158356
26000	0.15	32	0.276330	90.188782
26000	0.15	31	0.233095	87.569763
26000	0.15	33	0.237980	88.781616
26000	0.15	33	0.236510	89.425232
26000	0.15	31	0.237391	88.915833
26000	0.15	31	0.235625	88.593140
26000	0.15	31	0.234089	88.276123
26000	0.15	32	0.305896	89.515228
26000	0.15	31	0.232609	87.894348
26000	0.15	33	0.273974	88.401550
26000	0.15	30	0.244090	88.628571
26000	0.15	30	0.233356	88.017395
26000	0.15	32	0.236515	88.277313
26000	0.15	30	0.243750	89.390808
26000	0.15	32	0.237429	88.418549

27000	0.15	31	0.265195	91.449799
27000	0.15	30	0.316512	90.917542
27000	0.15	33	0.289840	92.357666
27000	0.15	30	0.251106	93.439728
27000	0.15	33	0.242289	89.619263
27000	0.15	30	0.246581	91.085175
27000	0.15	31	0.312149	91.457092
27000	0.15	31	0.245556	91.042877
27000	0.15	33	0.243754	89.991638
27000	0.15	33	0.287017	92.164307
27000	0.15	30	0.286237	92.670837
27000	0.15	34	0.247510	91.402863
27000	0.15	31	0.244873	91.319458
27000	0.15	32	0.283739	90.721008
27000	0.15	33	0.286205	91.279327
27000	0.15	31	0.247065	90.279510
27000	0.15	32	0.313628	91.077332
27000	0.15	32	0.246156	91.471222
27000	0.15	32	0.285066	91.114014
27000	0.15	35	0.252663	91.706329
27000	0.15	30	0.249553	90.762756
27000	0.15	32	0.245460	91.460449
27000	0.15	31	0.317457	91.997345
27000	0.15	33	0.276905	93.743683
27000	0.15	33	0.299130	91.160645
27000	0.15	30	0.248029	93.241791
27000	0.15	32	0.278340	90.578308
27000	0.15	32	0.248552	91.412567
27000	0.15	31	0.313939	91.518524
27000	0.15	31	0.312199	91.013794

28000	0.15	30	0.257990	94.343353
28000	0.15	32	0.260321	94.884979
28000	0.15	31	0.323167	95.459717
28000	0.15	33	0.320599	93.503845
28000	0.15	33	0.254196	93.904175
28000	0.15	31	0.257017	94.187775
28000	0.15	33	0.255563	94.522583
28000	0.15	33	0.259215	93.783569
28000	0.15	31	0.296218	94.151917
28000	0.15	31	0.256864	93.227997
28000	0.15	32	0.301160	93.750214
28000	0.15	33	0.255329	93.629181
28000	0.15	31	0.260865	93.647095
28000	0.15	33	0.255429	93.135468
28000	0.15	32	0.256137	94.206390
28000	0.15	30	0.254786	93.425995
28000	0.15	30	0.256635	93.663177
28000	0.15	32	0.256646	95.125549
28000	0.15	33	0.261914	94.742065
28000	0.15	31	0.255890	93.534882
28000	0.15	31	0.297051	94.006378
28000	0.15	33	0.321186	93.028290
28000	0.15	33	0.296443	94.565308
28000	0.15	32	0.256485	94.474792
28000	0.15	29	0.322629	93.559662
28000	0.15	29	0.329211	94.626282
28000	0.15	29	0.262544	93.556549
28000	0.15	33	0.255962	92.604279
28000	0.15	33	0.259305	94.036011
28000	0.15	34	0.324471	92.550812

29000	0.15	32	0.278224	95.774841
29000	0.15	29	0.282714	95.147858
29000	0.15	32	0.266851	96.997406
29000	0.15	31	0.325196	97.404266
29000	0.15	32	0.267458	95.546448
29000	0.15	30	0.267222	97.057312
29000	0.15	32	0.332985	96.485077
29000	0.15	34	0.265924	96.299133
29000	0.15	31	0.303109	96.141541
29000	0.15	33	0.267038	97.633759
29000	0.15	31	0.333802	95.878448
29000	0.15	32	0.262855	94.335907
29000	0.15	31	0.304456	96.193787
29000	0.15	35	0.265975	95.752106
29000	0.15	30	0.281932	97.166443
29000	0.15	31	0.302974	97.490417
29000	0.15	32	0.326542	95.563477
29000	0.15	31	0.271723	96.421387
29000	0.15	30	0.266970	96.544922
29000	0.15	32	0.267243	96.128326
29000	0.15	30	0.266119	96.584473
29000	0.15	31	0.263960	95.610413
29000	0.15	31	0.270722	97.765656
29000	0.15	31	0.333815	96.524872
29000	0.15	31	0.266687	95.827637
29000	0.15	29	0.263776	95.734924
29000	0.15	32	0.276440	97.317352
29000	0.15	33	0.269314	98.376495
29000	0.15	33	0.333874	95.507538
29000	0.15	34	0.306140	95.979248

30000	0.15	34	0.275242	97.623108
30000	0.15	33	0.274951	98.581543
30000	0.15	33	0.279513	99.680267
30000	0.15	30	0.280007	99.512054
30000	0.15	32	0.316529	97.921509
30000	0.15	31	0.276496	99.598938
30000	0.15	30	0.344526	98.747803
30000	0.15	32	0.275429	98.763123
30000	0.15	32	0.317578	100.242401
30000	0.15	32	0.278576	99.296356
30000	0.15	31	0.316223	98.912872
30000	0.15	31	0.279597	99.383423
30000	0.15	33	0.277739	100.219910
30000	0.15	34	0.274596	97.990692
30000	0.15	31	0.317769	99.625885
30000	0.15	31	0.274606	98.143677
30000	0.15	30	0.278608	99.650024
30000	0.15	33	0.344363	99.038147
30000	0.15	29	0.287320	99.879791
30000	0.15	31	0.274047	97.803345
30000	0.15	34	0.308708	98.920593
30000	0.15	32	0.284048	99.264862
30000	0.15	28	0.276333	99.056305
30000	0.15	32	0.321969	97.682434
30000	0.15	30	0.278725	99.659515
30000	0.15	32	0.315568	99.419861
30000	0.15	33	0.276778	98.218353
30000	0.15	29	0.275208	98.071472
30000	0.15	32	0.276399	99.209320
30000	0.15	29	0.278187	100.217957

