1000	0.15	27	0.004089
1000	0.15	26	0.004271
1000	0.15	29	0.007482
1000	0.15	23	0.004264
1000	0.15	22	0.004071
1000	0.15	18	0.012875
1000	0.15	27	0.00409
1000	0.15	26	0.004146
1000	0.15	22	0.007808
1000	0.15	24	0.00373
1000	0.15	22	0.004193
1000	0.15	24	0.003936
1000	0.15	22	0.004098
1000	0.15	22	0.015807
1000	0.15	22	0.004536
1000	0.15	23	0.004001
1000	0.15	27	0.004396
1000	0.15	28	0.004254
1000	0.15	23	0.00439
1000	0.15	24	0.004623
1000	0.15	24	0.003811
1000	0.15	28	0.004372
1000	0.15	24	0.004476
1000	0.15	21	0.004573
1000	0.15	19	0.0044
1000	0.15	26	0.004141
1000	0.15	22	0.003922
1000	0.15	27	0.004389
1000	0.15	27	0.004185
1000	0.15	26	0.004167

2000	0.15	24	0.023392
2000	0.15	28	0.010592
2000	0.15	28	0.010512
2000	0.15	27	0.010007
2000	0.15	32	0.010403
2000	0.15	27	0.010484
2000	0.15	20	0.00982
2000	0.15	31	0.010373
2000	0.15	24	0.009582
2000	0.15	28	0.010368
2000	0.15	24	0.010141
2000	0.15	29	0.011197
2000	0.15	26	0.009993
2000	0.15	30	0.010601
2000	0.15	24	0.009714
2000	0.15	24	0.010476
2000	0.15	31	0.033217
2000	0.15	29	0.010525
2000	0.15	26	0.009484
2000	0.15	31	0.010092
2000	0.15	29	0.010483
2000	0.15	30	0.010517
2000	0.15	28	0.010064
2000	0.15	25	0.022615
2000	0.15	26	0.010479
2000	0.15	27	0.010825
2000	0.15	27	0.010536
2000	0.15	26	0.010973
2000	0.15	27	0.009793
2000	0.15	28	0.010096

3000	0.15	29	0.038997
3000	0.15	30	0.017984
3000	0.15	29	0.017538
3000	0.15	25	0.04662
3000	0.15	30	0.038935
3000	0.15	30	0.018023
3000	0.15	28	0.018858
3000	0.15	29	0.017331
3000	0.15	30	0.016273
3000	0.15	28	0.01691
3000	0.15	24	0.017737
3000	0.15	19	0.015904
3000	0.15	31	0.017573
3000	0.15	27	0.016301
3000	0.15	25	0.017793
3000	0.15	30	0.017282
3000	0.15	27	0.016917
3000	0.15	24	0.016312
3000	0.15	27	0.035254
3000	0.15	29	0.018247
3000	0.15	29	0.018299
3000	0.15	28	0.018294
3000	0.15	28	0.017442
3000	0.15	31	0.030957
3000	0.15	29	0.016968
3000	0.15	28	0.016616
3000	0.15	31	0.018563
3000	0.15	30	0.017958
3000	0.15	27	0.017425
3000	0.15	27	0.017591

4000	0.15	27	0.036918
4000	0.15	28	0.024667
4000	0.15	21	0.024444
4000	0.15	35	0.026779
4000	0.15	33	0.025204
4000	0.15	37	0.025651
4000	0.15	35	0.024384
4000	0.15	26	0.023388
4000	0.15	30	0.02495
4000	0.15	28	0.024941
4000	0.15	22	0.025665
4000	0.15	32	0.024766
4000	0.15	27	0.024955
4000	0.15	30	0.064195
4000	0.15	32	0.024942
4000	0.15	31	0.024987
4000	0.15	25	0.022938
4000	0.15	33	0.026089
4000	0.15	24	0.023294
4000	0.15	31	0.026573
4000	0.15	29	0.023373
4000	0.15	22	0.022893
4000	0.15	31	0.0513
4000	0.15	31	0.024846
4000	0.15	30	0.023713
4000	0.15	28	0.023011
4000	0.15	30	0.037081
4000	0.15	29	0.027265
4000	0.15	32	0.024858
4000	0.15	27	0.027048

5000	0.15	33	0.032705
5000	0.15	32	0.032779
5000	0.15	33	0.032547
5000	0.15	31	0.032586
5000	0.15	26	0.030047
5000	0.15	29	0.029649
5000	0.15	28	0.032794
5000	0.15	28	0.03498
5000	0.15	35	0.033263
5000	0.15	37	0.034966
5000	0.15	31	0.033157
5000	0.15	31	0.034048
5000	0.15	32	0.033867
5000	0.15	27	0.033238
5000	0.15	36	0.051559
5000	0.15	27	0.031266
5000	0.15	33	0.033276
5000	0.15	30	0.054101
5000	0.15	32	0.034301
5000	0.15	25	0.064211
5000	0.15	35	0.032993
5000	0.15	26	0.031571
5000	0.15	29	0.032813
5000	0.15	30	0.035702
5000	0.15	31	0.033187
5000	0.15	30	0.033064
5000	0.15	30	0.033071
5000	0.15	31	0.031674
5000	0.15	34	0.033671
5000	0.15	25	0.067517

6000	0.15	31	0.101897
6000	0.15	32	0.043258
6000	0.15	26	0.039098
6000	0.15	26	0.036678
6000	0.15	29	0.037311
6000	0.15	30	0.04185
6000	0.15	25	0.03704
6000	0.15	32	0.043994
6000	0.15	26	0.039343
6000	0.15	29	0.041758
6000	0.15	27	0.054135
6000	0.15	31	0.040525
6000	0.15	30	0.03991
6000	0.15	30	0.038737
6000	0.15	31	0.040019
6000	0.15	29	0.037849
6000	0.15	29	0.039603
6000	0.15	32	0.042903
6000	0.15	38	0.041884
6000	0.15	29	0.039442
6000	0.15	29	0.036778
6000	0.15	28	0.091633
6000	0.15	35	0.041696
6000	0.15	30	0.03975
6000	0.15	33	0.041411
6000	0.15	33	0.040312
6000	0.15	32	0.04183
6000	0.15	24	0.038136
6000	0.15	26	0.036893
6000	0.15	35	0.040059

7000	0.15	30	0.112937
7000	0.15	34	0.048475
7000	0.15	20	0.043875
7000	0.15	27	0.047595
7000	0.15	30	0.050449
7000	0.15	35	0.089758
7000	0.15	27	0.049419
7000	0.15	33	0.048294
7000	0.15	29	0.048915
7000	0.15	21	0.0426
7000	0.15	28	0.051802
7000	0.15	29	0.048231
7000	0.15	31	0.046843
7000	0.15	33	0.046944
7000	0.15	30	0.047505
7000	0.15	34	0.048548
7000	0.15	32	0.048951
7000	0.15	39	0.051557
7000	0.15	35	0.050751
7000	0.15	35	0.050582
7000	0.15	31	0.069148
7000	0.15	36	0.052165
7000	0.15	23	0.041552
7000	0.15	30	0.046407
7000	0.15	32	0.051098
7000	0.15	33	0.0504
7000	0.15	31	0.049512
7000	0.15	21	0.040307
7000	0.15	25	0.047449
7000	0.15	31	0.04682

8000	0.15	30	0.053016
8000	0.15	30	0.054868
8000	0.15	35	0.083405
8000	0.15	31	0.055844
8000	0.15	33	0.125433
8000	0.15	31	0.054891
8000	0.15	26	0.053577
8000	0.15	32	0.088982
8000	0.15	32	0.089787
8000	0.15	27	0.050434
8000	0.15	34	0.08979
8000	0.15	34	0.058963
8000	0.15	36	0.054671
8000	0.15	24	0.046649
8000	0.15	36	0.058457
8000	0.15	33	0.059475
8000	0.15	31	0.059741
8000	0.15	32	0.055719
8000	0.15	23	0.051741
8000	0.15	30	0.057386
8000	0.15	25	0.053004
8000	0.15	30	0.056582
8000	0.15	34	0.126728
8000	0.15	33	0.057434
8000	0.15	33	0.057072
8000	0.15	29	0.053656
8000	0.15	34	0.0574
8000	0.15	30	0.058243
8000	0.15	27	0.056619
8000	0.15	25	0.05107

9000	0.15	35	0.066262
9000	0.15	31	0.06618
9000	0.15	28	0.058801
9000	0.15	32	0.06444
9000	0.15	25	0.055838
9000	0.15	34	0.067213
9000	0.15	35	0.066867
9000	0.15	34	0.065188
9000	0.15	31	0.067045
9000	0.15	26	0.059889
9000	0.15	33	0.066578
9000	0.15	31	0.059839
9000	0.15	28	0.061576
9000	0.15	29	0.090475
9000	0.15	31	0.132476
9000	0.15	27	0.062699
9000	0.15	28	0.062336
9000	0.15	36	0.070176
9000	0.15	33	0.067705
9000	0.15	23	0.055702
9000	0.15	33	0.066557
9000	0.15	28	0.062888
9000	0.15	31	0.06408
9000	0.15	28	0.060025
9000	0.15	31	0.063943
9000	0.15	33	0.059314
9000	0.15	32	0.06334
9000	0.15	34	0.067417
9000	0.15	32	0.102423
9000	0.15	32	0.06527

10000	0.15	34	0.14089
10000	0.15	34	0.075393
10000	0.15	31	0.075141
10000	0.15	34	0.076415
10000	0.15	28	0.077732
10000	0.15	26	0.066784
10000	0.15	30	0.072305
10000	0.15	27	0.07151
10000	0.15	31	0.071537
10000	0.15	31	0.067986
10000	0.15	29	0.074744
10000	0.15	35	0.074935
10000	0.15	29	0.072462
10000	0.15	30	0.075126
10000	0.15	31	0.072543
10000	0.15	25	0.065016
10000	0.15	29	0.067068
10000	0.15	27	0.069104
10000	0.15	35	0.071157
10000	0.15	36	0.074958
10000	0.15	31	0.075555
10000	0.15	36	0.074035
10000	0.15	35	0.100131
10000	0.15	34	0.074316
10000	0.15	28	0.061763
10000	0.15	29	0.102199
10000	0.15	30	0.074001
10000	0.15	35	0.07904
10000	0.15	34	0.074898
10000	0.15	22	0.061986

11000	0.15	36	0.136678
11000	0.15	31	0.078053
11000	0.15	28	0.075091
11000	0.15	30	0.079307
11000	0.15	36	0.084586
11000	0.15	26	0.07373
11000	0.15	34	0.084638
11000	0.15	31	0.077247
11000	0.15	36	0.155203
11000	0.15	31	0.084199
11000	0.15	32	0.08154
11000	0.15	31	0.082932
11000	0.15	34	0.085245
11000	0.15	29	0.080343
11000	0.15	31	0.081033
11000	0.15	30	0.082534
11000	0.15	29	0.078644
11000	0.15	30	0.080911
11000	0.15	30	0.079775
11000	0.15	37	0.084539
11000	0.15	25	0.075866
11000	0.15	35	0.141519
11000	0.15	29	0.078912
11000	0.15	36	0.079332
11000	0.15	34	0.083126
11000	0.15	37	0.08757
11000	0.15	31	0.082612
11000	0.15	35	0.086885
11000	0.15	36	0.078242
11000	0.15	25	0.081929

12000	0.15	34	0.094506
12000	0.15	34	0.086466
12000	0.15	33	0.091585
12000	0.15	35	0.095197
12000	0.15	38	0.095478
12000	0.15	35	0.130295
12000	0.15	35	0.096984
12000	0.15	26	0.086124
12000	0.15	30	0.086051
12000	0.15	29	0.0872
12000	0.15	38	0.091
12000	0.15	29	0.084067
12000	0.15	28	0.081999
12000	0.15	36	0.094867
12000	0.15	31	0.086906
12000	0.15	31	0.093234
12000	0.15	32	0.094707
12000	0.15	30	0.091914
12000	0.15	29	0.084722
12000	0.15	29	0.083406
12000	0.15	32	0.087925
12000	0.15	35	0.095554
12000	0.15	32	0.085045
12000	0.15	19	0.146209
12000	0.15	31	0.093363
12000	0.15	30	0.087457
12000	0.15	27	0.103744
12000	0.15	30	0.085909
12000	0.15	33	0.09158
12000	0.15	31	0.089498

13000	0.15	34	0.169662
13000	0.15	31	0.163528
13000	0.15	36	0.108772
13000	0.15	37	0.102637
13000	0.15	31	0.099614
13000	0.15	23	0.087366
13000	0.15	35	0.101278
13000	0.15	33	0.167458
13000	0.15	27	0.091882
13000	0.15	31	0.096052
13000	0.15	33	0.096058
13000	0.15	30	0.09824
13000	0.15	28	0.095944
13000	0.15	30	0.094794
13000	0.15	31	0.099489
13000	0.15	30	0.137751
13000	0.15	33	0.09295
13000	0.15	33	0.099151
13000	0.15	36	0.134912
13000	0.15	34	0.101686
13000	0.15	37	0.097668
13000	0.15	34	0.098114
13000	0.15	30	0.161969
13000	0.15	35	0.099197
13000	0.15	38	0.105554
13000	0.15	27	0.093663
13000	0.15	32	0.10366
13000	0.15	30	0.099767
13000	0.15	34	0.100907
13000	0.15	32	0.096529

14000	0.15	34	0.15858
14000	0.15	33	0.10981
14000	0.15	26	0.100586
14000	0.15	27	0.095703
14000	0.15	31	0.106815
14000	0.15	26	0.100203
14000	0.15	33	0.111891
14000	0.15	35	0.112498
14000	0.15	33	0.114541
14000	0.15	29	0.100501
14000	0.15	32	0.111243
14000	0.15	34	0.104451
14000	0.15	33	0.109795
14000	0.15	28	0.093103
14000	0.15	33	0.106939
14000	0.15	25	0.099774
14000	0.15	34	0.103478
14000	0.15	31	0.100794
14000	0.15	36	0.11415
14000	0.15	36	0.18485
14000	0.15	32	0.104249
14000	0.15	38	0.115652
14000	0.15	33	0.107701
14000	0.15	40	0.165259
14000	0.15	36	0.114884
14000	0.15	31	0.108876
14000	0.15	37	0.108399
14000	0.15	40	0.106092
14000	0.15	31	0.110687
14000	0.15	30	0.172723

15000	0.15	31	0.180487
15000	0.15	23	0.14013
15000	0.15	36	0.189019
15000	0.15	29	0.111879
15000	0.15	36	0.116812
15000	0.15	36	0.12042
15000	0.15	30	0.108514
15000	0.15	34	0.119926
15000	0.15	36	0.120456
15000	0.15	35	0.123079
15000	0.15	28	0.112269
15000	0.15	35	0.116535
15000	0.15	36	0.122927
15000	0.15	35	0.120892
15000	0.15	31	0.106732
15000	0.15	32	0.114442
15000	0.15	35	0.123273
15000	0.15	33	0.120036
15000	0.15	36	0.115803
15000	0.15	29	0.178605
15000	0.15	30	0.104499
15000	0.15	33	0.11892
15000	0.15	32	0.121789
15000	0.15	29	0.113762
15000	0.15	35	0.118679
15000	0.15	29	0.145221
15000	0.15	34	0.112402
15000	0.15	24	0.100579
15000	0.15	39	0.124343
15000	0.15	31	0.115274

16000	0.15	36	0.185938
16000	0.15	25	0.117067
16000	0.15	29	0.118296
16000	0.15	34	0.122288
16000	0.15	37	0.129762
16000	0.15	29	0.1248
16000	0.15	39	0.128347
16000	0.15	30	0.128543
16000	0.15	34	0.132051
16000	0.15	36	0.129049
16000	0.15	29	0.116988
16000	0.15	37	0.128138
16000	0.15	37	0.136155
16000	0.15	31	0.115019
16000	0.15	38	0.138832
16000	0.15	36	0.169555
16000	0.15	25	0.164308
16000	0.15	29	0.119181
16000	0.15	35	0.168924
16000	0.15	33	0.128011
16000	0.15	29	0.159669
16000	0.15	36	0.13123
16000	0.15	36	0.127478
16000	0.15	28	0.180542
16000	0.15	22	0.103859
16000	0.15	35	0.126705
16000	0.15	31	0.119414
16000	0.15	36	0.122799
16000	0.15	35	0.175468
16000	0.15	32	0.125539

17000	0.15	30	0.199575
17000	0.15	34	0.146204
17000	0.15	31	0.172261
17000	0.15	32	0.128364
17000	0.15	32	0.137608
17000	0.15	29	0.130008
17000	0.15	31	0.128433
17000	0.15	34	0.182828
17000	0.15	34	0.178725
17000	0.15	36	0.140027
17000	0.15	32	0.174962
17000	0.15	37	0.187732
17000	0.15	36	0.143161
17000	0.15	32	0.13694
17000	0.15	28	0.128565
17000	0.15	38	0.146652
17000	0.15	32	0.132364
17000	0.15	35	0.136136
17000	0.15	31	0.140202
17000	0.15	34	0.20881
17000	0.15	35	0.134519
17000	0.15	33	0.13813
17000	0.15	27	0.125326
17000	0.15	28	0.12838
17000	0.15	33	0.140504
17000	0.15	34	0.172777
17000	0.15	32	0.136288
17000	0.15	34	0.174035
17000	0.15	26	0.188976
17000	0.15	35	0.140657

18000	0.15	33	0.141637
18000	0.15	33	0.204875
18000	0.15	33	0.211835
18000	0.15	29	0.136371
18000	0.15	33	0.213022
18000	0.15	31	0.141642
18000	0.15	36	0.148397
18000	0.15	26	0.202912
18000	0.15	30	0.137851
18000	0.15	36	0.213634
18000	0.15	32	0.141047
18000	0.15	36	0.143659
18000	0.15	33	0.181353
18000	0.15	29	0.205149
18000	0.15	39	0.182943
18000	0.15	25	0.141186
18000	0.15	35	0.193169
18000	0.15	38	0.153711
18000	0.15	31	0.184841
18000	0.15	36	0.183635
18000	0.15	27	0.145682
18000	0.15	39	0.207216
18000	0.15	29	0.144916
18000	0.15	34	0.147776
18000	0.15	34	0.147586
18000	0.15	31	0.134645
18000	0.15	33	0.146938
18000	0.15	32	0.150831
18000	0.15	31	0.213236
18000	0.15	34	0.20889

19000	0.15	30	0.217012
19000	0.15	31	0.195952
19000	0.15	33	0.230488
19000	0.15	28	0.143308
19000	0.15	30	0.15209
19000	0.15	30	0.210708
19000	0.15	33	0.222218
19000	0.15	34	0.15996
19000	0.15	30	0.153518
19000	0.15	36	0.153903
19000	0.15	34	0.155543
19000	0.15	33	0.1585
19000	0.15	32	0.158759
19000	0.15	27	0.156544
19000	0.15	40	0.219446
19000	0.15	36	0.161699
19000	0.15	29	0.150963
19000	0.15	30	0.210597
19000	0.15	34	0.156015
19000	0.15	35	0.15977
19000	0.15	28	0.163032
19000	0.15	34	0.160754
19000	0.15	28	0.149576
19000	0.15	29	0.199804
19000	0.15	29	0.145465
19000	0.15	34	0.15188
19000	0.15	34	0.157051
19000	0.15	31	0.154472
19000	0.15	36	0.158298
19000	0.15	31	0.158822

20000	0.15	31	0.207848
20000	0.15	32	0.233768
20000	0.15	34	0.17539
20000	0.15	32	0.158455
20000	0.15	30	0.160448
20000	0.15	38	0.172759
20000	0.15	33	0.242856
20000	0.15	35	0.177265
20000	0.15	33	0.164621
20000	0.15	34	0.214272
20000	0.15	36	0.24288
20000	0.15	36	0.170759
20000	0.15	31	0.159906
20000	0.15	30	0.160927
20000	0.15	30	0.156574
20000	0.15	29	0.154685
20000	0.15	35	0.169739
20000	0.15	34	0.169047
20000	0.15	37	0.166666
20000	0.15	33	0.168837
20000	0.15	34	0.166439
20000	0.15	28	0.181497
20000	0.15	34	0.16384
20000	0.15	38	0.176347
20000	0.15	31	0.153801
20000	0.15	27	0.149423
20000	0.15	27	0.194667
20000	0.15	36	0.163116
20000	0.15	28	0.162667
20000	0.15	30	0.200669

21000	0.15	28	0.158297
21000	0.15	27	0.149779
21000	0.15	35	0.176881
21000	0.15	34	0.235967
21000	0.15	31	0.199132
21000	0.15	26	0.17307
21000	0.15	31	0.164917
21000	0.15	26	0.208806
21000	0.15	35	0.245429
21000	0.15	30	0.16282
21000	0.15	35	0.183497
21000	0.15	34	0.238605
21000	0.15	29	0.166562
21000	0.15	28	0.201522
21000	0.15	25	0.17319
21000	0.15	34	0.199067
21000	0.15	33	0.227709
21000	0.15	33	0.17027
21000	0.15	34	0.177873
21000	0.15	34	0.223281
21000	0.15	36	0.226313
21000	0.15	32	0.22115
21000	0.15	33	0.168928
21000	0.15	28	0.159238
21000	0.15	39	0.252932
21000	0.15	36	0.218988
21000	0.15	24	0.155796
21000	0.15	24	0.228094
21000	0.15	31	0.159144
21000	0.15	26	0.160032

22000	0.15	32	0.259527
22000	0.15	37	0.249618
22000	0.15	32	0.260607
22000	0.15	32	0.258368
22000	0.15	37	0.177839
22000	0.15	29	0.245395
22000	0.15	36	0.230923
22000	0.15	27	0.185704
22000	0.15	33	0.202458
22000	0.15	39	0.264237
22000	0.15	31	0.179995
22000	0.15	30	0.24047
22000	0.15	39	0.220039
22000	0.15	32	0.195838
22000	0.15	31	0.193869
22000	0.15	37	0.224384
22000	0.15	31	0.18611
22000	0.15	37	0.237691
22000	0.15	35	0.226077
22000	0.15	33	0.242363
22000	0.15	38	0.18632
22000	0.15	30	0.173651
22000	0.15	33	0.231626
22000	0.15	35	0.185052
22000	0.15	30	0.185109
22000	0.15	35	0.191331
22000	0.15	37	0.233772
22000	0.15	35	0.256786
22000	0.15	33	0.213097
22000	0.15	34	0.249739

23000	0.15	35	0.22566
23000	0.15	36	0.192537
23000	0.15	33	0.235345
23000	0.15	30	0.184751
23000	0.15	36	0.202055
23000	0.15	30	0.26104
23000	0.15	29	0.188985
23000	0.15	30	0.204944
23000	0.15	35	0.264174
23000	0.15	28	0.254192
23000	0.15	31	0.208634
23000	0.15	35	0.227149
23000	0.15	29	0.189864
23000	0.15	33	0.189809
23000	0.15	27	0.223958
23000	0.15	30	0.199704
23000	0.15	37	0.229609
23000	0.15	31	0.182105
23000	0.15	30	0.244268
23000	0.15	34	0.2604
23000	0.15	34	0.195917
23000	0.15	29	0.190198
23000	0.15	22	0.24079
23000	0.15	35	0.238447
23000	0.15	35	0.193438
23000	0.15	34	0.256069
23000	0.15	33	0.192473
23000	0.15	32	0.265539
23000	0.15	31	0.188227
23000	0.15	36	0.276356

24000	0.15	38	0.214049
24000	0.15	29	0.202731
24000	0.15	37	0.207984
24000	0.15	35	0.212977
24000	0.15	29	0.240682
24000	0.15	27	0.189565
24000	0.15	29	0.197354
24000	0.15	32	0.202918
24000	0.15	28	0.20926
24000	0.15	39	0.217973
24000	0.15	34	0.200819
24000	0.15	30	0.232476
24000	0.15	36	0.234171
24000	0.15	31	0.211724
24000	0.15	35	0.278657
24000	0.15	33	0.279061
24000	0.15	39	0.258629
24000	0.15	27	0.177617
24000	0.15	36	0.208925
24000	0.15	37	0.250534
24000	0.15	32	0.27299
24000	0.15	37	0.244923
24000	0.15	37	0.275495
24000	0.15	34	0.213295
24000	0.15	32	0.229895
24000	0.15	32	0.192352
24000	0.15	29	0.237594
24000	0.15	38	0.21485
24000	0.15	36	0.20324
24000	0.15	29	0.263975

25000	0.15	39	0.298256
25000	0.15	23	0.188617
25000	0.15	29	0.207647
25000	0.15	35	0.278713
25000	0.15	29	0.199832
25000	0.15	38	0.255867
25000	0.15	36	0.287174
25000	0.15	29	0.248695
25000	0.15	37	0.286349
25000	0.15	36	0.223833
25000	0.15	31	0.222759
25000	0.15	23	0.195424
25000	0.15	35	0.209228
25000	0.15	35	0.221198
25000	0.15	34	0.265035
25000	0.15	27	0.201051
25000	0.15	34	0.283073
25000	0.15	36	0.263904
25000	0.15	35	0.28702
25000	0.15	31	0.204795
25000	0.15	35	0.221941
25000	0.15	38	0.221564
25000	0.15	35	0.259472
25000	0.15	36	0.29194
25000	0.15	37	0.232307
25000	0.15	30	0.24151
25000	0.15	33	0.279104
25000	0.15	34	0.285158
25000	0.15	30	0.253296
25000	0.15	29	0.274418

26000	0.15	38	0.276456
26000	0.15	34	0.302074
26000	0.15	33	0.26482
26000	0.15	39	0.294559
26000	0.15	26	0.201473
26000	0.15	37	0.229428
26000	0.15	38	0.261513
26000	0.15	32	0.240074
26000	0.15	38	0.255713
26000	0.15	35	0.243564
26000	0.15	33	0.300298
26000	0.15	32	0.232798
26000	0.15	31	0.219397
26000	0.15	37	0.239785
26000	0.15	37	0.271556
26000	0.15	36	0.229565
26000	0.15	35	0.225988
26000	0.15	39	0.31138
26000	0.15	35	0.268517
26000	0.15	28	0.281064
26000	0.15	29	0.282797
26000	0.15	33	0.220702
26000	0.15	34	0.29869
26000	0.15	30	0.264606
26000	0.15	34	0.231275
26000	0.15	38	0.23524
26000	0.15	33	0.217721
26000	0.15	29	0.250841
26000	0.15	32	0.332717
26000	0.15	24	0.233943

27000	0.15	26	0.217294
27000	0.15	36	0.247022
27000	0.15	33	0.311527
27000	0.15	28	0.217725
27000	0.15	35	0.308027
27000	0.15	36	0.346275
27000	0.15	31	0.229611
27000	0.15	34	0.23683
27000	0.15	35	0.243333
27000	0.15	32	0.31858
27000	0.15	32	0.231187
27000	0.15	34	0.22664
27000	0.15	34	0.228452
27000	0.15	31	0.234736
27000	0.15	28	0.271077
27000	0.15	38	0.245616
27000	0.15	32	0.266348
27000	0.15	31	0.220433
27000	0.15	27	0.263049
27000	0.15	32	0.231712
27000	0.15	38	0.246206
27000	0.15	41	0.286428
27000	0.15	38	0.27512
27000	0.15	30	0.293922
27000	0.15	36	0.283359
27000	0.15	34	0.233913
27000	0.15	40	0.291589
27000	0.15	33	0.255486
27000	0.15	39	0.246662
27000	0.15	34	0.296441

28000	0.15	30	0.271438
28000	0.15	33	0.313053
28000	0.15	32	0.240342
28000	0.15	30	0.23038
28000	0.15	33	0.247489
28000	0.15	38	0.304352
28000	0.15	33	0.306988
28000	0.15	38	0.32609
28000	0.15	29	0.26873
28000	0.15	40	0.322192
28000	0.15	34	0.311193
28000	0.15	32	0.315363
28000	0.15	35	0.315141
28000	0.15	39	0.334342
28000	0.15	38	0.260093
28000	0.15	37	0.244519
28000	0.15	32	0.245947
28000	0.15	34	0.289845
28000	0.15	32	0.321995
28000	0.15	34	0.245077
28000	0.15	36	0.254559
28000	0.15	34	0.244024
28000	0.15	34	0.248092
28000	0.15	37	0.289989
28000	0.15	33	0.235778
28000	0.15	35	0.324759
28000	0.15	35	0.249966
28000	0.15	34	0.274864
28000	0.15	38	0.321403
28000	0.15	37	0.316772

29000	0.15	26	0.285923
29000	0.15	38	0.291536
29000	0.15	37	0.254188
29000	0.15	29	0.25175
29000	0.15	34	0.296272
29000	0.15	34	0.257522
29000	0.15	29	0.280322
29000	0.15	39	0.293309
29000	0.15	36	0.259964
29000	0.15	31	0.25365
29000	0.15	30	0.278134
29000	0.15	30	0.24943
29000	0.15	36	0.261608
29000	0.15	33	0.259796
29000	0.15	37	0.301788
29000	0.15	36	0.261136
29000	0.15	32	0.326635
29000	0.15	27	0.257936
29000	0.15	37	0.306969
29000	0.15	32	0.256641
29000	0.15	34	0.317785
29000	0.15	38	0.312554
29000	0.15	33	0.264051
29000	0.15	33	0.248238
29000	0.15	27	0.314821
29000	0.15	32	0.275188
29000	0.15	31	0.249055
29000	0.15	32	0.242445
29000	0.15	30	0.266362
29000	0.15	32	0.2704

30000	0.15	34	0.310194
30000	0.15	33	0.332784
30000	0.15	37	0.272406
30000	0.15	38	0.315402
30000	0.15	32	0.264767
30000	0.15	35	0.27376
30000	0.15	35	0.338003
30000	0.15	33	0.266691
30000	0.15	38	0.336621
30000	0.15	37	0.276564
30000	0.15	37	0.275946
30000	0.15	35	0.278286
30000	0.15	35	0.349113
30000	0.15	26	0.258735
30000	0.15	36	0.327738
30000	0.15	36	0.266416
30000	0.15	29	0.293788
30000	0.15	33	0.327014
30000	0.15	29	0.26406
30000	0.15	36	0.325924
30000	0.15	31	0.271618
30000	0.15	35	0.32714
30000	0.15	33	0.33901
30000	0.15	35	0.312193
30000	0.15	36	0.277955
30000	0.15	32	0.331339
30000	0.15	35	0.342739
30000	0.15	34	0.345436
30000	0.15	40	0.351698
30000	0.15	40	0.304464

