100 0.1
0 49.2234520956 75.4395582949
1 46.9954506653 37.7434387166
2 18.9300826233 11.9150426446
3 55.5515346215 13.3660070831
4 46.4385039317 49.6961053955
5 7.50022635569 74.3863487744
6 31.4137076917 72.9067349823
7 58.626090634 32.2033489155
8 37.5460792366 97.5904985618
9 90.3833792199 91.1272503373
10 83.2391951532 67.0961356189
11 88.0839826339 93.0451381006
12 56.9611847211 0.83938424851
13 48.3129170061 60.4619386988
14 67.984673866 89.3236452935
15 37.7278346698 90.4747481865
16 16.9708147404 79.1150942488
17 92.3749196303 82.490267515
18 14.4620281683 91.2765765884
19 32.4717204353 1.89755673301
20 32.7932653016 24.4122843455
21 70.3499603178 59.6086744455
22 96.882019025 1.51041405187
23 76.3456265553 71.9299216019
24 63.4638740888 26.5439426659
25 23.7862952121 2.00792937974
26 97.2258232616 16.8913451836
27 71.5781828435 81.7413153949
28 88.6819276334 29.3332320662
29 61.1198694189 65.5593935348
30 29.7301395095 83.1028962457
31 51.4421986977 42.8706905416
32 55.2091905446 48.4328469033
33 40.3690532662 79.3309533463
34 76.793285129 61.6831873117
35 9.96314263958 62.4383050367
36 94.7991662831 57.6150163341
37 69.4271159967 17.9612760287
38 9.14288809595 38.3814531579
39 1.52568943827 85.7534580261
40 91.2356605644 37.8933308906
41 20.3353827498 41.5154530831
42 38.8907679572 38.7398230898
43 60.0754728454 6.0193460022
44 76.3806733053 97.4987235543
45 74.0441573651 81.9054873577
46 9.11721974629 54.5181912612
47 13.6135559749 23.969159796
48 33.1826021409 85.9119201889
49 97.6917269832 87.5504800239
50 52.8885446101 63.0995143616
51 33.8048602396 93.0943015725
52 98.3123881289 36.1932110324
53 95.7531929888 47.0999188504
54 63.2661471359 23.4497945123
55 70.7225241632 42.907416064
56 14.9817813859 3.87315923599
57 18.5516308346 89.6225297411
58 54.8614607161 53.2791876336
59 45.5444017585 28.9927491583
60 21.5877070965 5.79342974968
61 10.7817130272 1.31638040822
62 67.5352594016 4.10628102365
63 57.4018836438 45.9243050734
64 16.3342613017 0.234796061263
65 72.5557820849 95.2157479187
66 69.6152487376 47.5172254578
67 28.805609211 15.538556407
68 1.46212153294 89.4067917868
69 84.2861487608 73.2602308515
70 94.625384636 28.6785751038
71 77.2479341519 68.9553738501
72 53.4064952847 78.5767698042
73 50.7407447169 7.8484613934
74 42.4370936313 69.7891586782
75 50.1278046339 68.1393925465
76 76.6793409696 14.1437501117
77 33.5446839594 2.82678728487
78 99.0741433559 33.3013842097
79 40.6458796979 30.8624708228
80 2.76684132868 23.0992275749
81 25.6952549036 53.1123456757
82 79.8889216942 81.2217318282
83 78.9693317773 40.6485382161
84 22.8894441071 84.3659387407
85 43.9528364443 84.4553079531
86 65.7335359616 8.66711895677
87 58.7257524584 9.16132976832
88 14.5049113123 87.3818354158
89 1.22722198595 64.6589431487
90 4.22867838669 42.0669722283
91 51.7424920742 16.794710165
92 66.5951902755 3.39464271987
93 19.3945047366 57.3881521079
94 53.1781484749 35.3306774547
95 66.1568198994 78.6808275388
96 45.0386335048 26.856597847
97 23.1070555985 43.3888427861
98 38.2720985048 43.299376702
99 30.7336262325 7.70880507434
