1000 0.1
0 57.988671579 11.254528562
1 30.2773097243 4.67230723578
2 78.6078202103 3.78174767856
3 67.137331655 50.8069823664
4 92.2522278068 1.80530619764
5 89.3567157886 38.3645895678
6 9.19483681526 25.9282290955
7 99.5488088407 60.8910712252
8 35.1952816602 75.1103247515
9 68.3235446512 3.810683442
10 70.8557131203 25.1097415006
11 76.0582220561 69.1114616015
12 63.2335159395 23.5123309454
13 22.1788646789 84.8298649899
14 50.0870107581 37.6640970903
15 61.192022362 62.5610471896
16 61.246353888 84.4424232354
17 26.491409926 41.207603033
18 6.5834439576 82.8921489713
19 32.5785919385 55.7740415342
20 61.6141667245 53.979725417
21 83.4579762804 27.5191307365
22 92.621159937 24.2507671557
23 49.0356527717 77.8330960553
24 62.315744552 76.6739849173
25 30.9880371839 76.6571726249
26 56.297269476 41.3496706878
27 63.3661000065 40.7767407163
28 1.99308609241 44.5578561478
29 37.6082127475 59.5662278004
30 35.6660236886 50.5817315823
31 79.8328970157 94.9902116647
32 1.72139156891 2.61956366756
33 29.9276551437 94.1993795173
34 2.26031857305 61.1909243193
35 97.7584484474 70.11714506
36 34.8987431997 57.365594482
37 5.24972114039 59.2972309272
38 72.3420345583 2.48718318044
39 3.34418100735 34.5721402863
40 81.1372911341 46.487012507
41 65.1246345552 22.289234105
42 41.5271446821 18.9791299374
43 61.1985019443 90.442808551
44 2.89380695677 94.9724673621
45 36.0504059868 22.5277366787
46 17.8104464352 65.9828349347
47 5.67654724213 28.9551610719
48 79.186343909 91.6641572406
49 34.3671663079 16.9896169325
50 66.9251833902 97.5384326395
51 81.2208389768 91.7372804422
52 23.877338792 46.4725825672
53 98.2303227572 83.212907503
54 58.2414589543 88.4919554078
55 80.2930174302 19.3298323509
56 25.6035627171 60.1313404112
57 31.7118076834 84.0674543171
58 54.3162005577 96.6236527059
59 46.648722803 31.8367176732
60 34.9743969871 9.7834167488
61 93.1197038322 52.4595843922
62 87.6411469729 64.6672650796
63 98.1709769884 76.9087417046
64 61.3228724533 47.9579350721
65 75.8215436064 31.71474945
66 54.922550474 50.1994942725
67 4.46752455018 60.8523442206
68 53.5284036502 40.1283669947
69 29.4266284562 15.1361343465
70 6.20192021607 59.9182802417
71 13.159915362 71.6755631815
72 46.3174173526 42.9592850184
73 58.2008771757 37.2507904379
74 44.2935093324 64.9305947509
75 24.3580959951 99.2364491559
76 79.8527882262 3.75624668453
77 64.7262179311 64.494447854
78 26.1383134386 95.3770867009
79 16.9094926355 19.1507870461
80 71.314476424 36.9371814356
81 55.011723662 55.1972305161
82 78.759059023 86.2275574164
83 78.1182712045 16.517729932
84 88.4346148592 64.857273262
85 13.7691326487 17.3977606676
86 98.4706276801 52.4024554803
87 48.8958072351 21.9531215185
88 69.7244385777 63.6064959782
89 37.866679307 38.247843657
90 49.6503424132 69.6660875576
91 25.815758484 46.3139718368
92 17.7975242878 47.0304009129
93 8.56313675363 46.9128553544
94 46.3264971646 45.6245958416
95 84.9028816869 7.01426372185
96 6.28082884022 17.3887361844
97 0.770767595607 37.0932053444
98 75.1305502679 16.5832916896
99 33.2663929208 48.9821553695
100 90.8488221036 30.1078007549
101 27.7522862415 10.0006700716
102 76.6184784206 41.0922681087
103 9.22043678707 91.686056832
104 36.627290894 40.5339631641
105 62.9369877507 64.1075458989
106 7.13524896805 19.4375166167
107 65.1175100577 43.3596898388
108 3.82249681805 43.9736250347
109 31.3760417957 29.7673035808
110 23.0913037326 26.1731850135
111 51.5617070888 5.14949680558
112 14.1881796738 45.6638465106
113 83.0666219358 39.9441441113
114 1.74545040517 96.2120781604
115 36.7085594208 14.8144434416
116 19.2882046545 91.2265997643
117 55.9862808758 64.611595961
118 36.0477060859 96.4012940439
119 1.71486180659 38.2837427538
120 92.3021121319 14.1920437744
121 71.1316401581 16.9868951347
122 78.3775701523 72.0692885608
123 29.8135311927 23.7001431612
124 63.0519674219 6.84617992784
125 23.9921726426 9.15050990594
126 29.4536277831 47.5184743265
127 64.4452164373 93.0339564525
128 97.7711431804 28.1274305819
129 51.3521479213 59.7479759132
130 19.9277641603 67.5474302767
131 30.0901535135 75.545151968
132 54.3711036448 48.1207424944
133 93.8109682261 94.7162730773
134 25.7659450835 16.0968580225
135 36.0310394361 80.8173282338
136 21.155448279 2.99194597275
137 32.6377299077 25.4854022645
138 32.8405823014 77.8282536884
139 11.366326897 53.0791821072
140 70.156197937 1.98865367051
141 37.8850729594 38.7140310929
142 0.996407776296 86.4529319088
143 25.0167879413 34.0922711384
144 46.3148483177 51.3545069067
145 26.874926113 81.8871349626
146 29.5138540782 26.5610103566
147 31.087328284 33.7059551703
148 20.7259984275 16.0103460512
149 51.2325412824 1.79590360946
150 64.6558659179 96.9524810495
151 93.6657312882 55.3018908573
152 22.0269354103 8.73198759458
153 2.76294837802 57.9612818828
154 21.675411217 79.3084834677
155 80.1030345552 72.8956718507
156 97.5565953312 68.1171402932
157 4.91279297717 37.7755338166
158 71.5569516912 11.9198795124
159 43.6726892213 80.9701885009
160 80.6568577739 96.9480040398
161 32.9680806145 76.5652664107
162 47.9596908795 61.6788016454
163 26.866894278 46.3706266767
164 46.9698441549 38.7941530762
165 3.88561268787 95.2427657383
166 58.5287693401 73.1251938444
167 46.5071877386 19.9313851089
168 29.23951886 34.1929231552
169 25.0387135327 12.8254342034
170 66.7967566497 58.7724160749
171 79.2092795754 71.8988770031
172 39.2262963695 82.9026752012
173 31.1037296434 60.7914114506
174 39.7960332814 88.2207265903
175 14.3729443025 32.6217565323
176 51.5161709299 41.9673701558
177 97.8391107263 22.5168967141
178 93.0418544829 43.7243799066
179 55.7938429692 22.5472214462
180 41.7530517314 65.7061021973
181 11.6936320119 76.0491868865
182 4.68204220178 98.417351827
183 54.5301500545 19.9050143761
184 26.2086714711 66.3419985047
185 39.7610847703 57.3231237804
186 80.2107235178 16.5997090127
187 93.9781366354 70.4741416311
188 75.6542367032 15.7339732872
189 67.5204121773 21.7209057516
190 35.7072229331 63.9135709573
191 13.9029954091 2.68599024987
192 20.7871841406 92.4325278301
193 63.1298590336 35.0902168984
194 77.3833257318 17.7574823195
195 40.0194622317 79.4118851977
196 75.2247232116 72.0861762307
197 64.6793795107 84.6691818939
198 91.2207193905 35.9915357067
199 68.6900028626 99.7243585416
200 74.8514985375 70.2995860958
201 95.6328316629 51.1300184096
202 0.533363806106 43.9032903731
203 56.4436858148 58.9709311395
204 86.3549963049 6.59428859087
205 39.429233938 5.34650253844
206 64.7031902404 48.6173759814
207 91.3517064747 75.7089608151
208 93.6777442344 12.0353787014
209 65.4884354054 36.8885414835
210 3.39178100911 9.33160428082
211 60.168693109 39.5450856411
212 99.108696688 50.1623011093
213 15.6594517794 19.9440599304
214 12.7426213004 95.0226520688
215 57.0205222037 10.379109266
216 26.4043946673 54.1823100536
217 9.02155250732 24.2936740871
218 56.9555388434 69.4633792736
219 43.775756791 50.1779740057
220 18.4581124787 65.6850409689
221 57.5051559162 84.3971304822
222 84.7553139539 9.34366225957
223 30.9758544802 14.1007927069
224 65.9604526471 30.0718607413
225 13.143601603 16.1155497801
226 83.6974846786 25.1642839778
227 98.7567504966 1.36582302541
228 90.480382444 43.8704468616
229 39.4018563791 46.693902141
230 57.0992287871 97.9797441395
231 21.0415484802 13.8998832913
232 49.0414143323 33.5461240205
233 56.7724069642 62.0318243606
234 93.2037370151 93.553907353
235 28.2156984638 63.4704147826
236 67.3611318918 19.2382538597
237 9.99224246039 52.4813337938
238 5.39255492365 10.9848461429
239 13.6229310612 77.5736872148
240 28.3449816162 27.7403876907
241 64.5294597126 23.5660584806
242 44.8003998529 59.7273452676
243 58.4788558527 79.1366287851
244 44.060547833 61.9090120293
245 97.8171476545 5.03468411117
246 77.5089454276 33.0773788653
247 92.7847749654 66.941392484
248 30.9137985278 57.9227450299
249 58.7829588807 17.4208213679
250 89.3546297895 9.78641241804
251 31.121713612 30.278353107
252 91.9806168379 76.5916837334
253 64.8773497345 54.7576676653
254 22.2386526889 18.8584397704
255 25.2202633715 83.6765730803
256 37.4137105165 31.2507053576
257 33.344682468 12.4175558036
258 66.2672892979 46.0701648843
259 89.5888317614 21.3186429493
260 92.766188978 83.1257988556
261 94.704310423 61.4929557616
262 89.6776796941 58.282666297
263 60.8411085811 18.6255990647
264 4.1522374274 17.1024178325
265 15.6838795693 85.6719887842
266 48.0109650359 10.4930050388
267 34.5031986633 47.4677045766
268 62.3622011389 49.7775328592
269 15.190614453 16.4112182404
270 23.1325228611 55.7973579777
271 37.3662736831 23.2692280036
272 60.850099068 18.3949470719
273 63.999965321 75.5797003981
274 52.682317784 42.8360019164
275 74.0420789269 28.6666684472
276 9.32926440304 99.5037488643
277 33.8819898936 70.8812216101
278 85.4632321342 59.3754035401
279 9.34469187383 36.6488058866
280 36.5006686369 77.2265781828
281 89.4977663939 74.0282335253
282 78.1196788315 75.726548613
283 99.6875537468 9.98667693186
284 16.6299334588 14.0827408324
285 0.633823790213 2.31506561049
286 55.2722934961 62.2874591467
287 45.5967247141 88.9734148075
288 10.7385743202 69.8567669542
289 49.738970757 31.443735953
290 24.9389399576 5.92306062755
291 1.44695579592 87.557730143
292 40.6025939306 44.03378605
293 89.1002574946 62.166535762
294 59.4648658685 88.8711770555
295 54.6859394708 4.474832086
296 27.1829435047 21.471761472
297 20.2620521617 13.3958280932
298 82.5993159089 92.6399368861
299 66.5326959714 42.0094370798
300 14.1231692129 26.0756842727
301 99.2852566719 47.6048085258
302 60.7826241247 47.1884278379
303 18.1276273097 92.7105678684
304 22.972850966 32.3596477811
305 38.2079089114 64.1735708123
306 52.3191521495 98.0945006821
307 46.727386307 12.0334784219
308 64.0293714348 75.2199270822
309 93.1680207164 81.6946389558
310 4.90577123381 55.977490216
311 43.0706656446 14.8285019011
312 83.1347239373 80.8433807994
313 14.2461843623 9.28769246634
314 97.0742771021 49.0204075089
315 67.7551208852 42.5571943627
316 33.7450970531 25.155227316
317 4.39167474097 36.5014834503
318 56.5564388812 91.8306691261
319 26.3180080766 8.8973694841
320 31.942683641 64.5499616763
321 92.9314523358 64.3904769338
322 30.8192400626 75.9367134135
323 29.0789640424 17.1374732601
324 40.406519702 17.9471621032
325 20.7447993073 34.8393752228
326 42.7465061243 73.6276506793
327 99.7149685936 99.9187268101
328 2.54744337501 86.0870035703
329 82.513132014 75.1825394796
330 27.2634100545 98.2152381694
331 7.09926833599 91.3062128105
332 70.2484634051 91.1801060056
333 5.42367423053 96.9544834504
334 45.5784860491 76.1234967058
335 48.2042168864 97.4596265486
336 0.735365127179 67.8820154259
337 96.5318801222 17.5617976154
338 50.731193559 75.8159966569
339 38.3822835369 49.4011630022
340 68.7127080048 7.46984996885
341 60.0825658539 44.8422180651
342 99.7441300149 18.3334161531
343 13.0137214656 66.1449883671
344 0.78621474538 5.88312135603
345 35.8335262068 65.2597713182
346 58.2530710561 36.8004170155
347 5.02264681385 31.1956451016
348 73.0452160414 99.5491871781
349 54.516182564 57.9053053129
350 63.5202406605 22.9876000195
351 92.2038626805 63.605369636
352 36.7774044513 71.4558150826
353 50.7074744602 38.0725786214
354 11.8297194843 94.3764583573
355 79.9474159166 64.0473365841
356 18.1950469717 29.1223981033
357 6.81302920863 67.4390969225
358 81.1555482152 15.0634879678
359 6.34237872669 72.1561337541
360 93.9871130397 57.5176340514
361 45.3449256041 93.4022253673
362 55.9218677154 82.5063115637
363 15.9215572951 78.4561010296
364 63.0427407843 9.85405914155
365 59.8156000139 8.61749328071
366 53.4957450591 78.3798080702
367 53.0286371311 86.1893975451
368 32.6178095332 2.27264090696
369 59.3910582828 87.833774035
370 59.1709232706 51.8632607426
371 38.8584346159 12.4613467772
372 8.15114225371 49.0164934469
373 6.37831078664 61.6834197506
374 58.0369904207 36.1192180627
375 53.5365526588 5.57279522322
376 69.0460933447 23.1651216347
377 78.1763196863 38.5196593346
378 67.6486483478 51.6582780151
379 84.7098918854 26.6088877747
380 8.24483651313 89.9432673166
381 91.2916231303 74.8259662892
382 88.0292472892 58.928582031
383 70.9482656112 46.6068696841
384 4.00822981947 16.0833963857
385 33.7063627897 3.59383960043
386 65.9234577082 12.4868806766
387 59.4001950524 38.1139413201
388 94.3288071848 15.6572966543
389 27.2188658955 84.5107959942
390 43.8792257196 80.2134719533
391 10.526860367 41.8429155408
392 95.9348264226 88.9649041006
393 93.7477858036 40.1373104114
394 46.514166388 53.5280495179
395 24.0670236179 19.3506049464
396 42.7645848125 2.87420731489
397 62.938446732 79.5540644463
398 70.0228063066 0.64429931448
399 87.8357406165 45.799442854
400 6.54000299284 60.6406235582
401 78.7220230403 62.3289746288
402 60.5355709883 46.2112494772
403 16.3989491937 55.5376749682
404 83.4701139005 14.0097597561
405 22.1322011568 37.8486006138
406 77.7458156325 29.4470524329
407 43.9834329581 62.4335517392
408 11.8328914792 35.1918307493
409 55.7481613114 46.8920905289
410 7.42670574138 24.530290677
411 58.5427849385 64.1612926088
412 0.485819848507 74.0714864619
413 60.7043500654 71.5382918049
414 17.5398580429 53.4236895521
415 51.7928437878 77.4040465148
416 7.76432725174 24.8868865548
417 82.5937900127 36.86708895
418 5.22045443907 19.6128028824
419 5.82185836379 65.8111247878
420 0.668606045365 50.9568391216
421 32.2189655064 39.7799504278
422 33.0519593582 93.7061330654
423 29.9766346396 50.8891959983
424 75.6019316598 65.0773301999
425 57.6680568196 59.376958948
426 92.5040183248 64.9719637907
427 17.1970062843 45.5582909657
428 17.9764917819 20.2191181019
429 72.5734801035 12.6624812466
430 23.7511758999 72.1175578165
431 76.3111160017 10.4036530112
432 32.0215869862 92.6560637517
433 18.4262270667 51.2812478559
434 99.7977491523 89.9863903611
435 6.9074292131 20.1229697543
436 96.9178449673 75.519804727
437 88.8290390226 16.1825752063
438 96.9456383488 9.34750131318
439 58.671617363 45.4675067663
440 52.5038848303 43.2202899057
441 95.7789982361 90.6881683033
442 31.269822012 14.0996351756
443 82.2188181298 64.7500528615
444 14.8641981422 44.8148803261
445 31.6826608789 5.09241106086
446 82.3362316972 11.5798764661
447 55.3708513728 58.1908382173
448 66.5923693406 40.8394723885
449 78.0924415406 67.8555254533
450 20.0111024577 82.7597756425
451 57.5414231307 20.8227612774
452 51.0220561098 3.39200528695
453 6.61949865999 34.6697190156
454 75.2311211612 64.7331167133
455 39.7639482986 85.0185198231
456 45.8359483206 5.10149790669
457 62.9119050805 2.85014335538
458 45.2916675107 77.9033491671
459 48.150966219 64.1869666334
460 39.3358671532 91.5968962302
461 41.970221111 40.4272200844
462 36.4385020274 23.3305243806
463 63.5161001993 49.1963216726
464 86.1723140311 48.1581911963
465 75.6169688527 82.4848733312
466 85.4770039852 19.2479232487
467 2.01386541831 81.9517573784
468 67.6091421374 25.238466189
469 78.9421058825 83.4763729575
470 44.91856733 35.6771910216
471 5.92213315895 10.8153499892
472 59.0370372798 96.7132988355
473 92.572886849 53.0907303643
474 7.01427273147 0.176264478718
475 90.0859863538 59.0393008756
476 97.6888435315 15.7234549179
477 6.06047295057 93.3352001683
478 86.8184386568 9.70231561585
479 4.10173155487 86.3607929128
480 32.8035369584 14.406919552
481 76.485604011 36.8736348988
482 13.3132533888 46.4280423079
483 88.3411848082 65.8524666052
484 31.6050212147 99.2857236826
485 74.8612796023 55.8440169814
486 13.8652692404 7.67519517388
487 82.7033827005 24.3709633774
488 84.1610349518 42.28014534
489 72.7953430133 43.1260377364
490 22.4497777752 68.8426289842
491 19.0472125823 48.3296209401
492 89.560494331 10.3930029884
493 97.5100998665 37.2079109561
494 47.5821792835 93.906524533
495 74.4512148606 56.0601829
496 71.1095205725 49.4322425245
497 78.7611631565 45.2949479402
498 74.7866860627 75.61647961
499 13.2154596887 83.3880908478
500 66.967579432 65.6746665171
501 69.6459597189 75.3281632215
502 99.12353883 33.0496490928
503 72.2968414952 86.4079491859
504 42.091287292 85.0306576206
505 84.8949388511 67.6890797616
506 17.8460107511 22.4643087119
507 67.6652026423 56.1041418566
508 9.51388225969 40.2173871609
509 32.3402002785 30.0836771805
510 38.6007885737 74.0534987605
511 45.567530429 74.4253120596
512 75.4660346278 4.03034382603
513 15.9282669085 42.4968610114
514 55.3748778268 23.5412775079
515 2.4696602209 4.14392200302
516 35.780149247 22.3872651687
517 65.2619240371 57.8403698822
518 92.7500594054 8.9356312278
519 98.5335159451 99.566785016
520 16.177473784 87.2443100197
521 98.9616221496 28.0254003132
522 64.2610193644 90.0978787184
523 96.5051544068 12.5873870384
524 6.59171674781 33.6513557108
525 20.8381199327 68.5406874739
526 1.26235038873 44.3714098381
527 21.8455759223 15.5753528652
528 32.9893310617 81.1751405452
529 53.6203272233 78.7407374589
530 92.5796588767 80.3136067489
531 66.9630354798 16.0731249392
532 7.34163627548 6.06619742581
533 59.945756236 67.2550622713
534 26.1195911391 56.0775231711
535 64.1342676671 44.9315466193
536 15.6284367906 98.2978324585
537 83.9838240893 5.21488289562
538 18.5235720476 21.1214446211
539 30.8187610893 41.1618205813
540 48.4253774785 91.2084220883
541 30.2940893166 13.0251672784
542 93.8400127519 58.0115715073
543 36.0846584218 59.1400875804
544 53.4165346512 61.3846364011
545 67.6270256766 24.2930150841
546 95.8424052979 28.2464556987
547 68.2365696029 53.3813663583
548 57.0870774198 55.5912637248
549 83.6005937492 99.4397308677
550 73.3432349654 89.1916130563
551 34.1572571506 80.8710009865
552 38.9866228538 75.6101190361
553 7.07670325004 65.2274234582
554 34.7835396459 50.2225209689
555 73.1995822762 81.4319360001
556 95.2595454548 29.8135354064
557 84.7144252761 29.7240726468
558 11.2927202313 8.31608556245
559 68.6886262778 36.9400342866
560 39.3832913966 15.8620700756
561 99.7867935862 27.0931785816
562 88.94396449 15.4363673193
563 7.33133054135 11.1605266783
564 93.0331584337 95.5971946603
565 46.2974652449 40.3971295606
566 38.6893222108 78.3860128696
567 90.4569146781 90.4688259452
568 6.44040198123 58.4597870899
569 81.5907744481 62.7098493969
570 2.15220618379 69.1193547572
571 54.8004106533 29.3839287863
572 58.9987923631 57.5433058178
573 50.3837828743 63.1920258809
574 68.768149083 67.8704169923
575 54.733448155 87.6433978416
576 11.6378357031 76.0887273927
577 30.9847342898 38.6677641555
578 73.0689417119 10.0303488469
579 55.3788810452 81.1318979723
580 85.2721774849 20.3076984056
581 79.4169610957 63.3214321018
582 94.0791545336 92.087414949
583 15.3001190766 36.5884991675
584 41.8524220637 70.9009015715
585 70.1068612298 64.4634016724
586 99.9352241378 97.6708512569
587 52.0678129481 1.35925819364
588 57.7637344629 88.0846286765
589 30.3725593149 21.4542235179
590 65.7904200704 52.124738212
591 23.8241001071 5.09598584537
592 57.0983592914 34.707720538
593 12.2226803614 2.28058329505
594 23.5343402127 61.4438761884
595 1.59066764719 10.7781544454
596 57.3354991767 46.4106520538
597 47.6355769046 57.6252878026
598 47.1865579605 84.0477795441
599 58.1845054639 6.48968662182
600 51.8980326457 38.3963420187
601 49.8590897726 53.7450999294
602 81.756946175 15.8478443103
603 49.8366435604 45.3893789125
604 85.8662882516 65.5246968061
605 47.3613919078 11.3052947724
606 35.5042045925 97.2337039099
607 66.5222489567 83.0019592826
608 17.3554989864 41.7690658761
609 19.8382522768 90.3065296462
610 47.8501445348 4.32154235037
611 34.134567864 37.8356592775
612 19.5600025207 66.9432755479
613 7.32928820301 22.1212239235
614 30.5083350465 2.36827419504
615 16.4361564524 41.6953657646
616 17.6840319232 15.4235568287
617 29.1710010332 88.9613853865
618 53.2556849234 22.5128576994
619 73.5056798315 94.5521342436
620 73.7305095152 56.2102514114
621 35.4195776899 99.2137149464
622 81.0782069377 62.7867858415
623 42.9508144018 1.15147661265
624 91.578097591 29.9933947571
625 7.01987366976 29.5230395378
626 57.1562793558 85.5331050763
627 27.6557329418 18.6593194656
628 15.468406761 76.3099608989
629 61.8526835783 94.2004874039
630 69.3539367765 58.3777235607
631 78.1909093855 49.4600655145
632 67.8382343845 25.5789007232
633 96.9141134506 93.3663085263
634 77.1156856452 85.8672237961
635 28.8900389074 32.8476096963
636 91.2821863587 53.9638857155
637 62.2252247677 93.407993761
638 44.473132195 72.5445634894
639 16.2671114422 80.5826602658
640 74.1247730743 73.4709336784
641 48.6366637588 36.3784019685
642 23.5661764155 3.76756154265
643 84.0284231662 94.9913913051
644 0.0901392095378 64.046788808
645 51.6713011247 39.3542456919
646 87.6718621697 62.6374073585
647 51.5281974657 78.8619278748
648 83.9919060122 23.8960054732
649 13.0174416409 17.0900275876
650 45.2457287735 61.0782099314
651 16.1221913316 62.5542659649
652 54.5517109009 23.6973027879
653 59.2583749751 42.5508303256
654 49.5133888378 62.0938238953
655 91.0407839397 68.9352361602
656 84.5074250328 77.1284515083
657 72.3829734665 81.1007771923
658 68.9821654737 93.6065429604
659 84.6677338482 50.1993764924
660 85.5272272159 77.5709932578
661 68.4794786007 41.2838425346
662 97.5609917572 65.1814929897
663 24.9252081284 72.4260541556
664 28.7890407022 46.7607751931
665 68.9595342684 61.0703803042
666 61.875728315 42.2932449298
667 39.8948789965 49.0100803715
668 22.4128824669 5.42110619041
669 1.03911188791 63.761158944
670 3.2318388698 90.1920792985
671 18.0316866649 85.1996622088
672 80.409272465 50.5227624963
673 5.82275533165 22.1367735518
674 67.2186488741 57.2029414619
675 88.1154233375 85.6818687024
676 76.5703814608 87.8577582798
677 0.000142955222904 95.9424187586
678 36.9244784045 45.7533990964
679 62.3517133183 56.6915139661
680 39.5857836298 55.8317792445
681 5.06805290465 38.2274685756
682 58.9571881096 16.0116789634
683 26.1830143129 7.19226872416
684 40.0629891992 68.1723731005
685 90.44050791 25.6367863077
686 18.5405345341 47.1749476112
687 93.5857602239 74.7312578561
688 47.62484904 16.5963249887
689 1.32069852956 51.9764813346
690 94.7767325774 87.000390376
691 3.86362375315 82.8120606809
692 79.2787356877 2.99011511134
693 49.8165903686 91.5981343548
694 51.9510516873 56.2550244287
695 84.5463260647 57.6507632428
696 14.727038154 9.45722615758
697 38.3143136014 36.9621754712
698 65.3321155896 71.1300944004
699 45.7985698295 41.9673804517
700 30.3514662975 46.2914740396
701 23.7373283513 68.5552781759
702 46.2848058381 15.9268337421
703 61.4400244835 55.4570064726
704 78.2561004379 26.1649702783
705 12.9115811699 2.33569169252
706 14.6644932545 68.7543453881
707 12.24354216 5.86265250232
708 40.456903684 85.4271244375
709 43.9037117439 30.9670118271
710 17.4609878478 65.4641278803
711 20.0091415163 54.4087073161
712 35.2809451446 30.7353927266
713 47.5779593782 59.6318644188
714 60.4542719564 2.2649925498
715 6.89669206117 98.1690244149
716 44.3204091839 52.1773310869
717 75.4029271653 38.3410062617
718 83.9669195663 12.1200240099
719 39.1332234785 36.8342707
720 4.26586004439 34.2573907671
721 49.4064812912 11.7718829794
722 15.4027088777 50.7827751033
723 68.3329035093 32.1812467044
724 19.7672935037 65.963455356
725 94.940644921 64.8514118108
726 11.5591276753 91.5024694022
727 75.4182307094 99.0192967233
728 60.5365933815 77.163738065
729 52.5917301471 15.3208990812
730 0.218481773072 91.5647816784
731 62.8140061154 31.6605458551
732 46.6287241992 74.3826583107
733 14.3528636092 55.2398256344
734 79.2784709514 78.01355374
735 15.9998090233 37.5416263615
736 38.9188158475 18.2914505332
737 42.2983208781 81.432909318
738 24.5444599229 35.1522119564
739 27.0335109363 71.4914918913
740 23.6063260725 26.1708773458
741 32.2418818881 18.7719013832
742 94.0110410174 89.2816370276
743 98.0837353267 13.6270244073
744 60.186299411 8.90687351141
745 57.3751837298 38.743735625
746 75.6843908417 15.5009578018
747 94.3015209006 46.8818134561
748 36.4718865184 63.9915351457
749 41.5898133459 11.3556187799
750 64.6910058437 61.6332988742
751 89.9889312439 33.2474674451
752 31.9619403458 97.4594821688
753 19.6884369123 2.12628886601
754 63.8648569925 94.6190496886
755 33.5949906481 35.3641530825
756 79.0414239139 58.186219904
757 17.3594403073 49.2812813358
758 47.1914646195 85.9240276759
759 82.4515093747 75.1156188312
760 50.3493625508 10.8178984079
761 95.3258771053 92.7000309009
762 99.9100009349 8.72551085208
763 38.5754949837 31.0207551719
764 12.8138256417 69.3198543219
765 28.3140845632 68.4651371527
766 0.199980346879 38.3316484854
767 7.59565203655 59.7423437294
768 85.0537447086 4.55536630534
769 35.9397135997 74.9698870941
770 0.078902881808 89.5251265044
771 84.364818183 12.6073491636
772 7.0369024147 53.0524743518
773 91.9051419475 29.2776364748
774 26.1737153532 84.7486119627
775 92.316690058 32.1052619202
776 16.5466435719 63.5609901873
777 68.7109770236 42.1240537914
778 93.2061629681 38.7364955464
779 68.2893829297 23.1214041327
780 71.1195843736 47.3950877452
781 48.0266000039 92.4568713546
782 65.7457851907 42.2182990458
783 25.2704897084 32.8939486651
784 14.828308372 50.0670525118
785 52.3541705198 11.7557793556
786 49.9565567093 60.7247321757
787 85.8937067287 15.517459869
788 14.8949044712 66.2771570988
789 73.7864055318 18.0981350435
790 55.122069865 60.6299732507
791 47.5721607172 23.7019048239
792 97.7084201599 40.5847421639
793 3.89722447924 71.9679607196
794 11.607864025 53.6668458725
795 81.8365264499 26.2824487926
796 10.8060049088 21.4257375289
797 54.9188451619 53.108533204
798 21.31889165 48.9024778781
799 51.8814357652 93.7525416809
800 83.1677034414 10.8901664215
801 63.8728271614 70.7190604745
802 88.4617874139 0.474062485711
803 32.0777448158 33.0021315317
804 55.6050607062 78.0435717466
805 39.925278816 87.454731096
806 84.4422381252 42.1758144043
807 32.5344845206 9.1324489619
808 54.9884738827 81.1778509216
809 30.0631816192 61.8099131919
810 73.142035429 97.7354285751
811 68.7609905583 57.3054412893
812 12.514671916 58.8016264931
813 80.1922225494 16.5680606544
814 4.52270649565 24.9790116376
815 6.02732831011 5.30101786838
816 95.6829895077 12.541218292
817 25.625361952 69.2729950469
818 10.4739006586 92.3875737271
819 37.5785724487 37.6149100743
820 23.944902076 41.7922048809
821 76.900314685 8.46953361886
822 95.2124138563 9.78460720305
823 84.469863237 52.9007238387
824 82.5111550062 28.2047353144
825 21.4424179042 98.9685523508
826 68.6493500726 10.226491312
827 61.2365690099 58.3366286665
828 93.6717419475 49.6631637499
829 31.3541296219 23.4680050525
830 87.3205934909 8.53055028675
831 57.0280063263 94.6972615297
832 60.4546808637 83.0336028033
833 92.8915631286 1.22434575816
834 82.9829067422 68.5239168217
835 50.4993282173 39.4739467325
836 78.4135319739 72.5898648661
837 94.2830504069 3.4678770637
838 46.5602115165 26.5918896331
839 10.9094713544 78.6025765874
840 52.0591563869 85.6150102148
841 30.8472062364 0.17996878383
842 10.7698864041 78.2240170545
843 19.2502549497 20.6571667273
844 86.8232999864 97.0460208893
845 73.0608794584 73.0588233897
846 83.1432759116 44.2395152475
847 30.9026145938 95.3036961858
848 11.1157475269 82.5728997985
849 42.5418301125 6.29146752966
850 15.3731895904 61.8877606922
851 92.9643988975 69.8186110389
852 41.8996548139 20.5960784657
853 95.4569935196 67.1233348688
854 6.63689730961 82.2982553271
855 13.0387629959 8.35988345654
856 0.947070238853 77.1307734654
857 60.6670731774 84.3100551093
858 30.9392384764 57.7091319616
859 50.0174726367 23.7622588226
860 42.671503583 52.3989853582
861 0.897632317682 58.4389516448
862 91.4033796808 24.9408870403
863 6.09270006671 43.3861997401
864 22.717875077 37.6833884173
865 61.6580784719 29.3528037212
866 71.5570768477 64.9812967916
867 98.9434025196 43.2614808172
868 35.7602744071 63.0095676971
869 7.64953358784 19.2533158921
870 29.6551280775 99.6203280871
871 9.01754566992 94.5900737382
872 38.2316870727 11.1275317723
873 28.9990604751 67.8260039069
874 71.4187132492 10.7788246586
875 43.5090604848 23.1824904474
876 14.7676843186 1.85531479731
877 55.8971758968 98.0698962768
878 12.7827269302 92.8286415668
879 19.6365582103 62.8128074664
880 4.03024538796 22.4226967993
881 26.1496988788 34.9963651703
882 80.1641460109 76.3133668536
883 67.7868608977 18.137339751
884 22.0511341841 11.1057943231
885 8.83432241649 51.1218702423
886 51.7277048841 91.0750217082
887 94.9111431459 18.0980922469
888 30.0625862881 83.1671877762
889 13.9767139342 40.8784710372
890 37.2263094567 37.3604823205
891 2.05243807667 61.4023426605
892 28.5869503075 98.5684171926
893 53.4809090252 21.5892481022
894 16.704701079 54.0726643914
895 5.15986038842 43.7599988944
896 74.4314241654 67.7981650521
897 90.5456318432 3.89611951091
898 23.1109123796 45.7672046394
899 81.8024152647 40.5175339263
900 44.909647473 28.436004131
901 89.4286497773 83.7259735853
902 55.540421619 79.5775179827
903 1.92751024525 2.11792908631
904 63.3940149119 60.1574745998
905 27.3878418747 16.0023972236
906 67.0717140788 97.6058683485
907 55.9818886547 36.744470436
908 83.3730821424 17.2943471107
909 81.6919092652 91.5404665263
910 96.2254972905 21.3025230111
911 24.0915283861 11.3875362988
912 17.9797973572 7.77525748132
913 84.8891401924 86.4613271023
914 3.31941452075 95.1936635559
915 25.4270368797 31.0205570664
916 75.7446973828 6.54537539548
917 22.8699704049 86.1272732143
918 57.7902824252 52.599431159
919 20.1418323542 42.9537546989
920 33.1053533063 43.6040269513
921 4.16302735275 44.0105559131
922 72.2148409013 96.4871442271
923 46.3808622351 19.5157101804
924 87.3708623447 55.3485092842
925 81.5062293424 46.7803801847
926 3.68743394568 21.1484131078
927 30.1670358143 86.5748795153
928 35.3059226223 28.4349844207
929 2.67398350594 13.6490696218
930 71.1978746702 64.9979528157
931 90.8091085113 95.4469565081
932 41.6100053561 58.5238336246
933 20.4860372759 75.096718174
934 44.9147494075 98.7772379295
935 43.455321713 68.3468623242
936 8.43046965099 49.1682968682
937 68.9507823616 74.5645724646
938 14.8081540147 2.79706275867
939 77.6252189978 82.6934951998
940 39.4394196916 15.2334633099
941 98.9021074161 24.406771873
942 59.1776344144 39.6658235616
943 3.63235325867 36.856980725
944 10.5618151695 27.9796658501
945 31.1113073041 57.4072105681
946 89.0610552207 85.8107955023
947 2.00980600234 42.2507598989
948 21.5696278973 26.1893988918
949 97.1847289838 29.0650529515
950 70.687527722 85.6310555748
951 53.8780010092 24.3915392663
952 11.5680568041 79.4364767322
953 30.5544188786 5.51927864983
954 68.0758137955 44.0516476976
955 57.0391451729 94.3109048964
956 98.9709454232 56.8549230663
957 49.187018049 14.2761506837
958 93.8325074362 78.275817612
959 48.7805352674 35.0308169797
960 68.3685277638 65.7782111001
961 49.9897972748 45.456779235
962 49.736864183 5.05383111634
963 94.9229507188 35.109659205
964 78.1544203089 83.4114763191
965 16.2402020547 6.80584896331
966 70.2493087763 88.2438649842
967 59.9676855672 59.2186377198
968 62.5077624943 56.6257822445
969 86.8541964036 6.91595376032
970 39.6495571817 72.6276067286
971 81.7159611796 78.7081814746
972 16.2826704218 58.0556787153
973 8.68211765734 86.878153963
974 18.3137004056 63.5557110893
975 57.813795551 80.7125956372
976 44.6102811427 91.273896639
977 93.8978871774 68.9375601469
978 46.7325685774 92.6355127436
979 97.9866150902 60.0613365867
980 16.5626134229 57.9585276696
981 20.1567826821 98.7799273584
982 64.582771437 5.74139223145
983 11.3231796294 15.1737679549
984 70.208908265 43.706776824
985 65.3670679133 50.6075749656
986 25.6841859126 17.2073952967
987 73.5014367663 82.1745579292
988 65.1820942476 28.1770384373
989 97.2369410483 75.6446421948
990 18.8126214415 16.6370915201
991 61.6819146924 83.8040142968
992 85.4607770587 35.2800100749
993 12.7313373562 23.7573375388
994 16.4519918656 7.5465568287
995 3.15146930182 55.327569104
996 47.8318635342 54.9122744668
997 60.6605717245 41.0665005593
998 36.5127074168 80.4188401208
999 37.9473231741 36.8266058135
