200
0.1
0 7.18987308616 12.007256349
1 1.03274519065 3.7255455999
2 5.70382742458 13.2611515074
3 17.9364288445 1.02527041383
4 13.6905905418 3.93910162488
5 11.193997601 5.28355075623
6 4.79802228409 11.2136524629
7 18.7151761572 13.6880032754
8 10.6927038651 11.8603515248
9 7.05611457464 11.3467175417
10 0.966584917147 7.0710312197
11 13.9379255877 10.6332554299
12 7.593828541 6.18574220652
13 3.70593090415 12.3880783191
14 10.7756137993 14.2959633562
15 18.0577408157 8.74411239355
16 8.06860266836 12.3235681957
17 18.6501444693 3.88169866173
18 12.4845104656 6.80015065443
19 13.1836083235 4.79440659657
20 12.1749376696 11.9200512465
21 1.73688559126 14.4821443429
22 3.35554496236 10.6385875376
23 0.295411245764 13.1347452242
24 17.4303525436 3.01695823174
25 19.8693996156 14.9624415251
26 10.7294417044 1.76760147146
27 0.984079778727 12.412868353
28 0.656210537257 2.05083212113
29 6.14916168265 12.2263795675
30 10.4431276438 14.5504098235
31 18.6559948971 12.9518566198
32 11.5905298635 9.44823550284
33 7.24326093613 7.38823020475
34 18.2608291158 1.05209434021
35 9.82538860122 2.46703886247
36 1.27056140464 12.9275292293
37 2.18366954591 7.47133350837
38 9.1017122452 4.98848054774
39 2.13871860608 0.055549214247
40 6.39913308305 11.7700190648
41 16.541260435 8.00389003713
42 11.2561685356 10.8076152752
43 17.9262567919 7.28385179371
44 2.73977406776 2.76590343418
45 18.9669924962 13.6372729631
46 10.668147411 0.0169665956447
47 0.310204622708 6.56435436292
48 12.8113277507 2.47399377958
49 11.5668085414 13.6140519693
50 3.28388133263 1.73555429947
51 14.1016115983 9.96366174373
52 4.039884697 7.05960458218
53 16.591664023 9.86677177496
54 14.5173951261 8.9777510686
55 10.4262215488 8.10415949143
56 3.54916550594 4.04813565965
57 17.4836417249 9.26343392274
58 16.3253708994 10.2664657493
59 10.9798448517 9.15259379175
60 5.98101188324 10.2209220795
61 13.4659828887 3.44312612167
62 6.25164739036 7.88428993882
63 4.36300038847 8.52895488744
64 11.4630467007 7.57038260309
65 6.76193667882 4.87848454785
66 12.3924663684 2.21918870487
67 15.7395293885 10.8762576546
68 11.362908924 4.02832174346
69 1.40327064374 8.91778739624
70 1.69452229939 9.3442484558
71 4.7388675871 8.29596154304
72 6.3898082045 9.54777990909
73 8.88609371526 13.8409830008
74 7.04059939977 4.69628020894
75 14.9521398816 13.9421082433
76 17.2114163573 0.139225961491
77 10.6709520661 8.112071815
78 9.83907948877 10.3828502546
79 16.8095713908 8.16025850983
80 17.4788624357 13.1978499843
81 16.0083952103 0.995886917087
82 6.13518375053 1.72120936804
83 7.20295824304 11.0883027451
84 15.6049054242 3.53725071872
85 4.64978815921 5.96063225319
86 12.6468311491 1.74815208283
87 5.70493096723 3.38525841876
88 13.2444991324 4.62726594156
89 13.8665408506 3.04221073069
90 4.02082114655 13.829377513
91 14.4789145755 3.30365933809
92 12.1195817455 8.07152182868
93 0.0529735669514 5.54499132549
94 14.1578439611 2.07219760547
95 19.8290762601 4.94579545052
96 19.4644760735 12.7580328413
97 14.4484486779 14.2242974543
98 8.32506799042 2.54404680933
99 4.35952046775 7.93044784236
100 3.63352367236 14.815104168
101 17.0426016791 3.04470687533
102 11.7172160258 4.5513299265
103 0.494681668278 8.6332297197
104 13.9792989652 5.73281641028
105 18.5352755415 6.35014677052
106 8.26763678336 9.65489315211
107 0.88028672654 7.02648494632
108 7.69588085541 2.68438250376
109 2.46509049886 8.50588339596
110 14.4157137711 1.30237574988
111 15.5697017 0.753946382971
112 18.2852542861 14.497479151
113 0.455886544164 6.3789181319
114 12.1971114989 14.6856275729
115 6.79559229811 4.48625989268
116 16.6864191774 3.57978353996
117 3.51021939816 9.52296636563
118 6.82223096592 1.87243869324
119 1.03728612658 8.32339370641
120 18.5569811339 12.0765570246
121 3.11739074426 6.65158570962
122 13.3048515392 5.40800502459
123 2.02315280406 13.5218676354
124 2.14744823222 11.7520446201
125 9.63284689138 4.15955393507
126 2.01265450407 11.4511297376
127 19.6058254986 11.7169136213
128 10.6342599944 5.09422188152
129 4.92986170078 4.23403030066
130 11.7793455404 12.733778358
131 17.3557709094 7.67140863371
132 16.2640881221 11.9021804852
133 0.851291825344 4.22910951796
134 14.9110701422 2.2461372745
135 12.7900554568 3.24095621365
136 3.10633741569 9.85382262073
137 15.0048124174 12.9571141436
138 11.4553502288 11.6405173356
139 16.862233023 8.17675760029
140 7.28300545025 1.51190271168
141 14.023672296 7.1831865824
142 16.9598588738 4.23929184048
143 9.08044311834 7.32167790283
144 0.787919876669 14.2357244448
145 9.75735670469 7.71164359216
146 12.8019194369 8.15680733856
147 19.1736544646 8.36517123037
148 14.7469393195 5.26678457724
149 15.4608904507 13.675671756
150 0.55849832022 1.42672232594
151 5.31932562622 13.5733409887
152 1.59606613007 12.6824712306
153 10.4115209869 11.1487798959
154 15.2347864691 12.6170047526
155 0.878152298561 2.64396700331
156 2.95240893667 6.69491889114
157 9.0740625071 6.74000018184
158 15.54058019 11.468732117
159 18.0016690208 14.9265226412
160 19.2063905017 12.6602523905
161 13.0065729117 6.65178628207
162 1.51354818115 14.2831685519
163 7.83090556627 6.0443185669
164 18.6687572325 5.84035499015
165 12.2812530192 5.08246821657
166 16.7806818985 6.38754029578
167 11.9686834514 0.711781327584
168 6.78823498545 8.01443847689
169 0.289549221023 4.08714968654
170 12.9718508056 6.04888857282
171 3.06781294291 9.03349552602
172 5.06836879759 9.12437966177
173 5.58774804463 0.0036555713428
174 13.5865701837 4.53369077723
175 6.43180905858 1.8137094185
176 0.119261066826 12.8490287065
177 11.3833176821 13.7256560896
178 3.07597263415 13.6332860688
179 8.27187237944 7.98294991966
180 9.25967411122 2.95308946781
181 9.3082027478 12.7536144558
182 1.92394849428 7.87457414205
183 10.934865714 3.18022045256
184 19.1388247358 13.6209630735
185 7.62764828659 6.48189702895
186 19.1808601691 1.68371905179
187 8.58950788269 4.57115187687
188 7.16820204886 8.91976435092
189 17.5857796188 9.6831400741
190 10.9851871277 8.58610630718
191 8.98121526908 11.5536625096
192 11.4814123994 5.21207466505
193 19.557650665 13.1704812083
194 1.77930716875 9.96964026402
195 19.0331291485 3.90511691625
196 1.05065118703 10.4692069571
197 2.37038906848 7.49635192514
198 6.98847851695 11.6477899579
199 5.81861503313 0.357923543859
