30 0.1
0 61.6268862779 12.8104809803
1 47.3679701083 0.515299326887
2 24.8968647472 89.3763127338
3 71.6073221672 28.9179437836
4 21.7792145187 58.4842464599
5 22.8969646376 95.523401487
6 80.7275504985 51.6802213845
7 29.3844883288 77.7980511335
8 29.3861649361 46.8516691573
9 75.9804986629 21.415852953
10 85.7583321682 38.9672476688
11 46.5897102671 23.1574692013
12 76.617791723 21.9034978683
13 69.1343610372 8.7097979927
14 69.051420517 36.1344107419
15 59.7763769519 28.9122051977
16 38.1244017678 5.25410335608
17 10.4317654802 12.4170265458
18 2.52076393131 19.0249108953
19 74.4544390188 80.7838275673
20 42.3702451813 74.0972923123
21 97.2605963956 98.2538939036
22 7.54756868293 84.7482883309
23 49.9614479953 29.4166777699
24 26.731946478 35.4149804196
25 0.470870877287 41.2860301701
26 90.7386663726 5.08250579639
27 34.3192034703 44.8455720959
28 94.3983566493 91.6135890146
29 19.8735197436 21.2213465654
