3000
0.1
0 54.5625655279 11.756256338
1 49.4328592149 5.75803335155
2 56.133420264 0.548350129938
3 61.4751988136 10.9376601222
4 57.0512382633 1.68041786056
5 60.3588632957 3.58592389385
6 59.6521373243 2.97830965154
7 62.7084060755 5.96387944595
8 54.690858837 8.90813825715
9 55.6767371466 1.34752449645
10 50.8927879426 3.77231319882
11 55.3628538309 4.98136167021
12 63.920361043 2.51055893427
13 50.8186044083 8.29596186183
14 54.2349304372 3.67088448042
15 53.4834300689 9.87959104992
16 72.4240828021 0.304993977282
17 56.1693782458 0.904687940895
18 60.9306824393 12.1651079752
19 63.0425989678 11.3219308132
20 58.3417970047 0.971262125724
21 57.312844553 10.5763310407
22 65.2816037052 0.782428556848
23 55.7953396617 5.8409788943
24 55.2402733845 3.74134568935
25 59.5690982377 8.80914327288
26 57.4934835855 0.250678867194
27 62.588343429 0.852155291056
28 69.0499364782 2.78116719485
29 56.9936736086 0.657256541582
30 58.8481884986 3.40522606103
31 51.1576715554 0.51586533684
32 63.8799780503 6.99970819602
33 58.1016927457 1.3164384271
34 56.5702875074 4.32456451277
35 47.6037038604 6.0972766935
36 65.0490623659 8.70186235913
37 54.9972504934 11.4770779682
38 59.9945734262 14.2795777676
39 48.1823044451 7.93537542837
40 57.8354588816 11.2162100352
41 58.8142677505 10.5188670332
42 60.7257966734 0.517119727946
43 63.7929605219 4.2960084577
44 63.3358631474 9.96449877843
45 54.5297049003 1.50954702992
46 57.8751967412 9.56445095552
47 58.1766637702 1.21535772722
48 52.6082474691 9.02167050027
49 59.4653012059 5.91579437443
50 58.1980513488 3.25975792319
51 51.4431585488 6.18220932639
52 54.4421559381 5.236661032
53 46.6797201612 6.90283228235
54 59.7891380104 1.93719530082
55 58.2548781793 17.091055712
56 68.4525264209 5.6214973474
57 53.6703612583 1.94551075224
58 61.555070842 2.92650439797
59 70.9901077786 3.73557358031
60 64.816073392 1.34130904061
61 59.593440163 6.28324144557
62 69.2330145925 11.6085515013
63 67.77686393 12.040741577
64 67.1251906763 9.78036681105
65 60.875938972 2.70965817613
66 46.4331458673 7.05907854428
67 58.4355228342 2.89861492175
68 59.914303514 6.83158373271
69 54.0571450906 1.59694035249
70 58.7623873662 1.9334013378
71 52.7606363389 8.14372154188
72 56.9335743453 1.54040638318
73 60.0179691855 0.980938990082
74 56.6681156763 6.01499288521
75 56.3217937592 0.891506792637
76 58.6428523516 2.1813353208
77 67.5172075288 2.03612809168
78 68.3346475033 0.279732721306
79 49.9507510895 4.94267020447
80 60.1550280696 6.37172492872
81 71.5959993332 9.65396388458
82 59.2996037564 5.0531133537
83 64.5175066357 2.47204686362
84 54.7304541885 3.4377429481
85 53.1745610744 8.59708281879
86 58.4555078405 1.91201598397
87 62.8772350859 0.0769582046922
88 64.6813227788 7.77702174191
89 56.1255457786 4.86790429681
90 62.7866716945 6.40767035267
91 63.4768824914 8.7068897392
92 59.8007908768 13.1698613623
93 59.5471050693 2.30958699035
94 52.5635450597 1.91306719904
95 64.2473429249 3.51923300287
96 53.4345886576 14.5380117813
97 63.4031218109 3.00812003112
98 58.2348441934 2.83421579859
99 56.426396832 0.936871107735
100 55.0151626331 1.19400632982
101 61.1105349748 9.61940874156
102 63.0655000653 1.5853403994
103 59.5142632145 4.48933292295
104 59.4109574251 2.4325376374
105 45.8879208957 9.54813386604
106 57.6166580628 17.272476197
107 51.5786153299 0.240126739709
108 59.9537253285 5.24998747748
109 61.2927525138 3.3261762724
110 62.2439639653 11.2564056922
111 67.2962680835 0.412600164991
112 58.9280733791 1.62383490308
113 56.8719749529 2.82676275775
114 64.8889068528 9.94276536677
115 54.7915656753 7.84568295504
116 63.1828466062 3.3129087545
117 70.1724234551 0.250561937475
118 68.7008497734 8.00248670017
119 60.6872530531 1.66842787766
120 45.7191855241 8.16593438638
121 51.0437996485 3.36870708356
122 62.861860129 1.73845058494
123 58.7822800743 12.282269928
124 58.327720294 2.62727579514
125 64.1222305092 11.517417516
126 56.8224834184 7.27771219678
127 69.5915853064 2.97770568845
128 69.3981185824 10.7769279579
129 58.8685753739 4.08731780571
130 69.5606853867 0.31056553394
131 58.9924175611 2.14191060579
132 59.7504596114 1.12828603606
133 64.128721881 1.46917586679
134 65.5915679592 2.69180409618
135 60.6247106894 3.28728035192
136 55.1959167178 4.08474772141
137 59.1037885878 7.17607511551
138 53.4510131215 14.935849349
139 58.6162205224 2.53504507843
140 55.3835779429 14.6534662994
141 60.3831409529 2.64489637654
142 58.720976788 3.6224955986
143 68.7959586607 1.25970821446
144 43.7512414265 2.53707650988
145 66.5142968826 1.11354945303
146 68.9943914057 3.95042354184
147 64.5041089315 3.80533745148
148 63.5294597035 1.61836713988
149 54.1462433056 8.71377308365
150 67.4307556897 3.36389653808
151 57.3127938546 2.16867945255
152 54.0794036342 16.1487830599
153 69.7386118524 4.23960507375
154 59.6992095197 1.43307104375
155 61.83569768 4.2256003664
156 58.3594974071 4.17048425704
157 73.2847562686 0.905121445989
158 65.6748494344 14.2192341472
159 66.2257045871 7.13881753519
160 65.6460180281 2.33485275658
161 53.7727711167 8.87736411267
162 62.5961401372 0.282633843973
163 58.4486599813 2.93174749595
164 66.8429696651 0.0780579854582
165 43.8827815925 3.50703624857
166 70.463132687 0.0185751599123
167 69.1865917518 8.92394130866
168 63.3473017872 3.44600668042
169 68.7100446659 6.49236693643
170 57.8189731308 4.40980659831
171 63.2438305036 0.817944524501
172 59.389727196 0.586606000352
173 45.6052133957 4.34175034807
174 58.9097835615 5.97596152255
175 56.7473159354 16.1403276767
176 50.5503571932 13.8563237757
177 51.0068932195 10.1350780367
178 57.6425943499 1.56962368013
179 59.9104888884 3.15963392154
180 57.1247306469 2.82903247184
181 54.8630536353 5.80367004229
182 59.1410045615 1.83034691776
183 60.1671934301 2.93084388802
184 61.3204811854 2.4572816225
185 68.1918994223 3.41206686023
186 50.1025455976 3.47019867389
187 91.9650041194 2.38637830603
188 73.8155579494 9.77930190364
189 74.9002915292 9.6546028526
190 72.9839184462 14.0693242173
191 81.7087459195 3.22146499974
192 73.2077687788 7.29232276591
193 74.0918457043 2.44802815061
194 77.1120668338 0.0462075140172
195 77.300921263 2.0014383373
196 71.2166148582 2.77481926554
197 72.0007588801 7.71239973258
198 66.9768548472 1.35165716384
199 76.8239057267 2.19670453438
200 66.6050426984 8.22345375006
201 66.0270109179 0.915787472954
202 67.6608241556 3.35685607216
203 87.1287331626 6.67665450376
204 75.2635446574 1.60521403477
205 82.762079145 2.71061523601
206 84.2294888113 7.58514424574
207 77.6709646064 2.18235984746
208 67.0535871438 4.71793803686
209 66.5089310543 9.36278046977
210 77.0373871836 3.53611952375
211 74.4602381716 2.57930738105
212 76.2798938731 2.20494430955
213 88.6505302533 1.79494428058
214 84.993414715 4.26653637565
215 74.7495148458 2.38337284053
216 79.7619383641 12.4061287851
217 72.9691077537 3.36938686898
218 84.1932624831 3.32195041903
219 76.8132072077 0.106029358585
220 69.2862123181 8.14965698333
221 72.5732433669 1.97019581785
222 65.0372887309 4.94250360132
223 64.3724244242 0.330973970378
224 74.7886994717 2.81014858458
225 75.991538966 1.32168492466
226 70.3104535681 7.23083477627
227 74.7339249935 8.43086329176
228 78.5176204004 7.86530090789
229 75.9010228017 1.44156717937
230 84.1723833231 6.93315857662
231 87.5839349182 9.43571463657
232 76.5661688336 0.784266184056
233 73.2698609271 9.66738460596
234 77.5879297258 4.11852797836
235 74.525174228 5.01585182832
236 69.7757343664 12.3105050227
237 79.2599209773 9.98972376254
238 82.0275126864 5.49360126585
239 77.4582902639 0.408349198398
240 75.4217422249 0.453120100982
241 75.2067943378 2.64367145471
242 79.5613235578 3.08788155644
243 75.6471646315 2.697104903
244 75.9013417518 1.7075014803
245 80.9204991273 0.929231431918
246 77.4634160107 0.934747213566
247 72.602377182 10.543061572
248 64.3555629958 3.81272135666
249 77.8922613209 0.721877542389
250 72.2824507937 6.65072526541
251 68.1854009725 6.69122937722
252 74.7457246654 11.6481006868
253 78.2045067183 1.10747359037
254 77.3577470071 2.85409116967
255 77.9172078267 0.733329264916
256 89.2958010068 10.1704256693
257 77.8136598131 2.93958620688
258 74.5906007949 1.95480738181
259 73.1718288175 1.2456200232
260 82.3843143047 6.18171696704
261 74.994710839 3.85076091221
262 78.5306509986 12.6923783602
263 79.9200483581 2.63935839212
264 75.1273231068 1.10534987708
265 67.1726923868 2.5601623195
266 71.3346702478 3.22541127971
267 85.0882607684 2.13639336467
268 64.8601258627 7.80929854154
269 85.1175843931 4.85465389347
270 78.1789197721 0.363902089281
271 72.693548157 5.49846859187
272 72.7449349359 0.751147749359
273 77.2467347805 14.4784062775
274 88.1442688977 0.15362352416
275 88.5049100693 4.03101326698
276 83.9535716291 7.97858624313
277 86.8566390658 3.85721378712
278 83.8143371898 3.54878365682
279 77.7259724152 1.43937138865
280 87.7851784443 5.11057212043
281 63.4019507992 1.04352388765
282 80.2502336899 0.29670244719
283 71.9227721585 3.20304728382
284 78.03719809 0.709395478858
285 73.6379259095 3.0595022225
286 76.0617544914 10.5797498436
287 76.209661374 3.97518217319
288 76.6137263918 2.26672739193
289 82.8626492688 8.14140650726
290 78.7533754362 0.778039298227
291 82.1169632645 4.28966859321
292 88.4410593858 2.6670883243
293 87.3628532402 2.78732885665
294 85.4599874181 4.80278737545
295 77.8919954906 6.57335461778
296 76.2768995275 1.50895817282
297 77.1987601545 1.80603597202
298 76.8995187089 0.298527618173
299 83.1099129961 0.994640796647
300 73.8569827918 2.89221534981
301 77.8111505768 0.848686958066
302 77.1942993654 1.46757738008
303 77.5996536188 0.833854907728
304 80.6153664608 1.77548376241
305 66.2943886051 7.73935462139
306 79.3796783174 3.34738407285
307 89.8647450309 6.06401974332
308 79.4176573591 11.5017606096
309 77.5769870767 0.0814629806889
310 77.314798265 2.39173503171
311 76.1799356298 8.3832489575
312 78.2493574717 0.718523978569
313 83.3853012211 0.23640945435
314 75.2997562341 2.52586578498
315 82.5101786158 0.32023209996
316 80.0531053625 2.18404265452
317 66.1846858658 8.08555550562
318 69.9731492169 2.27894925579
319 63.7524247655 2.32711657068
320 77.2942501755 15.230208495
321 65.6822865291 4.04896685848
322 76.9896090535 8.88698474546
323 75.3306904063 1.02965743076
324 77.8411668966 1.72479615549
325 67.3737807294 6.61609557722
326 74.5420496613 1.39184150189
327 78.332691082 5.06386652252
328 76.9624350053 13.7045083156
329 80.6240782712 8.8300318251
330 83.67690605 12.2689426653
331 90.0052525254 3.7621838041
332 76.3731306578 4.91136611488
333 77.2364444586 14.1946144896
334 78.7987884326 1.62864444898
335 74.097966192 3.08004636543
336 87.8751499234 4.28071120969
337 75.1380367863 1.64411620299
338 83.4725887349 0.855515513618
339 85.9925657318 8.46275412859
340 79.1690274362 7.66449721515
341 78.5597485298 1.30708760418
342 77.7667738911 0.789301701312
343 75.3985897518 7.89176134213
344 65.9174416144 6.02054358901
345 80.3804189674 3.47124966365
346 77.5097391439 0.550653172615
347 78.0182925684 0.804625832301
348 79.1383031277 0.868304803546
349 86.8698382919 2.63326577571
350 77.5903889393 1.08821718404
351 72.8376343023 2.6595380978
352 75.9902972309 0.53038861066
353 74.6373209126 5.72513998073
354 67.0838980805 9.06558124008
355 67.2293823707 2.08071464575
356 69.2015386372 6.3111436914
357 87.7030534353 1.38467526797
358 71.9927289108 11.2152188994
359 88.0429108626 0.103747596288
360 72.884086641 11.7093674592
361 83.3019905813 7.69254154889
362 71.7495995459 2.83039869048
363 78.7021224717 13.3931691908
364 77.8364660062 0.780114839162
365 83.6431799507 3.89917292859
366 72.4912797894 6.31755084767
367 87.2797976527 8.62678966404
368 77.3995166793 2.20605349996
369 68.2967751466 8.32130541438
370 77.1911354588 0.640673845834
371 72.8607972968 8.03867541783
372 88.2383272568 8.88381792628
373 65.5647067655 1.19155013801
374 73.1380485062 4.81055861484
375 8.66157695732 26.3865554354
376 15.7455496205 4.54124408741
377 14.8064195033 22.3212930618
378 7.36355420753 25.6239082722
379 12.336500314 9.91332670375
380 0.233442245431 11.9072906053
381 11.4940667485 19.4344048832
382 12.1499784396 2.42229688603
383 12.9571630052 9.24092093875
384 13.4450319623 17.3889589653
385 14.198144021 9.50360906011
386 10.7786054952 15.6645726369
387 26.6591705829 18.0265377634
388 24.8304269137 20.5357180316
389 6.58973179498 14.3747988479
390 6.22632986008 11.4135124229
391 7.89526803503 19.3759346699
392 0.0700458779294 9.15810953729
393 6.22454793468 22.5854506956
394 12.6049808009 20.3815200459
395 23.6162909732 18.2980792266
396 10.7571489734 15.791572085
397 15.4698885414 15.0360233563
398 18.3816197246 17.0335273905
399 15.0003186256 16.2756391615
400 4.52646778542 22.7107419059
401 12.9137387067 20.1433496729
402 9.80795176557 8.03205145828
403 14.5761893406 8.4478928844
404 13.1410976681 11.2423536478
405 12.4452537007 17.1310410749
406 9.64162172498 19.0312701027
407 15.9909411768 23.6375632214
408 14.3448085549 15.5001189242
409 3.14207021908 11.7659434379
410 8.80768314262 14.952666579
411 12.2159293033 20.6202170905
412 8.27735370813 6.85600054447
413 10.9350390095 15.1738141955
414 17.4699275388 9.52643042508
415 14.7748222579 21.2843590174
416 11.666078632 13.0449296973
417 21.0340576758 16.4062428361
418 6.50994499987 5.35033197469
419 6.16611849994 3.73816767803
420 18.6614527637 30.3096218456
421 5.11988864925 26.8654100799
422 14.3175666223 8.44660732536
423 12.3562531107 25.515018413
424 11.5984847574 30.9412098616
425 11.3705220098 17.0883888949
426 21.1234676445 6.22896384486
427 15.0521695113 4.92448247172
428 0.433312964248 24.5092948719
429 11.4103358529 9.61386365788
430 12.669165706 27.1675290782
431 12.2481474778 30.9541154955
432 0.928112033733 15.5449269824
433 6.43626324407 14.3615961731
434 6.33408593522 21.9160129341
435 11.3532169812 11.3823008516
436 23.1978362984 14.4421134494
437 10.6846396985 11.9665796281
438 13.0627183169 19.121940582
439 15.4629013 22.9279594765
440 10.3833538074 2.07154325943
441 16.9503649789 10.225846979
442 5.23710649378 6.30458406982
443 26.9308690281 16.7836257586
444 1.95286457255 16.9132848316
445 9.70528620895 28.3370665289
446 27.1574818771 15.2337264484
447 12.6909091677 23.740552733
448 23.2681676887 7.39123475935
449 10.9158173853 17.561270262
450 7.58137451381 28.6788631234
451 13.8452291679 11.824603354
452 24.0097330629 11.5901163688
453 7.51558086508 11.6206629075
454 14.2310777276 23.5232736782
455 21.3162734018 18.3974922421
456 14.4392682089 9.80285569598
457 9.84954532878 15.2039533082
458 18.1138443534 17.4085044399
459 13.5528010266 28.0117270737
460 24.0915388863 20.0881558235
461 16.683073188 13.0007738023
462 14.2737794028 18.5626680686
463 2.36647293662 15.5019657773
464 13.3343163109 16.0853491519
465 12.364273805 17.6551864886
466 12.9771583452 22.0015961051
467 4.95288885758 26.1831189321
468 8.13051746267 14.1393258162
469 17.6469252748 28.5034391729
470 21.8187810261 17.9684853569
471 8.99786663498 3.28546565073
472 13.5883369745 24.8755813029
473 15.6954720272 17.7434168843
474 4.17494901856 10.2164557008
475 14.4648862272 19.6402836704
476 1.66003577673 15.3794407645
477 10.3223681816 11.9071010457
478 17.7570067304 16.6965152891
479 8.5001901599 8.8996205879
480 10.7334675715 21.27826121
481 12.1014545682 21.4972607295
482 11.1800354278 17.4669002568
483 5.38542682451 14.9747569618
484 7.46238108943 12.7786606918
485 14.8267787571 16.5818906513
486 6.13781067934 27.5170499386
487 18.414989752 17.6516081646
488 18.7521531324 5.43764342676
489 18.8638733661 23.8765781709
490 14.6307678269 19.3214299599
491 14.2807524377 14.5303419463
492 12.2196092313 16.8274942185
493 19.9608839625 17.9091330974
494 12.9129369479 15.6955521384
495 22.6519210833 6.62472540976
496 11.9636360867 16.4843404531
497 1.07238170888 18.9388489868
498 13.7028822041 20.1186562413
499 6.54400265968 20.0297452628
500 25.111350293 16.5888220832
501 12.8951346924 27.7514470437
502 11.8918903736 11.6011703706
503 15.0951036476 19.8245256521
504 15.7961986558 23.3532833724
505 12.7786557867 17.0786957343
506 11.7743048192 4.46850094438
507 9.97517270983 18.7503867104
508 9.28660945089 15.1403616344
509 16.7919679858 15.7994895815
510 2.0873511975 6.85465181811
511 4.67911570957 16.6640002624
512 25.0024245554 12.7579897426
513 18.5463049867 10.1072706289
514 15.4254604734 18.7362191753
515 6.73860521737 23.7931814013
516 6.101948528 11.8727148043
517 5.78903060548 18.8317747679
518 20.2348799029 21.5888859786
519 11.1526386833 19.3497014372
520 6.4621243198 13.6134640476
521 25.0584129722 9.16021168695
522 2.40687446134 16.2322071965
523 22.9382643102 16.2245267054
524 9.96931233313 11.5474799649
525 15.3653473954 27.4478276541
526 6.64538064263 19.802828672
527 13.0881823406 8.70280154285
528 0.957098421936 10.8145695148
529 16.9756242879 19.530084238
530 14.6662613409 13.3902443758
531 3.64417953354 5.6757826069
532 4.98315811655 16.7622513833
533 4.28718054183 12.3936807651
534 18.1776346927 5.2978620372
535 13.515961753 14.6752385986
536 7.77073703179 7.92547267287
537 12.3419707908 16.9892706689
538 7.48105615865 15.8740496485
539 6.52192105318 23.7823189448
540 6.52340296967 15.229578853
541 19.845446864 16.5222027148
542 8.34052591954 8.48820553391
543 10.6497006627 21.5050273178
544 11.4795895262 8.42119025426
545 9.47239603399 22.4694504136
546 19.5719278366 11.8966071022
547 12.2827073542 30.6605525258
548 13.6215670113 12.1106925645
549 10.18681195 17.7552527549
550 10.8275852096 14.8673019307
551 11.6696060614 11.6524716655
552 8.05466760175 15.6280829096
553 7.41377327135 29.5443313122
554 0.119679099589 14.2282614325
555 6.36913657176 22.7165149044
556 8.4365281441 22.5479269189
557 25.9980620716 15.6519357841
558 12.5480375923 16.9951961133
559 11.6297234848 26.5278751058
560 21.0050153667 24.2872813792
561 12.3575811596 12.0253212126
562 43.095409495 59.623917129
563 40.3037823258 52.2039659344
564 44.4092916249 46.4091788138
565 43.1293298534 48.6362512204
566 40.1943549333 35.6087523193
567 43.2629753684 36.9824893445
568 45.47848325 55.2335404903
569 50.9714499947 50.196624335
570 43.2995555254 38.0992009915
571 46.4964639992 51.4044393767
572 54.9997754108 44.2707681023
573 47.8970337648 61.2631954611
574 50.6805994034 40.2199050467
575 34.8080615984 42.293795088
576 56.6053804835 46.9236539475
577 35.1676253437 54.4123734931
578 57.6672358432 46.8092344973
579 39.2671223785 56.5351147428
580 39.7995928268 43.3035104149
581 43.4610207684 47.9829003794
582 32.3573475287 44.6899941556
583 35.0413198461 41.5082625123
584 48.0120959427 35.446919593
585 44.8997981385 50.0270644074
586 42.0910650805 49.0447298888
587 33.9750015446 41.2714603474
588 54.6218502476 41.8437967371
589 31.3310360612 46.0501517087
590 32.3733264014 51.6937860227
591 39.6605393346 44.8585640037
592 51.7017742044 50.6015200811
593 45.9325979116 52.8502667748
594 43.9647237615 55.4844250712
595 38.524234414 54.0582838146
596 55.3736987173 55.9249861699
597 47.011975723 45.5908992929
598 43.5483827813 49.1155246562
599 41.1007382365 48.2303449169
600 42.1336617184 49.4429169146
601 44.1532113403 49.0985012959
602 47.405811835 49.4035027045
603 50.1411244508 54.4024201476
604 38.2373689244 51.0375268028
605 36.7262838042 36.6622522572
606 38.7033735303 43.8972274928
607 48.0432572755 53.1233227938
608 55.1330149183 50.6174427571
609 51.520725234 38.4617681349
610 41.2605225908 40.840583001
611 37.140366858 53.2768476363
612 45.3385966645 54.5947550939
613 41.3996505683 47.0043015613
614 36.3085174583 37.4806761925
615 30.0847881281 53.9459896992
616 45.0583135485 45.7547827691
617 35.3793473696 37.183347497
618 44.7206098529 42.7952292023
619 48.6056719226 61.4603497092
620 42.0058061422 48.6890236178
621 43.1493601273 46.9152827011
622 44.7698595315 50.4175959016
623 33.5426698787 55.8400093516
624 51.7376489419 60.2668134813
625 43.2609585932 49.9756229673
626 51.1957957394 40.8438472276
627 40.6194988986 48.8642400661
628 48.9839712794 38.4337321196
629 44.0155104815 49.6231800212
630 44.6626673951 46.8030611823
631 41.8462395804 56.048667564
632 32.2108068932 57.2893181296
633 47.7007018898 46.7736169983
634 45.2388397152 50.4600024287
635 43.5794082938 48.6871721354
636 47.9560885991 44.5715653357
637 50.4751770829 51.7389360045
638 43.7262981015 36.5983256132
639 43.379754711 48.6454327287
640 41.9194876535 51.339850709
641 31.5715175307 57.1915038295
642 43.1421647445 49.9916921344
643 41.8413208604 34.4447187926
644 33.791898086 38.4058746301
645 43.6498391037 48.8043449025
646 42.8880419887 58.9029393708
647 39.4330005624 41.9770245032
648 53.1168294617 52.7357878727
649 46.3555838728 50.0596105829
650 33.7398527485 51.6042581369
651 39.4780576557 41.8927309227
652 43.6033225888 48.3384377584
653 52.1731890945 49.259490342
654 43.4234396478 57.9328058072
655 44.4422371344 49.0124705119
656 52.7429818852 51.0081602048
657 57.5506814295 46.9246034665
658 43.8738071313 47.9512217051
659 43.6939283234 49.3438417172
660 55.7123455615 49.5974453068
661 48.9175771544 49.2001211604
662 51.7266200542 37.8587211558
663 47.5573118356 55.6655871232
664 43.4949751057 49.1241188759
665 46.0962848512 36.3054191659
666 43.8684528694 54.8919707901
667 50.832681644 46.3820602751
668 43.0406343357 43.2544771514
669 46.8794624533 42.8635360496
670 30.1321129806 48.4994639902
671 53.3763441914 38.4304981103
672 46.458626966 50.8676376616
673 37.2997405398 47.8338100569
674 38.9923083205 44.2835310521
675 40.8237015744 57.0756579168
676 36.9871336331 38.1199694911
677 43.3648784212 49.124128287
678 39.6322443783 44.7161766185
679 47.1824341914 53.0860316591
680 38.7546413174 48.2591421351
681 37.6186519416 42.5116949395
682 34.3122123976 47.2123088949
683 36.7765370641 47.3516301639
684 45.1529222452 63.1428473461
685 36.9918841537 59.7650825566
686 34.3282783474 41.97535577
687 33.807323134 57.4327702477
688 44.6169473773 49.6990777967
689 46.4223482256 43.2412031153
690 41.2833323338 49.3743929286
691 38.7672253251 45.0962794778
692 46.9136678004 51.0572564788
693 50.8381240844 40.4553116314
694 43.4682927478 53.8853325233
695 42.9691557184 53.2065574055
696 55.8884879304 52.3519204117
697 48.0724287024 54.0062354009
698 54.0875427724 53.9443852234
699 40.9375149037 63.3664626351
700 50.7732484158 52.3462938474
701 42.2847934504 53.1985976432
702 45.7374252497 36.030408113
703 39.1216633382 62.1156927277
704 42.7789214764 54.1307425828
705 44.6993997722 47.8088667979
706 49.2380450541 41.9135383543
707 50.3433635139 61.7483124366
708 47.6046136015 49.1033141933
709 44.5895115168 39.7819447152
710 49.4107974643 47.3482731337
711 43.835903858 50.8940774331
712 43.8993580348 49.5934543247
713 49.6155583774 52.4683607828
714 49.2440468766 44.7507472736
715 50.7801273429 41.517444857
716 39.2351356764 46.3661959076
717 47.5542562924 44.661614044
718 40.2371463235 49.8346521024
719 44.0883485126 54.9020456296
720 41.914209573 45.5260038463
721 34.2694605405 59.6485158199
722 44.4164233337 47.8221140152
723 43.3404199112 58.8407323139
724 32.7211859596 50.2468340316
725 38.7308938909 46.3669459064
726 52.063520753 46.1130004478
727 35.5616005465 46.9371165161
728 55.6233344246 41.3362178106
729 38.7859892927 48.0433258049
730 35.3175833633 43.0405109532
731 49.5449590316 57.880585732
732 37.8638535156 49.8453486698
733 39.5709075567 35.594499358
734 40.9359236106 52.0496252235
735 51.077634594 60.3195885049
736 41.1581320724 50.1607845437
737 43.7469095114 49.847546057
738 47.2059447099 46.3446752791
739 32.7694714609 43.5701676227
740 43.0793167223 41.1485594423
741 54.119952721 56.4183133345
742 41.2761621431 51.6073177171
743 41.7923680867 51.0748651529
744 43.2798463964 48.5285049356
745 46.5791997241 44.8538190917
746 33.9583971027 41.3519722633
747 35.3449152851 57.2553772938
748 43.4476221 49.3987313953
749 40.6356568151 41.0008545758
750 5.97752392288 15.313169132
751 6.07840996354 6.08954333346
752 0.92653841179 16.403350222
753 1.72634391202 17.2874310014
754 7.42744899258 10.3900915702
755 6.25567425158 15.7012860504
756 2.08840185611 15.9056021917
757 10.1152331101 7.22406303351
758 6.27465981194 19.3678102222
759 1.83921813947 8.84131745542
760 1.78037735894 14.2481000106
761 4.40524753984 9.36419540514
762 15.6674913064 18.8209621355
763 6.22017445634 24.7354826247
764 9.13963390862 9.31892185723
765 10.151108847 7.32125783458
766 1.32316540699 17.7950209712
767 1.12475999915 22.7441993968
768 11.1373448505 13.8663863808
769 13.4413983894 21.6239195553
770 11.0687437597 19.9007100028
771 3.55036938049 15.4787941299
772 3.03646073299 21.4193905774
773 5.62490235179 15.2586716127
774 2.09128090969 16.2013371937
775 2.03290562566 16.6869100984
776 4.9980181939 19.7020493765
777 1.61887204463 24.0875476339
778 1.85916512108 16.7589325506
779 10.0324473361 22.2780104448
780 4.07924830028 30.3075505827
781 0.435158992554 4.97701503162
782 1.82902851181 21.3724176728
783 8.42739233742 9.05432983022
784 11.1173465856 9.77194634547
785 8.04515601538 9.31869249679
786 10.5514315087 11.8995523079
787 0.362704312388 14.473696695
788 8.78762012604 18.1217533515
789 13.3178660045 9.11306939518
790 15.3688801431 15.4780998081
791 2.30551379249 15.9481879712
792 1.9316185454 7.04426678507
793 3.16886889351 16.5540858937
794 2.92186542223 16.7644343532
795 4.31918302621 16.7914879241
796 2.43677930907 16.4924431992
797 1.48399404007 12.4856656432
798 2.27846828554 11.6707738183
799 2.17845273523 16.4319718254
800 1.9701269828 16.7519733204
801 5.33644225257 17.0386973672
802 0.574769113631 12.9528831658
803 1.60428119864 15.0836719049
804 10.309342128 9.86095214359
805 11.1180702219 15.0516162198
806 12.3018226905 20.952198813
807 3.04004138062 16.2254953708
808 1.8440729411 22.5451697846
809 4.07511848448 15.5921741994
810 1.59429594545 17.5606209873
811 0.586982958603 23.2547248053
812 2.21727946716 14.7203237452
813 5.17357218271 14.8175119203
814 8.97648863979 20.6963315848
815 6.29008460433 18.6743043751
816 3.48621747543 19.9879028271
817 2.01586532209 16.6928225524
818 8.31680224311 8.67176412097
819 3.61153356338 14.4194644136
820 2.94092340308 29.2146788159
821 2.02745933251 16.7013761991
822 12.1905010121 6.013037866
823 1.53634765091 15.1804486912
824 1.34981537449 15.5093652508
825 6.95724449135 8.64715211441
826 9.48156784588 17.3118500913
827 3.24774440602 19.5815512054
828 9.80593157108 10.1532402591
829 2.97015172741 18.9713587342
830 13.669736905 26.10318375
831 3.07797145928 15.8084023068
832 3.61360321121 20.3662834352
833 4.57990728336 25.0541894034
834 3.81763889047 15.5938325575
835 1.83355298132 16.5237998949
836 9.98155628075 16.310348931
837 7.39752700764 9.45673569308
838 6.54944450636 23.5957520524
839 1.93997090019 12.6329915602
840 7.91332269897 7.15316731834
841 2.36609331192 16.9323062269
842 2.84471514511 16.2033236773
843 1.16270392308 9.71476651072
844 4.76056410426 23.3702585115
845 5.37484385895 14.8518400814
846 1.3538699806 30.0678706214
847 6.50127439538 21.6515599463
848 5.56018314094 24.6803580458
849 7.06344715515 19.5842784511
850 3.00174438056 20.3958943801
851 7.7851380113 15.8687972057
852 4.98184971401 9.4812908587
853 10.9833863637 27.5474042529
854 3.06926006874 17.8672830872
855 1.54188435681 23.3078498772
856 8.72496562665 14.2631539529
857 2.49741537408 12.1580706587
858 6.51139548082 18.108759824
859 6.62721177501 6.37458535642
860 2.0269871326 16.630954888
861 5.19869870441 11.0345158929
862 1.09946517162 16.5155576175
863 11.3035497606 6.69765452878
864 5.07626846445 5.06869702452
865 1.12875776394 19.917257215
866 4.84495412514 9.93063539162
867 7.39946134408 27.5189359084
868 2.51843748949 16.5985450447
869 4.09067505336 19.3082879107
870 0.195090629135 19.3572354204
871 1.03815817236 19.7885864283
872 7.25027807874 15.1367342595
873 0.471443184829 11.1064547287
874 6.46969912701 15.5278464008
875 8.16331602117 8.50653091829
876 4.46583838273 17.0358254143
877 2.39275216178 20.4093435659
878 4.76396464147 18.9991130693
879 7.71334668413 3.66897663226
880 4.28564301508 14.5307390623
881 1.41259191196 17.8172289327
882 5.77182375563 17.6936755715
883 9.771859865 15.8323017872
884 1.84570821122 22.8752373112
885 9.81051921774 15.8995524504
886 3.07316471403 17.8323294204
887 7.18463082307 23.6374081151
888 3.04168405152 4.76447384874
889 0.94887391299 16.5883535085
890 2.59970942293 24.2051946186
891 6.94575854741 22.6123582924
892 4.0945276258 20.6876084644
893 1.96507169997 17.6036687937
894 2.26610479971 25.1589820372
895 3.62485730503 17.6532324621
896 7.5519887496 17.0324313533
897 2.74418364659 19.7120696415
898 3.00526806983 18.1821744264
899 12.9745666224 26.4114099645
900 3.63750837114 17.8712122756
901 9.72812253049 23.2171656042
902 1.81127696355 21.1436114431
903 9.96610878968 10.5801584156
904 0.708891056421 16.537594582
905 8.01884200206 5.88244444205
906 9.44669053223 18.337092425
907 3.82135862328 26.3633507248
908 14.7877459538 20.3391865479
909 1.94463066801 16.6195997645
910 0.653061347069 20.8113072916
911 9.85804090736 21.8162308167
912 2.75737518995 20.8860786367
913 7.67134732899 7.36624235877
914 8.96400444484 21.0313288041
915 3.04664620703 23.7335278972
916 13.381674218 18.5696285377
917 1.79893794442 16.5835323487
918 1.62333924873 15.8688041147
919 6.2380367092 13.5734310997
920 1.27563279773 22.4001879952
921 7.78863383177 16.3094155703
922 7.27811193522 12.3526529909
923 5.9052582775 14.1820664313
924 11.1900552625 17.2764849984
925 8.11974259814 13.9818404022
926 1.82040714006 9.98629305204
927 4.15738548973 16.7469579225
928 10.1191051171 27.8013677698
929 1.45242218117 27.27584984
930 9.2607403175 17.9078353729
931 4.64982933061 16.5652549806
932 6.93337338757 24.7526904114
933 4.40632726184 7.24683103115
934 5.93396571722 17.0911629894
935 0.0667825256911 17.5250557754
936 1.38064997678 16.66696779
937 30.0034339679 24.3668355616
938 37.094557551 26.5027650539
939 29.1901380934 22.6369288125
940 32.4399045923 26.3635664068
941 32.2303263342 23.7413656701
942 32.6384169503 23.7502967091
943 26.932290164 13.4797581924
944 42.9499125445 24.7723316847
945 35.9767079967 18.1704922986
946 28.6988701272 19.3773546395
947 37.9335432121 25.60888641
948 39.8566046386 15.2090966098
949 34.9115372981 36.3280564328
950 28.5452974361 26.3788852594
951 36.362168059 17.4602634521
952 39.49795868 20.295752098
953 33.3947010464 30.7064325657
954 27.3323875247 22.1184853335
955 29.8980492475 17.001140048
956 26.6745256283 33.1950365453
957 32.5424775197 26.372452693
958 23.8271994308 25.6882035071
959 33.3267384733 23.7673710247
960 36.3801285427 23.9813062622
961 37.4009029087 27.1868448998
962 39.6145738043 36.5608577987
963 41.2755960385 33.4945873695
964 23.1688663153 12.2010660851
965 34.4942182643 22.5626827271
966 36.1108090566 37.3744964452
967 29.8050996623 26.2065056979
968 28.9148350114 18.1969127224
969 18.4500731409 26.6233141175
970 31.9147452901 15.704180193
971 21.0095651701 25.4004129261
972 36.2291486561 25.4256315345
973 32.9996011333 22.9683288086
974 29.7638062908 20.9084052703
975 34.9648968032 11.0040797075
976 32.9705548046 23.4433804493
977 40.3374877827 31.8754036654
978 25.2345848765 26.9069269338
979 22.0606805159 27.9595101384
980 36.9769897459 30.8045857335
981 26.6919948608 22.9938776954
982 26.4544162919 33.5898589508
983 32.0804990704 18.7789203052
984 23.9091020765 24.7152492967
985 33.6255767271 24.4663929696
986 33.5739019748 17.3213761065
987 27.5941223952 10.310818005
988 26.918456324 20.2984524911
989 37.1799069839 28.4432438044
990 43.5498374947 23.1853658336
991 45.0795092452 26.6370024586
992 29.4244827336 25.96668607
993 20.8982528659 21.2657969223
994 32.2318387348 14.4384898819
995 42.941236152 21.3417123068
996 24.7648036077 16.637056134
997 32.6180463191 29.2844080925
998 34.0786905696 22.1996266291
999 34.0327795696 19.7613084172
1000 33.711265486 25.8863577587
1001 34.9110471977 34.5012341803
1002 41.9673588407 34.9302549373
1003 26.4823872849 25.4708171847
1004 26.0293959016 13.5329434415
1005 42.5159139533 16.7015438193
1006 42.315517937 16.7048904915
1007 32.4400813802 23.789535283
1008 36.9272641196 15.3564976184
1009 40.9230363468 19.5657344925
1010 28.7356746463 25.4967905812
1011 42.6447475091 20.786728379
1012 36.8016995545 20.5258108929
1013 24.9284984546 15.8688517075
1014 22.7806715291 25.86927462
1015 28.4513118053 29.8832096126
1016 41.8767296924 16.8673233153
1017 28.8627389582 19.5398064854
1018 43.0854343799 21.5486485766
1019 44.4393212022 25.7669278392
1020 31.5178044968 20.5710801286
1021 29.7710926643 24.7455834211
1022 31.4288771876 30.2023250878
1023 25.4809881841 21.089932182
1024 34.2011271092 9.52676530288
1025 25.9531765677 23.1480487595
1026 35.1429576257 20.1984602287
1027 28.9092642967 17.1067087778
1028 31.3871819164 10.5453164531
1029 24.0884613253 36.0611083391
1030 33.002046469 24.4692002914
1031 18.2870761859 20.8312917915
1032 28.1901627098 32.7433558598
1033 22.2676760634 26.7749525777
1034 18.0415046111 21.5654230448
1035 31.4352799879 23.8157724229
1036 33.8486600408 23.6372689723
1037 31.654544971 21.3915038112
1038 28.881041571 30.9487215164
1039 33.6810605829 21.506084673
1040 29.4231076442 23.6073879996
1041 36.1964809868 34.1048814617
1042 30.5227498271 10.9424053499
1043 34.0003408852 24.6426018641
1044 33.7248954069 26.8828880144
1045 39.9447806021 19.7259937908
1046 43.5025898082 28.6032181011
1047 43.5834198104 18.0699196111
1048 43.4912643972 27.8384735354
1049 31.6347360594 24.3376651849
1050 29.1044078317 20.0539734686
1051 26.2369250139 33.2402192897
1052 25.6865315659 26.3356461734
1053 39.6613631366 18.823157
1054 33.7262635085 24.1019513016
1055 37.582991832 22.1248554187
1056 45.3246342863 18.2126732134
1057 33.0112367799 22.9036161602
1058 24.2295816289 24.7679792685
1059 33.1419109695 27.7092727108
1060 37.1593436246 23.3669395188
1061 32.9497858814 32.2103381246
1062 30.3786174154 28.2573022216
1063 31.3309427868 9.81871736675
1064 28.5410119572 25.6913070101
1065 33.0471029656 22.7224500184
1066 34.3602045604 21.8847500492
1067 27.0202564233 33.7993118027
1068 33.0770462027 25.7095890432
1069 38.8887505443 20.3012869764
1070 24.7834948802 14.2828348543
1071 34.654241448 29.931521522
1072 31.4381833063 24.6153587812
1073 31.0689528609 20.7395645672
1074 32.9532570875 24.6125083117
1075 33.3588387493 16.0661785015
1076 19.8870769024 24.7047957233
1077 31.2901575797 27.724177159
1078 35.7326437787 9.82153257072
1079 35.577442802 11.5697313792
1080 32.0721889648 15.5280339025
1081 26.5640482614 20.5906895943
1082 37.0497742951 27.8005921928
1083 43.914877863 32.8685202032
1084 28.9518525353 29.3151323237
1085 29.9670718911 19.5855999299
1086 45.3641285285 26.7005590088
1087 34.6257921015 23.5164330226
1088 39.2669661598 27.5002750674
1089 43.9446331995 31.3048343202
1090 42.6424930615 28.2133650105
1091 36.2938979082 22.8756126539
1092 24.6598617572 21.9662084303
1093 37.9837423401 20.7521282376
1094 22.5805234071 26.4612215641
1095 35.8391770256 25.9768448884
1096 32.235951321 14.9607773518
1097 32.0558345255 25.4862693706
1098 26.8731002259 36.2618676829
1099 25.0706482126 33.5736863195
1100 29.5846972852 20.9132080187
1101 33.4242871833 9.53462302327
1102 30.8973487448 25.0061466716
1103 34.6810646296 22.8369069484
1104 33.4610546064 28.7063491652
1105 26.4980806378 15.2310420493
1106 35.8589401522 30.4812309509
1107 21.9663171 23.8401246991
1108 20.388170035 31.1281079669
1109 20.5344262617 16.6909059381
1110 33.4765025125 26.8887898168
1111 40.258457695 24.428408605
1112 38.1879012949 19.684356137
1113 36.3088611593 21.2625440856
1114 36.7985331288 30.6200952792
1115 33.0884448722 24.0620552268
1116 33.4529720498 10.010752431
1117 31.0429170156 24.6024285373
1118 28.7081247386 37.9731977649
1119 35.5419664061 24.7417046739
1120 34.1023596518 24.6036376364
1121 34.1196498009 27.5351160128
1122 35.0775399185 14.0260146725
1123 46.9764621083 25.9615268122
1124 45.1267441065 21.1847328678
1125 36.9154686816 90.4708171679
1126 26.5208264318 83.3236897194
1127 29.7564594166 85.1709212161
1128 42.7201869557 94.2473850752
1129 37.1349404988 94.6649712631
1130 44.6511586791 92.6304970117
1131 39.0404751912 93.1101457056
1132 38.6431182154 94.7192083813
1133 37.5800075256 89.4607168378
1134 50.069172939 85.4471108895
1135 24.6949066459 82.7486575996
1136 38.7343332598 86.6271704922
1137 30.07616617 78.0317192064
1138 38.1124335505 90.9340774247
1139 38.4086062166 99.8862299664
1140 45.9115225377 84.5679689149
1141 37.8808950081 93.3561226371
1142 34.8706281418 98.6447940104
1143 38.8490280046 88.7183321524
1144 40.0215395664 93.8423656444
1145 36.691644737 90.8047933732
1146 32.3592655352 78.1991739852
1147 28.9537781267 97.1554464411
1148 29.3453440948 84.3808317835
1149 35.433222804 88.3994631498
1150 44.4273783063 92.6309981272
1151 44.8433101412 79.9726413551
1152 38.090769193 94.971173986
1153 37.8148618569 93.182068679
1154 36.3620362486 90.2993567152
1155 43.9617457722 97.6506300957
1156 43.3349218081 92.5880007917
1157 31.9239805079 85.0813145048
1158 32.5988732249 89.1539328582
1159 34.1103206545 83.3653100203
1160 42.700901493 77.107540218
1161 41.3774249612 81.6113499009
1162 43.958180322 95.2742542673
1163 35.2042493111 94.9341797918
1164 36.8486735701 88.4110384046
1165 33.6851557674 82.0134499896
1166 26.0733698795 98.487574818
1167 37.3023058368 94.9576531723
1168 38.5102485191 88.8192102117
1169 44.8252227224 84.5833876866
1170 37.6596628767 82.3902318334
1171 31.6288055181 77.1641691663
1172 36.9729187478 89.70018207
1173 50.0837883011 89.1853435802
1174 50.0920097775 84.4504960011
1175 26.7181547795 92.3296354295
1176 45.1430886038 92.1561136819
1177 52.1496298274 89.6342935244
1178 36.396823912 89.4184619525
1179 27.7450837699 88.7284382125
1180 34.9003159894 80.1416163386
1181 32.7866309956 81.9536454642
1182 52.3868691215 87.6928266399
1183 35.6558410438 96.833729137
1184 30.8840200888 77.2475116469
1185 49.2647110396 94.5729961317
1186 38.605267488 90.6595509224
1187 32.784177756 87.4334364552
1188 38.2625243628 81.8800199822
1189 44.6610620859 91.8104234785
1190 45.4836212111 88.4732317038
1191 47.5386702053 97.2400858601
1192 35.8965915858 79.7460158943
1193 37.6125627045 90.176287978
1194 36.19756783 92.7740102267
1195 46.6672494006 92.1922031057
1196 32.6696377556 79.8112358573
1197 43.4079325864 88.9421721092
1198 27.1888671436 80.9166417461
1199 41.4865989535 93.8213390095
1200 39.122621338 88.6703199545
1201 28.7232967709 96.4660208194
1202 33.3256011307 94.2750382863
1203 44.3012744678 91.3277755347
1204 37.4227697845 86.4592170849
1205 37.2575417779 88.7952079846
1206 33.4625683931 84.6680494652
1207 30.8584089031 92.0977205645
1208 45.2489966108 83.5244267763
1209 37.7075204624 89.6732334965
1210 27.1894656712 87.7027429443
1211 38.493112102 99.4029605212
1212 41.96548645 93.4924889616
1213 46.4301417846 78.1543312282
1214 37.158720715 95.4789913653
1215 36.0107426941 94.2496229707
1216 48.9260985164 98.525205989
1217 39.2133053379 97.4595025264
1218 33.9887370119 92.4084324421
1219 44.9581916159 83.0304115628
1220 36.882342022 87.8891400253
1221 34.677978211 90.7696204601
1222 33.6790825494 96.543507446
1223 41.6794167902 90.8825641942
1224 36.0277523293 95.5051048999
1225 32.5940197058 99.640187026
1226 31.4129875327 78.8669877647
1227 25.172967781 86.7774232172
1228 33.8752078625 94.5618909867
1229 51.4408194437 85.4131048845
1230 52.0583413547 87.7065014078
1231 47.5462351095 86.7392846814
1232 42.0595964269 88.6173102658
1233 44.81852113 77.3505368361
1234 36.4107767353 88.4583264503
1235 37.7849144291 89.7264027111
1236 25.3084762857 97.234958367
1237 36.1071447329 88.9496789835
1238 31.8517443428 87.7698712431
1239 37.0741446737 89.8082927678
1240 37.2630307055 90.4451187695
1241 36.034128283 84.0592185807
1242 40.7919733363 78.405957524
1243 25.9881276461 93.0789551493
1244 43.2098580753 91.038193397
1245 27.3272020223 81.5339720082
1246 47.8051078929 89.1234535696
1247 41.121038273 99.8672131575
1248 49.900290927 96.2890847385
1249 43.0882390319 89.1000748463
1250 41.150298987 94.2242864579
1251 49.7560849522 93.9126812598
1252 37.7213965496 89.6570997601
1253 39.7538559223 88.4276541213
1254 45.3133144793 86.1450510597
1255 52.3497237178 92.4139358448
1256 42.863157866 82.2151215628
1257 44.4754311154 98.8199676917
1258 36.5996056065 88.6827453545
1259 43.1136488999 90.1320430656
1260 42.1678660093 92.1992674056
1261 37.9367474449 88.3354531846
1262 27.7332764539 78.8945697115
1263 46.0709676578 82.8248454428
1264 37.4354919737 90.0688974088
1265 46.9474896863 90.6277414132
1266 36.3736610039 97.1365097777
1267 33.227270757 81.0274536865
1268 38.1610727771 87.1055361832
1269 43.6180279713 94.6470273642
1270 32.7119414896 87.0514613569
1271 39.2243102554 91.2777957247
1272 36.420953361 90.845170517
1273 27.8345251136 90.8043662513
1274 34.6691703839 85.6668314136
1275 39.9659783545 92.7229440079
1276 36.3231203704 89.5304446725
1277 40.7029116457 79.9012061185
1278 39.9793240232 89.1024830714
1279 42.150999721 92.4427318211
1280 29.3770310653 85.2235363718
1281 37.1368679082 81.5814288372
1282 42.2820485698 80.4182513622
1283 37.244860787 90.5911301074
1284 26.3657793576 99.0039437258
1285 39.7338624719 90.7974942777
1286 36.1765740217 87.9449124106
1287 41.3701493259 77.0562311156
1288 29.6397268878 87.5848402644
1289 36.3430365612 88.5297619644
1290 35.2434398736 95.635463064
1291 25.4880871615 96.301798981
1292 37.2706505581 90.1184515527
1293 46.9087971743 93.9814118184
1294 36.018279005 87.7353756843
1295 46.0338350039 82.7574647276
1296 36.6166454906 92.0693326621
1297 45.7959442136 91.3881104906
1298 29.4583070155 86.1395733713
1299 31.3452932566 88.2627004541
1300 49.5881888157 89.5538929802
1301 33.933011998 92.9432902505
1302 32.2011761911 81.260792165
1303 36.4612134644 92.2813887629
1304 37.8663807367 82.6089857911
1305 27.9095333232 88.1940814555
1306 36.9494293883 93.1170856193
1307 33.3302115769 87.9411747981
1308 39.188228804 86.2477716398
1309 39.629203939 88.650691949
1310 37.9093562353 89.9593064581
1311 40.0395728261 86.6917831297
1312 40.8349684599 63.019565549
1313 36.0710958173 59.375793695
1314 32.6665222507 68.5423028222
1315 40.7813475756 65.2585410388
1316 46.5331876985 65.4568555173
1317 32.2071414134 65.1660362744
1318 50.7490340505 65.4921692282
1319 42.39114246 67.1642750759
1320 45.0503238943 52.0948866847
1321 48.3189188 59.4346069244
1322 44.4347648688 67.831406164
1323 41.407155866 61.4845228937
1324 48.9997246861 66.9756945543
1325 52.5762322186 58.7772768037
1326 39.8527902818 77.6402205134
1327 48.456139948 71.3013621001
1328 38.6191444147 69.0011798587
1329 41.6401104176 68.3620864509
1330 29.299016631 69.9030750365
1331 45.1980922586 80.6787785893
1332 56.194361543 65.1514610158
1333 43.9739720105 68.0182242579
1334 42.8209191388 66.3848161458
1335 39.5930216118 58.1790838426
1336 42.2312334969 67.5714138031
1337 43.1080702714 66.9683262897
1338 30.7881142193 69.2360429928
1339 31.4766159054 71.1042840666
1340 42.7913480829 67.9573097424
1341 39.5022109707 65.2977218738
1342 44.0497000285 77.8312360299
1343 43.056895753 72.4478442546
1344 45.2265118334 80.2815368706
1345 34.6795102235 70.8292066389
1346 44.4464538651 65.6255435664
1347 50.406482903 61.2410829512
1348 48.0155644092 74.3744894998
1349 52.5556475694 72.7059501627
1350 41.7472978548 80.2954292166
1351 42.8858819916 61.281184114
1352 41.8680743504 74.1506390835
1353 34.6594194939 55.8367522437
1354 37.6376751037 69.725011748
1355 36.4164779846 74.2038888469
1356 39.950597203 53.1841187432
1357 35.4859339193 61.9072663556
1358 37.2689761882 62.3000935825
1359 42.9256941483 65.129007394
1360 47.5071974791 69.7868302163
1361 41.515971815 58.9490875623
1362 41.6026603776 68.4835539799
1363 39.0563160875 64.1620709563
1364 39.9876826302 69.7654031347
1365 50.993195801 68.6102282261
1366 42.5743219293 62.773806187
1367 48.9241163116 63.3543402453
1368 35.5730738314 69.7619753818
1369 49.8997114657 53.6358337837
1370 48.358342964 64.2657044971
1371 46.132004045 68.3913052447
1372 37.4550839138 71.6795963242
1373 47.722443403 61.4884360216
1374 29.951783836 61.6149893941
1375 29.3447659292 61.5133117667
1376 43.7404287852 74.7722057951
1377 45.9514212442 64.6685602752
1378 41.666787476 57.4901203676
1379 44.0239844275 72.94194091
1380 33.8538818332 64.2526272866
1381 36.2588161652 53.1093133845
1382 39.2378877909 73.2267283977
1383 47.5579262211 72.3685570741
1384 32.81960915 76.7684057719
1385 47.0278339652 76.098090191
1386 39.3351234294 65.1107229424
1387 36.9776400315 68.7203713497
1388 37.0628622548 72.2234358929
1389 39.5695859626 67.551234657
1390 48.7001361265 71.8614440378
1391 45.1327742768 65.2572372379
1392 41.9670070292 78.0129751446
1393 43.6774968597 53.3243772994
1394 49.5466978535 76.528552914
1395 44.6772769579 58.3722011153
1396 37.3204266497 58.835197355
1397 42.3904966835 65.239755383
1398 42.0315839822 70.7405979509
1399 55.7186039528 69.6971066271
1400 50.7916683557 67.34136041
1401 43.6613737008 64.7322168958
1402 43.5184911863 61.5849842047
1403 32.7014635473 69.5366421726
1404 45.2460082353 70.1552192743
1405 35.1736045224 72.4935460732
1406 47.349476306 62.4240321749
1407 41.2835313896 61.8041087313
1408 45.6974345442 70.3880820912
1409 34.9764020096 64.0376976316
1410 44.9710027804 65.0363753517
1411 45.2504578121 72.0029130125
1412 46.5464230614 68.5770899375
1413 41.8455056626 66.1748113517
1414 48.9100393753 63.2823801878
1415 43.7084321171 62.5604709444
1416 42.3163180515 59.3467107941
1417 28.9485602664 69.1822530526
1418 40.3857809916 72.6397060833
1419 48.5456661263 59.9277467535
1420 31.6335363716 65.0860716193
1421 42.368236383 66.2111881207
1422 28.7948760426 67.3067671934
1423 44.0429876613 66.5197194776
1424 42.369858337 77.1660691857
1425 42.7068634636 66.6722075553
1426 52.771797916 59.983235373
1427 32.8305079353 75.013406601
1428 49.1871967447 65.9229121414
1429 36.5823938646 61.8983665802
1430 47.5143560516 65.86697693
1431 36.3332700757 55.9679447068
1432 42.0836325235 70.3482957457
1433 41.0219052895 68.2823784469
1434 41.4632016501 61.8596692009
1435 43.1636435609 69.5911364087
1436 40.8250152161 70.2687446469
1437 43.4439954536 62.0319750055
1438 36.7910553996 53.5766515977
1439 47.7856458047 57.3509917377
1440 38.1930565626 73.6638776653
1441 47.8515845688 66.6988213752
1442 32.9285609039 63.827814467
1443 45.4492045216 64.9538004237
1444 38.0004279679 61.6340387066
1445 37.8814498133 66.6618761518
1446 36.8933188098 79.067307592
1447 41.4358670067 77.9274237916
1448 42.3212371135 66.355432588
1449 39.9953168833 61.7961536773
1450 38.6585895046 71.3427021785
1451 42.0579168389 63.2166298991
1452 31.0956340736 62.1919819644
1453 51.0037623984 59.3923146228
1454 44.5645620409 62.1940201335
1455 41.4020202861 67.631921287
1456 39.285556975 54.8932237047
1457 29.6223395013 67.0520620502
1458 42.3230201537 66.3901862829
1459 39.698373273 79.1753221031
1460 44.0740750136 69.6306212226
1461 44.1871013928 66.9485108748
1462 43.9663871384 58.4740707116
1463 38.5270609793 61.2365712535
1464 43.4079870274 70.2030374013
1465 51.0577882577 62.1755438348
1466 40.5316264255 61.7115210845
1467 44.945020867 73.1171799694
1468 43.2168289091 65.3322611844
1469 37.5340944192 66.7414229094
1470 38.4085756152 80.4755320874
1471 38.1419831848 63.9204212703
1472 35.4010286951 63.447741356
1473 46.6980158472 66.8036210043
1474 55.6082072067 69.8410625484
1475 47.0641898573 67.4955872279
1476 34.0642068714 56.8296633262
1477 40.2118649429 66.9270245308
1478 45.0894940173 71.3033028408
1479 34.2526271141 69.4615534152
1480 29.8554605225 72.3433552793
1481 42.289514207 66.4091991037
1482 47.5833082459 64.8731954101
1483 34.3157297659 73.9118413974
1484 38.4580185947 67.5119248211
1485 37.5243733167 55.9822169775
1486 41.9722156827 67.5362144315
1487 45.4941854649 75.6615677404
1488 33.3401764916 75.3900410739
1489 38.8463503051 67.2314672838
1490 55.9415127026 69.0593359138
1491 44.046355476 64.1412881586
1492 37.6782551972 60.4417201549
1493 47.7362382863 79.3743528786
1494 34.6469016754 68.1078846101
1495 36.9692317171 67.1333367393
1496 45.2641372339 75.1181759546
1497 42.101141027 67.1362960551
1498 41.2988826308 65.1344433836
1499 42.4849446072 66.3236817102
1500 85.7853264879 10.2132209504
1501 98.6245175533 22.0903996311
1502 89.8304476905 19.7091279351
1503 90.5373648043 12.5926973154
1504 84.4605981336 20.1923145132
1505 83.7400146923 15.3920713417
1506 93.3767051869 19.59515762
1507 94.6327570204 4.40944885716
1508 78.0055584288 17.736018008
1509 81.9049842635 12.1448178318
1510 85.9224698804 12.3995348279
1511 86.5490272473 23.0258152473
1512 79.9631406855 2.69229752823
1513 83.9411744013 2.81896961509
1514 80.7649364218 18.8134375896
1515 88.1449453955 8.84804552644
1516 93.8187389146 25.2941481038
1517 93.4283210002 7.20991770259
1518 85.912837743 18.4169735797
1519 91.1477121348 11.121946753
1520 90.3146031618 12.5330286146
1521 89.3999300538 16.2165058741
1522 86.5267762142 12.6275625387
1523 91.1607206545 11.5081565948
1524 98.9894154462 11.7150802309
1525 81.9288428204 18.2536292842
1526 91.0447844322 11.3101545009
1527 95.4725892342 4.52587806222
1528 99.9254598233 6.02835214303
1529 87.3905762713 0.523556348102
1530 98.105405692 14.0800708204
1531 91.3284955534 7.09975028913
1532 87.5442524142 12.2804850038
1533 89.044535636 5.98824426626
1534 92.1742175756 15.3499193803
1535 91.1306163214 4.12540502218
1536 86.9305616858 11.3908863505
1537 86.8854369419 16.3812629467
1538 83.386546472 8.32950384217
1539 96.8474273285 20.0866000674
1540 95.085406577 8.65864994926
1541 89.944033038 24.8464115769
1542 97.3315387519 13.9688371305
1543 83.6766258879 15.792338157
1544 81.1768259631 4.26285746063
1545 91.9238481282 8.81545095263
1546 90.6044199723 11.7974628457
1547 90.6834607306 22.6502606839
1548 90.1285152536 12.0734606755
1549 91.4176790135 20.2568729182
1550 91.6954369738 18.0416798269
1551 88.185553179 10.8371992248
1552 78.8780712303 19.3753541219
1553 91.3923867968 15.7580890591
1554 92.1862756086 12.8556374751
1555 89.0624871555 12.3295813206
1556 86.7760344484 10.5312453733
1557 91.2327507797 11.3680447633
1558 91.4485477173 7.87116183549
1559 77.9361654028 17.2098300124
1560 93.3275547866 24.5502795898
1561 95.7743413498 14.295439139
1562 85.1113327072 5.91683862063
1563 85.3468767153 5.68371876556
1564 91.8691633624 2.22220558535
1565 90.884889534 12.7191797482
1566 89.1722008514 11.2037006272
1567 97.3177249153 15.4657722226
1568 91.1925593781 12.277951833
1569 90.2938062951 7.71499145465
1570 92.1185353367 10.9712120923
1571 97.194481703 0.341354069698
1572 89.8716376581 10.9548994628
1573 78.2585486799 18.5514137405
1574 93.1172594372 7.21748426384
1575 89.7834394405 14.7398775613
1576 98.997968998 10.8064599656
1577 93.3984335159 15.5130186688
1578 89.4227516186 24.9050084143
1579 89.5073219333 24.1935801753
1580 92.9673099082 5.33006002435
1581 86.7218370851 25.674308753
1582 93.3728287378 6.69331926568
1583 82.2175689298 2.17321308789
1584 98.9277764842 17.5554823142
1585 89.71527124 10.8673978626
1586 86.2852673548 24.922741114
1587 95.8916910257 4.29604319295
1588 92.5682106203 8.91111016395
1589 93.5319003266 7.03368581054
1590 90.018026317 15.0588490256
1591 76.7437194304 13.5504326878
1592 96.5590899846 0.152360856919
1593 97.1719040511 11.8269614842
1594 88.8529050792 6.23172650461
1595 87.4716383913 21.8980100514
1596 94.137289041 9.74567064814
1597 91.1517653506 11.0950644422
1598 91.1225671319 11.2879537187
1599 99.8342150466 1.1832984604
1600 93.2418826532 17.4463384732
1601 97.9293630959 5.94448744972
1602 99.3840406528 8.24525888513
1603 81.6284942135 8.13803795166
1604 89.6623565218 11.5301785877
1605 92.0113279951 9.79876326028
1606 91.0180167711 0.985095631306
1607 87.3419444211 3.98219328698
1608 90.8865210854 12.7871480548
1609 87.8516021332 8.00257845591
1610 79.4890883779 20.6093390649
1611 79.6144388182 14.8868576158
1612 91.3072550719 12.5075091254
1613 89.2050172013 25.5648254986
1614 98.0670916491 21.051775506
1615 93.2291165751 11.5486788386
1616 99.299810153 22.115742143
1617 93.3039464832 9.84566636877
1618 91.7670795741 10.9787418946
1619 89.844004858 8.69934730312
1620 80.1053509082 6.49421795309
1621 84.4593195536 19.6467199733
1622 93.9414461628 11.2268323591
1623 92.6801566182 13.8050763641
1624 82.5185892906 10.7549121445
1625 87.2926998308 22.4946989937
1626 77.5834789347 13.5214225072
1627 81.6363203093 11.4194474647
1628 92.0511755694 10.1659945503
1629 90.843780476 11.5707430888
1630 85.3408039403 17.5932643957
1631 90.7054139873 4.944835124
1632 85.2043391619 10.8735701496
1633 92.7724430811 20.3908818344
1634 90.6922649177 13.151646233
1635 87.9175621322 11.7301058129
1636 93.1465212937 15.5116740078
1637 80.8673483335 19.4196011477
1638 92.9559943801 19.1574217635
1639 88.1539551866 10.28440898
1640 76.524219449 10.1557342285
1641 90.4377040865 14.9884684595
1642 83.3866496744 13.2381361919
1643 90.8456301993 10.1966956215
1644 91.264224413 11.4405525525
1645 91.3905992467 11.7540636924
1646 92.4390935187 8.04277052813
1647 99.4710827151 5.55095833276
1648 92.5691505461 12.2241469606
1649 86.8043231333 20.2260126569
1650 83.0789445075 0.297976649448
1651 79.4753396366 19.4666472566
1652 89.3403978852 24.6863817711
1653 83.9867489432 4.88131607106
1654 94.170021628 10.6499644303
1655 88.5569751565 10.7603391247
1656 92.217259578 10.7763110428
1657 91.582417259 11.9098542148
1658 89.5720538152 14.6106515434
1659 97.9893156494 1.71747065538
1660 94.8965972936 13.5821098372
1661 91.5622160798 12.9603903929
1662 98.5660957015 1.41728160409
1663 91.1464379163 10.7243877896
1664 86.7431491427 11.1786635654
1665 99.6143865659 2.1909997212
1666 85.3460483585 12.8132036748
1667 86.9793242626 11.8695366229
1668 90.366575261 13.336281776
1669 85.3225891384 21.2182836046
1670 78.3909867764 4.55519033827
1671 83.6116477694 8.16667556107
1672 86.5295561834 6.47430447155
1673 88.8247747928 15.2913380887
1674 95.6979052686 0.687933524659
1675 91.6766994104 26.1700154218
1676 91.2793673358 16.2289287949
1677 83.0363910088 9.70329556633
1678 91.0041714952 11.3203715014
1679 76.9317877583 7.74810697937
1680 85.8964690989 19.5494996326
1681 82.8209299026 0.151320096914
1682 79.6137754298 2.64769048222
1683 96.3047647121 8.16115816176
1684 94.9046353341 22.3649779231
1685 96.4057545352 16.8730787577
1686 93.4929131709 14.0801347717
1687 62.1966069222 75.7264715313
1688 53.5637402422 85.3863385786
1689 64.0780684036 80.5579345397
1690 53.9802790212 67.6937343949
1691 48.4189251192 82.7921851046
1692 64.8294272383 80.7917715184
1693 62.7916212679 85.4394868696
1694 56.4264640222 76.0596332534
1695 68.0518699778 69.1822960839
1696 56.5937053607 78.0536123134
1697 56.4983553289 77.4775899492
1698 54.0319204832 69.1293874272
1699 67.7418142987 83.3118863594
1700 59.6152430662 67.3923499636
1701 55.0948604083 71.0938018932
1702 66.6831126548 70.991199804
1703 49.0593982513 77.3566745291
1704 57.8511958059 89.7947678955
1705 55.4550901473 70.6597439325
1706 57.4198325729 73.3450896796
1707 61.8659561686 77.0063155632
1708 50.1280988053 90.310095565
1709 50.1018671947 79.0970923558
1710 70.5720296196 81.004952552
1711 59.2396228699 80.6656600886
1712 57.5133724848 78.3716308192
1713 64.3521913257 74.1232320622
1714 65.4584810229 80.585744376
1715 60.3027634088 79.891526835
1716 45.8665953879 79.8979589735
1717 59.2661515319 84.5978636791
1718 60.082042583 73.4801233223
1719 60.6307303329 82.5679320677
1720 66.8424866261 74.740500652
1721 58.2937255435 71.3264244706
1722 48.773548937 78.6015029788
1723 65.8793432484 83.4832501324
1724 54.0239533505 64.3299037917
1725 47.4511941097 69.9365711322
1726 57.7768621833 79.4885271575
1727 65.730442323 72.9264405131
1728 55.3462879797 81.5436975904
1729 63.4920078731 77.3150364381
1730 51.0285322058 87.2463133262
1731 44.3709892727 74.9813503859
1732 61.3476209453 77.1276665982
1733 59.619225095 77.4381817055
1734 50.9741802065 72.7039111496
1735 64.6485479725 65.4542906141
1736 55.2858649982 70.38013036
1737 44.5768414273 80.4680584007
1738 56.0908174525 77.0099133594
1739 68.998787624 71.2983172143
1740 65.09582503 83.6118035844
1741 48.9386712861 82.7150404598
1742 56.8636418865 76.8778124561
1743 58.8923113966 78.3962069509
1744 71.1266389765 82.9669237159
1745 64.4936016458 78.5446526085
1746 54.4919618975 72.4312116024
1747 56.7092934335 72.7480863249
1748 52.9838210936 78.3276158971
1749 43.8580138759 77.7893236832
1750 54.2021377882 81.909455923
1751 60.6125946478 65.0329327289
1752 57.2764994686 88.1471807579
1753 59.3165064246 81.3944654293
1754 66.1612195899 71.5251040803
1755 62.0392514903 80.5626795192
1756 59.5470303329 78.6280225889
1757 53.6585101924 71.5963808755
1758 61.3429980982 78.7058724321
1759 56.5643702639 63.5163336956
1760 57.6497741125 77.0339101071
1761 49.9494768035 65.1283365297
1762 62.1564387084 70.0737760032
1763 62.1356736141 79.2402946412
1764 55.1613569143 87.8014891849
1765 61.3399214131 79.5227185148
1766 58.4763773811 78.0870948817
1767 63.6032258178 73.5242761906
1768 56.7780137181 80.045004348
1769 57.7460732836 78.2320760418
1770 57.3408379104 65.0832030293
1771 65.4138463557 83.738228441
1772 57.6504619389 77.5912397377
1773 62.389098611 79.9379879564
1774 47.2508671788 82.6928642892
1775 58.9616170311 68.448772167
1776 57.9323297363 77.8872358474
1777 60.4961209744 80.1880489774
1778 48.2817635389 79.9588904759
1779 53.4724800489 82.5578040327
1780 50.6162473086 68.5836862725
1781 60.1511256124 89.8061162777
1782 61.3362603051 80.3091153915
1783 59.8584465189 76.1336996531
1784 43.1417390468 75.7386632719
1785 56.555820494 65.5236796881
1786 58.9869495948 65.1777978218
1787 51.3585266962 70.3944169162
1788 58.9613955846 74.8327659933
1789 59.8441431088 81.4615776074
1790 55.800237724 78.1521690193
1791 51.8616536813 64.41213809
1792 54.6760118963 78.0953866907
1793 57.2549327301 71.8593243258
1794 57.1595042096 77.990671048
1795 67.8399839118 86.648160274
1796 57.8147347987 76.7211390488
1797 54.9123465422 68.3496272116
1798 48.6136365771 69.9308244302
1799 57.654179402 80.7093407935
1800 58.7352241152 83.6937303635
1801 58.6678246483 82.9457819562
1802 65.5697651564 90.1513139603
1803 48.4853847394 84.4662541808
1804 51.3842584087 77.6025615775
1805 62.1632950683 80.9381690229
1806 66.2124128738 68.948007731
1807 53.9680601097 79.9914197455
1808 60.5253874452 75.7018245869
1809 48.0745135113 78.0877789976
1810 59.8610353184 65.0927507227
1811 58.2639262706 75.4541155734
1812 55.1909556209 83.3082177739
1813 58.417268561 79.5769774785
1814 52.6664016398 74.0563379369
1815 58.6751551007 75.9847310273
1816 54.4044640706 77.3101570924
1817 65.4202268779 82.7203309082
1818 70.0751087403 80.4443831717
1819 57.0344653941 79.351282664
1820 44.5990477442 70.7583054132
1821 45.3208457547 73.7415515889
1822 59.0146156538 78.0793412578
1823 56.4959354369 87.4498102573
1824 56.9161399656 76.5118396603
1825 72.2366069562 75.9195024628
1826 55.3941716935 72.6037733743
1827 60.6745978671 74.7744446458
1828 55.9386541421 80.5823687058
1829 63.3596885114 80.0915231488
1830 51.5167041503 79.3430266142
1831 69.6273711907 82.4675463759
1832 57.6451461389 77.4335242326
1833 53.2463197984 77.1202324215
1834 63.5164717147 78.1757792998
1835 56.8765981031 82.0999655795
1836 49.0596897497 73.4660673206
1837 70.8775616809 75.2271409544
1838 61.1923575779 76.4380032278
1839 52.6540326814 85.9880077178
1840 53.7617177532 77.4182318049
1841 59.7404715555 80.7590867009
1842 50.2879458726 74.7210200306
1843 59.130125089 81.2707409393
1844 50.4888129962 81.5130435959
1845 54.2979593409 76.4028941334
1846 57.4773782178 82.914334004
1847 46.1625158791 71.238000206
1848 67.81958452 74.73322303
1849 60.8328586154 68.6039710682
1850 54.6965242701 81.9392025086
1851 45.7633640368 72.0746481287
1852 55.895975426 77.2045037239
1853 58.7227108194 77.3714277208
1854 62.1064861529 70.2943030608
1855 60.1886980857 70.2443429536
1856 62.9141047547 68.166902392
1857 59.4321993819 84.2726199662
1858 64.502591493 73.4362791777
1859 60.3812984299 77.0187534089
1860 43.9473024859 80.9341323778
1861 57.9088215258 81.6180188484
1862 65.2327335169 67.6345638052
1863 70.1689388272 82.1222101327
1864 51.5259307895 72.3646463717
1865 57.6493451016 77.7891209296
1866 48.0744527723 78.6605778691
1867 65.3135152182 69.7864051613
1868 63.8974275407 64.8553707837
1869 62.8662676833 66.7248051968
1870 57.7030382115 80.5625190337
1871 52.1629271347 76.0787052598
1872 45.1830574084 79.323406243
1873 58.7693631289 79.0815058849
1874 54.6721854404 72.9070909758
1875 3.49648663572 6.58759262956
1876 3.95694135306 2.26161350466
1877 3.15353353185 8.17018336004
1878 6.45408790451 11.5498123922
1879 1.29102567887 14.6109577217
1880 4.96890430579 5.7734345143
1881 4.70226489338 5.65299075412
1882 13.195452537 17.9027215017
1883 6.07485116443 8.55784549597
1884 2.01433388241 10.7089361337
1885 7.0693469744 6.67464319497
1886 8.85681380679 5.54046250187
1887 15.5916509105 6.16515987815
1888 12.5520160841 8.91438484195
1889 9.28626169052 13.0027637382
1890 2.32026291912 9.2073450631
1891 4.87232080232 8.40227163577
1892 12.6561338422 14.5681058278
1893 0.936979981913 5.14824647825
1894 4.45039525421 7.20777471174
1895 13.2917806902 2.32754252393
1896 13.2629438442 2.25967645992
1897 14.6248343654 15.8722845455
1898 6.07427411592 8.05830403709
1899 4.66848078163 1.5612829089
1900 4.07314189744 3.10600058763
1901 6.42423581021 11.5101813774
1902 15.3142732696 3.96347888266
1903 4.92275200657 6.0309468999
1904 4.02937520516 5.88400489465
1905 17.2262380508 10.4892022025
1906 6.35016262666 10.2937501674
1907 4.11225989902 7.47103153994
1908 0.308157614049 6.55653252022
1909 0.551548500904 18.2156700585
1910 7.10384938546 3.1032231219
1911 3.65176307995 7.60793990718
1912 13.5001981412 11.0706131069
1913 6.05831238694 5.8861826523
1914 7.70405260741 11.4475892227
1915 8.86371529136 15.3031263025
1916 5.52911928759 2.83460721546
1917 4.2443666381 6.44983709997
1918 4.15897690429 11.7505073424
1919 6.55840516957 5.79144737725
1920 4.34492325092 6.29869263452
1921 4.04089218629 2.06929384773
1922 2.82356508597 7.77691306172
1923 0.383540584396 9.53506432754
1924 4.73018229382 10.7528422785
1925 10.8404394762 17.0440602931
1926 4.33223415922 11.001992768
1927 11.3662685668 14.6137353618
1928 16.8442715625 0.194132105509
1929 0.95496263147 4.59131135237
1930 6.22530895966 6.85090026325
1931 2.50493442881 15.992446123
1932 9.07985572979 14.1925451545
1933 1.39091062018 2.81662054536
1934 0.0066632311769 9.79546952962
1935 4.8784042306 5.89251879275
1936 6.11923005745 10.8696605701
1937 16.9921564926 9.12031562078
1938 0.799740110344 3.88149053953
1939 4.2171699281 6.72671620787
1940 17.8251287343 4.46265194193
1941 14.3587442055 11.2838863309
1942 8.49814165929 14.7800163649
1943 4.42637789684 6.62750387865
1944 4.18699361328 7.01586874741
1945 4.51227578758 7.18366036795
1946 4.28796491127 7.97648924731
1947 3.6324064721 1.84034712948
1948 15.3260094921 8.39630137359
1949 11.8869944594 1.74700677817
1950 8.95468644777 7.73554526731
1951 6.1334964225 7.54430120523
1952 9.70228984397 10.436344003
1953 15.2532518963 5.94024767721
1954 12.6829643959 12.6426347744
1955 3.297426033 3.84655152246
1956 10.6917800401 14.2131980792
1957 0.168162718546 10.7715370852
1958 2.58211311366 1.97141571618
1959 14.9966793496 2.52666759527
1960 1.6444221385 0.775202720199
1961 10.4590410336 8.84786852203
1962 10.4805027447 18.0293961084
1963 7.91704186917 0.427287258627
1964 4.38804605297 7.01341435777
1965 5.78510701763 16.0276114102
1966 6.76806173282 10.016371115
1967 10.4799606134 16.5576738371
1968 12.4457190777 2.93877306579
1969 18.7022106157 6.60288840273
1970 0.285372669671 16.6159043851
1971 3.52269071738 9.13647222462
1972 7.61756533221 8.46122388575
1973 0.00976261715399 9.63837999085
1974 3.74049570646 8.60092434099
1975 10.3887474253 10.1155287834
1976 4.64133776386 6.45835318015
1977 16.8895479436 5.70589889979
1978 8.83617721661 8.75516740628
1979 4.89352121068 6.16829484511
1980 6.8638032731 17.4375388861
1981 14.3377138267 12.0076244068
1982 3.32054317988 7.30993545669
1983 8.78795558248 11.9885534029
1984 4.33041842517 6.72879944358
1985 4.8099184035 3.50400066176
1986 3.77302704788 6.2347977827
1987 0.805903372153 7.03667200716
1988 0.158439849155 8.58660268719
1989 1.68534901676 6.26649052764
1990 6.51627573624 5.82254448323
1991 8.71227138112 2.12297287903
1992 11.7114042867 7.35247193771
1993 4.65699671909 9.2696655085
1994 8.78317521482 3.57226301407
1995 4.94688072264 1.42629747592
1996 4.26468443481 7.07478957144
1997 17.1039388298 0.935453308555
1998 11.9714097459 0.230516243826
1999 6.85715037208 13.0509857103
2000 7.8780388862 3.55726780582
2001 6.70780657477 2.486895118
2002 8.2937889832 7.21783667984
2003 1.17981089693 11.7099922323
2004 13.7256127098 12.0548219082
2005 9.45294294524 15.9633216173
2006 0.040344215627 2.98890410248
2007 8.19275780827 20.9219448654
2008 3.40627763252 8.49849102444
2009 4.21574724631 4.03979700014
2010 4.29103330248 6.72502825304
2011 8.54502037229 19.4356579481
2012 17.8870876574 1.93037109003
2013 13.3919840191 7.39806830199
2014 9.4952947829 7.94108554248
2015 12.8635447826 1.5690766037
2016 2.37854107136 3.2228502641
2017 9.11689902089 2.11543100183
2018 5.06954571635 8.15388517101
2019 2.80781555659 5.03199962983
2020 2.24624677661 4.6923774263
2021 1.708309599 3.07202247179
2022 10.3405968304 6.24730902452
2023 4.73777984363 6.71068311973
2024 1.01474418741 7.88418234095
2025 3.05973931951 4.66313007473
2026 3.90754470462 4.84302831062
2027 9.91073062188 13.2633716257
2028 6.07102748358 11.9624067123
2029 0.512888444799 6.08412403392
2030 8.32171090583 4.23556111591
2031 5.62183861263 8.33982323921
2032 3.423825426 6.63612499331
2033 2.28451768086 18.7091278819
2034 2.84964056775 13.5332185124
2035 4.55529307366 6.58980210963
2036 3.82258854815 3.76619460248
2037 6.60640156644 4.6933775072
2038 18.2368417453 9.26274144136
2039 7.80002729812 17.353071251
2040 13.1088277692 6.21501995339
2041 4.97082475208 6.17399702118
2042 10.4474641818 13.3202520268
2043 13.7866627004 7.03280223497
2044 12.6463249647 7.96326207405
2045 1.03332368972 5.58845347697
2046 1.28398612299 18.6520719433
2047 15.651389041 5.85943224742
2048 6.21944908387 11.2403315886
2049 4.50830077885 5.37956715513
2050 2.54673836574 7.17466791938
2051 5.80423103824 7.38192646979
2052 12.8585294604 12.1700825325
2053 12.6451503701 8.08133908088
2054 1.65839454656 17.8806814298
2055 6.69120996819 6.72834678357
2056 16.6101405264 9.66899092278
2057 5.33858548289 6.41137843429
2058 4.3000621482 20.7239991414
2059 14.4002071915 9.20380798216
2060 3.09180111341 7.56906274406
2061 2.25160296918 9.77987184264
2062 6.57113396184 98.3908955286
2063 2.91062517999 91.383949369
2064 2.62979640278 99.4449668952
2065 0.55863711602 86.5241172127
2066 4.42399929358 99.7376434916
2067 0.491657525469 95.3929429656
2068 5.2914811495 87.2954318954
2069 6.63626499545 98.271656973
2070 11.6586812923 95.1290130103
2071 9.56302992774 94.2658066821
2072 0.815909702681 93.0343944326
2073 7.15577309903 94.7306951787
2074 4.31498851006 99.3572066031
2075 7.84691042973 81.9771119376
2076 2.55190380302 95.8963653952
2077 15.485359499 88.4123060739
2078 9.2980045335 87.8181122598
2079 8.80105428891 83.4135450814
2080 7.23647139927 95.4554887141
2081 6.34088239137 89.8515036741
2082 6.43149281248 95.5909517569
2083 4.32041717195 95.5505107041
2084 2.96877567567 85.9069412162
2085 7.05389112043 96.8313643762
2086 10.9588847722 90.1052644402
2087 7.99156633062 83.2875076269
2088 3.93764144319 96.0652752454
2089 16.2059015303 95.7305840053
2090 13.1481248875 99.9773588069
2091 0.431654783879 84.8205926161
2092 16.7002321557 99.2220648778
2093 8.36267587368 97.3046541994
2094 2.15702515374 96.5361345499
2095 4.99841902052 95.4701937115
2096 4.12518483059 96.3119133375
2097 8.84265071332 98.7928539895
2098 7.10146635043 94.3499865011
2099 1.74339621353 95.9392089589
2100 13.7957586275 99.7348095461
2101 6.18549698418 97.4047691089
2102 6.65845807175 86.3546378976
2103 2.23583579634 94.2642959842
2104 11.2126765895 96.0304153413
2105 4.22183476568 93.5426220768
2106 7.43750349517 92.1250059582
2107 2.36402447307 84.3807059325
2108 5.30142697094 84.4686494559
2109 8.19447337513 92.0631790164
2110 2.49685979322 96.8476307982
2111 1.51916025916 96.3397573649
2112 4.25464375717 96.0032321074
2113 10.3004968212 93.5555226986
2114 1.40816212002 90.0183605148
2115 2.89540574677 81.7792243668
2116 0.282335579654 88.362972686
2117 18.3508637418 93.5002809686
2118 13.510656937 86.950439442
2119 9.28477596989 93.4973668956
2120 9.66244925838 96.8727601857
2121 15.4185895795 89.4015737175
2122 14.1500697128 92.0487042707
2123 6.13403465875 91.6372791633
2124 16.6196452487 92.2757393366
2125 5.63678708636 95.9846021324
2126 8.35150425499 93.2241772011
2127 8.97864322227 92.1013382088
2128 5.23610343541 96.7804705359
2129 17.8598204474 99.7936975681
2130 4.32936012339 96.0182113934
2131 4.28332662748 99.6235852076
2132 10.1602670955 99.2352277486
2133 8.85782478324 98.9663062589
2134 6.68227066756 96.445765826
2135 3.1730917362 93.9654364255
2136 8.60093732479 99.7067892533
2137 4.26659490541 95.2486660708
2138 2.19622564861 89.5236160852
2139 7.92967590648 95.1848259639
2140 12.7668453903 91.5531193565
2141 13.5401218308 95.5438291885
2142 6.3671730878 92.1143025809
2143 0.0345880081456 90.2062544291
2144 2.31538806512 93.6332215841
2145 5.22012530529 94.5480687879
2146 0.73787213006 96.5248343986
2147 2.43676666255 94.5139146804
2148 0.81568253012 99.4488101769
2149 6.9902145749 92.3200080082
2150 8.83823421438 97.6979620748
2151 5.09188221895 90.9241692686
2152 4.08707361788 96.5111648786
2153 4.69633952394 92.2163347714
2154 1.06560842215 98.26572985
2155 10.5241751117 96.0286627326
2156 10.4894480155 94.202136593
2157 10.9070608956 95.8206184016
2158 6.74277858728 98.7339610693
2159 0.362410606559 97.6002301701
2160 2.50955638716 94.8992244614
2161 10.6639680626 93.8081032435
2162 11.0812296051 89.7985725049
2163 6.05493990629 94.85105579
2164 2.73156685505 96.7335108452
2165 8.492742343 92.7672983888
2166 9.67621890188 91.4360793108
2167 9.44111422734 82.3581006199
2168 7.13673917432 91.1145333551
2169 2.64064385102 94.7463487148
2170 6.01332770794 91.9101219565
2171 4.17382977726 97.2990563336
2172 8.18457514128 94.2136112944
2173 0.0747092514772 94.9343034419
2174 3.00422528413 87.4206029696
2175 0.851871570888 90.7931362475
2176 10.4439198758 97.001802446
2177 11.3678059314 96.2711791831
2178 18.4729354972 94.9789245306
2179 17.8747931146 91.8197909231
2180 6.01910418906 88.244784373
2181 15.5090553059 89.0096579471
2182 9.61441323906 88.4161196257
2183 15.8167650515 98.7728143709
2184 13.1968390893 86.3169677691
2185 9.87856490166 90.38103144
2186 10.3292910176 83.208121179
2187 0.243171971122 99.8950724731
2188 14.2300120069 99.4961761454
2189 13.9470516865 89.0849436786
2190 9.46342969859 92.481090222
2191 6.91670918185 97.9222182243
2192 7.97048454706 92.3040857341
2193 3.56506043465 96.9006956825
2194 4.02637237889 97.7736240913
2195 1.44812671432 93.1612999663
2196 2.87959791196 81.5482404197
2197 5.27157189371 99.9430376722
2198 9.77398869234 93.7261986993
2199 9.8675492693 91.5857503051
2200 4.73736547636 83.6034703423
2201 5.19183166107 89.3199839356
2202 2.03776094758 93.4797792351
2203 4.05866276603 88.4883508393
2204 0.407467243883 94.9847628036
2205 7.44326368536 97.3583937809
2206 0.296828471154 85.234944514
2207 2.82100560234 95.5238385089
2208 12.1627782563 95.1636504593
2209 5.93012190774 99.70425538
2210 4.2971829559 96.1059673815
2211 5.50550053739 96.7904101204
2212 18.0252485841 97.0419119522
2213 5.39977595659 94.4287780611
2214 3.64178456543 96.7140774008
2215 3.25542082774 99.6135570989
2216 1.17657400026 93.0595460134
2217 5.64688888737 97.0578414804
2218 3.55097359127 98.029279033
2219 4.25102552957 94.7959284133
2220 9.12577525971 93.7538380093
2221 14.1705507963 89.7136870326
2222 4.27981108722 96.9528094476
2223 3.91363717023 95.88725225
2224 3.52408830541 81.8321122376
2225 2.96415629623 86.1478878285
2226 1.56529954161 93.4045204217
2227 5.19875715439 97.2930388228
2228 2.44724392729 94.3104273214
2229 11.2644981413 95.4700195134
2230 9.77807242374 85.1794207303
2231 2.71545075839 93.0813545706
2232 4.18947921886 92.3259486262
2233 2.1632645606 98.218758158
2234 11.6928659886 99.9951804856
2235 5.33688001061 87.7115121113
2236 5.65049357322 93.4028433581
2237 8.94748319059 99.3062261423
2238 14.1159399231 93.4337380875
2239 5.08606095194 94.0332513097
2240 4.05487533436 96.2423071927
2241 2.79005864659 98.9284524472
2242 4.4299301524 96.2057547002
2243 15.4761612691 90.7462907064
2244 6.0846068923 93.4030038393
2245 4.61354878321 98.9126050601
2246 12.7494729894 94.17389152
2247 10.6939365798 97.8891688487
2248 1.10527087987 95.8470323707
2249 3.49864303049 96.0822455593
2250 40.9001630111 49.0312670637
2251 33.6983775535 48.8876318024
2252 27.9305701613 44.6657453819
2253 33.9858520849 51.127095976
2254 23.0961045663 46.0870776919
2255 40.7337679817 36.7803197666
2256 35.7837736424 41.3202997662
2257 26.3845444452 50.2945375956
2258 17.5021947693 36.7365832697
2259 21.4833463322 33.6382176621
2260 26.6947464797 31.0761875753
2261 23.0009071182 39.0729128098
2262 40.4978516636 44.3932723419
2263 30.4363886056 32.3040361795
2264 15.2830129388 45.7243222994
2265 24.2080426584 44.4050752018
2266 30.7433374403 47.5657865628
2267 28.9134855574 42.3698917818
2268 24.3175343891 49.6494613878
2269 28.558273476 39.2554041863
2270 32.2218728501 47.0262050629
2271 28.40507825 44.5524217784
2272 27.82521713 43.8103880806
2273 32.7455508039 40.3833571025
2274 24.7659320606 52.6701983713
2275 24.9659987217 51.1372359025
2276 23.0846082227 46.7730342341
2277 26.4059238904 33.1078663722
2278 29.4513813011 45.9207590175
2279 31.6760026287 41.1747094398
2280 25.8385469738 42.2094656819
2281 28.286168458 56.8601304971
2282 23.5231012993 57.018055141
2283 36.4355629737 48.0950261292
2284 26.5601142129 33.2021099395
2285 28.0430393364 45.4873333825
2286 28.2760782913 45.0426232839
2287 28.1957062455 44.4806383404
2288 24.143142951 51.3018682191
2289 33.752104439 47.2999881521
2290 20.2170284005 40.3763248801
2291 20.8274854449 52.0216688861
2292 30.370775321 46.0441110345
2293 21.9528670655 35.5022860193
2294 18.9557073887 38.4019592739
2295 21.0395106229 35.5784595694
2296 30.2767394243 42.2312443855
2297 31.5520884198 41.6202939313
2298 35.8036749384 47.0394268178
2299 22.1761290838 58.2568131791
2300 33.8663041635 54.6909297523
2301 31.8878731195 45.0711737165
2302 40.8404245066 39.2864019281
2303 37.3576721093 46.408924014
2304 22.3451306479 42.6257659823
2305 33.5236202683 38.9863436796
2306 26.25506939 55.5522217448
2307 28.6989105943 40.9642490137
2308 30.6376019172 48.1231733119
2309 29.764813738 30.1007477525
2310 29.1023903742 45.2162346037
2311 31.5169839682 48.0055672746
2312 27.6675450485 52.0845535703
2313 29.6738069281 41.2060932132
2314 28.9536641411 37.3389506309
2315 26.2598173009 43.515680124
2316 28.1861288988 42.9516884884
2317 37.7314808118 51.1657170747
2318 28.9610632007 43.837882547
2319 23.3781332571 42.7722232393
2320 24.166581348 46.2693553513
2321 30.4975877911 35.6647417804
2322 21.8386315556 49.2479964074
2323 26.2083349106 45.8390218838
2324 37.3879250395 47.0401253435
2325 26.3357584775 36.2169841699
2326 28.8567733849 46.7535221731
2327 32.8605967792 48.7740775143
2328 31.9266357854 42.3942940602
2329 40.0718018207 45.9325171071
2330 17.930400068 42.1728077142
2331 22.0737972448 45.2182272645
2332 30.5643876699 35.9502049668
2333 24.8685805497 40.1251720871
2334 27.144509339 44.1283442379
2335 29.5078360789 32.089420354
2336 31.4867606074 40.7826332581
2337 21.5492733489 39.2351085108
2338 27.346657288 44.3598617845
2339 26.9070268038 43.0299361718
2340 28.0481258661 48.1101845565
2341 30.1830520475 44.8643221575
2342 22.4638552419 58.1263087251
2343 19.4797582179 42.4765590728
2344 28.1903545191 43.4805694612
2345 23.0807281889 54.806735121
2346 35.8815106915 49.6949698984
2347 29.0277963296 45.1364314789
2348 28.7446144465 42.7191688795
2349 37.497720121 45.3720070294
2350 29.6946773131 46.6810780535
2351 39.8468830856 40.2860117967
2352 18.4926102459 52.6548178992
2353 31.9796594845 45.2750498703
2354 37.05372801 37.1549629818
2355 31.6154173439 58.0506859754
2356 22.6059579112 41.7943739235
2357 38.3769118181 46.227045879
2358 35.0072846939 36.572111512
2359 36.2722091328 49.1814687498
2360 22.5078214379 47.9596431551
2361 32.7517575011 38.0498535136
2362 28.9141879743 44.7366175313
2363 17.4583589695 35.028224432
2364 37.7769890647 44.1128059702
2365 33.083959373 40.1815599687
2366 38.8479135196 35.2902277989
2367 24.352059879 47.8116329685
2368 32.1698820187 34.9095069864
2369 36.7188098271 38.3958565105
2370 35.9586494113 38.070311957
2371 33.1769428998 34.1497719485
2372 26.306033793 46.8557023158
2373 30.175163998 47.4488880523
2374 25.7807744906 38.8123602073
2375 28.5266373005 43.2733731236
2376 35.3637893406 44.3811779721
2377 18.9354511256 54.3022877205
2378 42.6377447349 45.1030910959
2379 19.5646759755 38.7712277125
2380 28.5136547015 44.7913679157
2381 39.6394263125 47.3156216759
2382 27.811505297 38.3717216544
2383 38.8511755212 37.0249735728
2384 31.8578704634 50.4211702545
2385 27.3902616982 34.1823244132
2386 28.1130508112 44.4130368773
2387 39.994942533 37.2308362403
2388 13.7571059354 42.3564440355
2389 13.8003619372 41.3150020467
2390 20.0516017479 55.8236286715
2391 23.6203123039 55.4374248395
2392 28.2677741733 46.4131439552
2393 33.65617503 45.4366901004
2394 28.1680473343 43.6656262923
2395 33.2306929784 30.5788079905
2396 27.1225097075 38.9303529261
2397 19.7432372516 44.8437403242
2398 42.7676205468 41.5148114134
2399 28.8601773122 31.502164876
2400 25.1178608456 40.4438013294
2401 27.5292449341 40.3721085431
2402 29.3898563474 40.4854576522
2403 22.4000911253 47.9722760267
2404 24.7331418325 43.7352028747
2405 15.9579225749 44.3333156905
2406 21.3507554905 47.2999621587
2407 27.1530690244 50.7597605427
2408 31.8929437984 48.4136041369
2409 27.8605269315 36.4580632111
2410 26.4226839423 43.4748423029
2411 21.582970265 56.8637639505
2412 22.4543128369 45.0811675076
2413 31.9683513551 47.8147813256
2414 34.4242900448 33.8790309644
2415 32.7482823218 42.696591416
2416 28.602986373 44.4985590963
2417 35.0186790599 45.252820229
2418 28.5386750898 56.3869056487
2419 30.7250050549 49.5466188157
2420 31.4090206736 46.1805260891
2421 32.5361633819 36.2734932926
2422 28.1936344702 42.4418129451
2423 27.0228122753 57.9891806667
2424 18.4533669438 42.2825691264
2425 26.0628000367 35.2576192432
2426 34.0329773015 34.5481511873
2427 19.6854654019 44.6520220931
2428 21.2256035456 42.0221772147
2429 19.8940597068 48.3131921237
2430 23.7008312085 41.8647321008
2431 16.4290119038 50.7506406279
2432 18.610136422 43.2429663762
2433 36.5369282662 38.2585800425
2434 28.896075695 43.7517430497
2435 21.005372702 55.6405987919
2436 24.4013346161 53.6130197833
2437 24.6779077004 13.601782952
2438 25.0714005786 14.26836661
2439 14.93784073 4.84529730523
2440 5.4058040618 0.38156373302
2441 30.119501916 0.169500445896
2442 16.1272504215 2.61701137196
2443 23.3582279955 8.58635533964
2444 16.1449689774 7.03603399098
2445 21.5136758354 10.3074016426
2446 17.9380285702 1.58582312092
2447 29.0499607765 5.1498532693
2448 18.3681585659 1.50076279859
2449 16.2883889113 3.19978890638
2450 17.2895768507 2.69152531963
2451 23.3023410741 0.0582672101918
2452 17.2990452853 2.18070712181
2453 15.2173573099 8.81018354943
2454 18.8018173718 1.78050204021
2455 18.5414154002 1.1752590465
2456 18.0998101108 0.160102908572
2457 18.7943486191 2.03834265198
2458 17.4392806184 11.50357753
2459 10.7849938508 8.210916306
2460 19.4287541661 1.65920112835
2461 15.3630217483 3.67846494737
2462 17.6275222575 14.0185245654
2463 18.1152083485 5.42761279654
2464 19.397891211 7.04240026208
2465 15.8951440988 4.20188225142
2466 28.0761024419 7.63201568682
2467 27.3652453954 9.53693159737
2468 17.7635858819 2.52633814862
2469 22.795175156 3.32231311017
2470 6.49332320585 0.620478044786
2471 9.50056883084 12.5907456638
2472 21.1713027183 1.57461487771
2473 10.2893632337 4.13158687229
2474 12.0858115422 5.86118538618
2475 28.0673872402 4.45986817934
2476 9.31796461778 2.00003980818
2477 16.6354688616 2.06493848634
2478 20.0413181132 7.33508769007
2479 23.7947696845 1.02527810642
2480 11.4735679525 4.50992520184
2481 19.5934312591 0.346403612551
2482 6.97055357858 3.72084930672
2483 26.3241393608 12.0722981997
2484 5.86538676834 2.18911061915
2485 28.4281453145 10.4006188934
2486 30.0114186867 8.61825778591
2487 12.019677755 8.72150328657
2488 32.3496342609 5.61698361109
2489 16.1964171913 2.92329061521
2490 18.7548218923 6.37481201305
2491 18.6207259614 8.71079664934
2492 20.0990255176 1.16134522666
2493 27.6568154089 1.90597086495
2494 20.7579376411 2.07604834208
2495 16.5158544471 6.50585237948
2496 19.1782842031 3.83378263124
2497 20.8337731802 5.49552945146
2498 16.0380671997 5.60919762037
2499 14.6503905983 2.039616034
2500 28.9666235736 7.39667855316
2501 13.5720638864 4.68073052657
2502 29.8181420404 3.98242270857
2503 27.3468705447 12.4918435269
2504 23.597112652 2.69202466705
2505 26.7574018312 8.8751235099
2506 19.1013112041 0.920554074487
2507 12.3158416034 3.19409188488
2508 19.8177619006 0.905248950539
2509 9.61093528378 9.0851374594
2510 16.7193392166 3.533772231
2511 10.6852994844 8.68202662484
2512 19.7837950157 4.01794645603
2513 31.1695333002 1.30242880936
2514 9.55862307087 6.18669424518
2515 17.9056104681 1.79518074258
2516 14.488051902 4.35783753944
2517 20.9137076056 5.31424133766
2518 17.5810404561 2.21052780272
2519 30.3444594092 6.83188495221
2520 15.3490449678 3.0079031995
2521 12.3563963618 8.95686995742
2522 14.0177468349 9.43682205942
2523 17.5586475764 5.56942097973
2524 3.66696715294 3.34171476994
2525 19.7291413287 4.13250008029
2526 29.7522621248 6.77292941117
2527 18.9812557304 2.00356841317
2528 17.5517314371 2.35380088754
2529 21.6657663575 6.58264947356
2530 18.2028557071 2.00895877986
2531 14.1189705801 9.42462676843
2532 20.3961974357 0.0465886106236
2533 22.3403505941 5.39683046907
2534 19.9301077217 5.5668248664
2535 19.9959745435 6.91027328681
2536 22.2648775648 2.61658284899
2537 13.2083946325 7.65814237169
2538 22.7865502221 2.50916180036
2539 21.1719072182 4.98902062765
2540 15.2825830536 2.69568495782
2541 11.8120864384 11.0411878853
2542 17.8456655309 1.68906582532
2543 17.0236644632 4.33653363158
2544 26.7802807206 12.2189275209
2545 21.9309599505 4.21276880456
2546 20.6487161552 12.189452443
2547 11.9793519672 4.35793702797
2548 18.0202690203 1.91014140962
2549 4.5015485322 0.586388856556
2550 15.3419625112 2.71271371285
2551 18.0539282798 1.72278618327
2552 15.2884686699 5.94550989746
2553 15.4970949342 3.80193968646
2554 17.9442572145 1.91994510415
2555 32.4915121373 1.84789137506
2556 23.4443720519 15.4751046932
2557 17.9438161631 1.02666979
2558 6.68332056512 3.15724114867
2559 22.4221350141 15.5595351711
2560 25.3521853808 10.0133248139
2561 24.0460791432 0.704195194358
2562 16.2509181979 1.75231359097
2563 3.9256788997 3.26370325927
2564 14.4158859576 6.11993709582
2565 30.7436158376 2.37072235317
2566 19.0315153556 10.2663313891
2567 12.9918903601 1.6932127316
2568 10.913907254 2.46224579857
2569 18.3219371661 6.01665098601
2570 23.8328969446 3.38548643485
2571 24.6193128149 7.43070598894
2572 4.70544778834 7.13553418243
2573 10.7633542338 9.0629562076
2574 26.262548358 8.65869285652
2575 11.347692737 12.2271626754
2576 22.9820366619 5.4102667501
2577 15.3953756226 8.15867805306
2578 22.2305418674 1.4009376168
2579 17.9193935046 1.71933778324
2580 7.83926809455 3.30805825229
2581 25.2283851708 3.24564545128
2582 18.2341745631 6.35868494521
2583 16.4817157765 4.84720021946
2584 11.6294895117 8.97328968495
2585 23.0927545927 9.09134636776
2586 15.5991158254 1.65226991945
2587 19.149943093 8.7441220188
2588 16.9492930924 1.15155477092
2589 21.4165953752 10.6325277314
2590 19.8435629671 0.0912429333768
2591 31.0429882499 8.11512413347
2592 25.3916942516 12.2364277355
2593 24.9758743461 0.80485323908
2594 16.2836086691 15.9918028821
2595 20.1953245518 0.637705873466
2596 9.78896211372 14.2010048365
2597 13.9881323445 14.9309735145
2598 20.9199935031 2.53761637742
2599 28.6306036093 7.64355826857
2600 18.6208631474 4.41173791772
2601 24.2553268401 3.59396217337
2602 19.9138111655 5.62474475791
2603 29.5601643267 8.35930923244
2604 18.5011922398 6.58099100637
2605 19.5384502572 9.92503918793
2606 9.34109158786 5.48367865777
2607 25.8809124668 1.24416694635
2608 9.95525937134 7.52065400633
2609 24.0155572853 9.13556617541
2610 14.8371567154 0.449076014211
2611 20.2821164241 2.52358786428
2612 13.0725620231 3.99556554672
2613 17.1857557397 1.76897706205
2614 17.9681729803 1.97480709882
2615 10.7345969032 11.5206088928
2616 15.4069195005 9.99043123131
2617 30.5974153937 5.24751851265
2618 13.9697567352 1.00370423094
2619 20.4885560043 4.20619622491
2620 18.2501125434 2.98421640486
2621 27.7102802579 1.82065360405
2622 14.3949559067 8.79593694951
2623 23.6429267474 8.80990743391
2624 18.9208651429 0.191598004283
2625 1.56037851834 17.2945184003
2626 2.45557103593 28.0497226579
2627 2.08674614766 22.9651494998
2628 2.07143770258 23.7734998815
2629 2.70642770661 22.5422200337
2630 12.1937080849 26.8763156072
2631 3.63366172908 18.4616996931
2632 8.61685871447 17.5982806242
2633 9.07819242432 17.1692374286
2634 11.5439694873 20.3383755898
2635 3.12374047568 22.7410059106
2636 1.37675660073 30.9701039501
2637 3.4566211078 25.0376310127
2638 7.85183096967 14.0387563676
2639 13.5091949734 14.9361682805
2640 1.57171687791 29.1291460156
2641 7.14231911158 16.5948850221
2642 0.959394534558 9.77677849672
2643 4.16809359199 24.4953072692
2644 6.50995521932 27.4202153151
2645 15.2613011208 28.2894872696
2646 15.1710149775 22.87182004
2647 2.32597110861 19.7719885123
2648 8.0327280731 27.1569816869
2649 2.37078298682 8.06974588218
2650 10.5717327786 26.0808923642
2651 1.00528772209 12.767996981
2652 3.6517458315 25.759237988
2653 10.6249197881 20.080523868
2654 2.51477569167 8.98342823603
2655 0.962902682366 27.0437473626
2656 14.483235145 18.9725869113
2657 6.28026097321 25.8692520749
2658 2.07274048092 21.4842890095
2659 3.23490959415 22.5438987126
2660 7.77624647835 13.0829413629
2661 1.88569041081 15.9945059369
2662 6.66130100331 13.0583866562
2663 10.8079055965 26.0980747317
2664 0.221197711237 32.7962732658
2665 2.3024387891 22.5328259215
2666 2.08770382182 27.5777076877
2667 0.403392671696 22.5384659735
2668 6.21236844085 19.7895752195
2669 0.0801470638603 14.9557864525
2670 9.42471631996 19.6796456276
2671 12.9965687024 15.5600945731
2672 2.31671995831 22.6422476124
2673 12.6037117668 20.6360525622
2674 10.677505824 27.2157455051
2675 0.591943947131 23.8915078697
2676 12.3659704609 14.3756056087
2677 4.50651352309 22.6363355422
2678 7.72450326684 24.1748309202
2679 4.712427614 9.92711920788
2680 6.82957216069 21.8177528612
2681 2.41854863092 22.775805193
2682 14.3433862659 23.7271062738
2683 11.398356814 17.2051697576
2684 5.86097226016 23.7362699059
2685 4.28628987435 29.6821273561
2686 5.77347496007 26.2389536187
2687 5.19665669949 13.6061207415
2688 2.34886688108 21.3430203945
2689 1.20526258735 29.1930760235
2690 6.27455692266 22.0244645986
2691 6.807786856 24.215770483
2692 2.38233867201 19.9264654297
2693 1.54141263542 23.6519798185
2694 0.826515052246 16.9815574207
2695 6.92428800222 23.2063346969
2696 1.28071974663 31.6551500552
2697 6.94229777557 25.7982792241
2698 4.82872687795 12.8234405435
2699 3.64999135015 25.7676278868
2700 1.9499496042 23.5384414705
2701 11.1120041607 10.8180065178
2702 8.82053936792 34.329994802
2703 1.45773490565 15.4581010675
2704 2.60811481188 22.6462019413
2705 9.96711224533 31.4395582082
2706 1.65924055014 21.9096634294
2707 2.84245812972 20.6356146643
2708 7.53809956787 22.1592123291
2709 15.5327756472 22.1750407209
2710 6.02474072875 13.7277289619
2711 0.964804168207 16.9114536561
2712 16.7162660572 21.8195309215
2713 4.3180335835 15.1367821943
2714 2.54458525637 22.2138487732
2715 3.89778406064 26.5986612642
2716 3.01771946544 22.91479829
2717 5.71536154252 24.3705956539
2718 8.95223467911 20.6890098324
2719 5.70869589933 27.8342810377
2720 9.68494275081 33.4901157401
2721 16.2508856327 28.1608689479
2722 10.2125750886 14.0002479561
2723 11.0848165313 21.8176519414
2724 2.07885122315 22.5248141252
2725 2.48588225946 22.8428145704
2726 8.03933868144 31.2007911652
2727 0.713161907636 21.4701768457
2728 12.332217492 24.2547511953
2729 11.0729022265 11.8648435224
2730 14.926444605 22.7520154546
2731 2.43743209353 22.8529569595
2732 2.79611786949 28.1325851404
2733 1.67966020902 21.3198623063
2734 8.5675719596 24.804693398
2735 3.51935547675 17.6061057171
2736 1.18608936071 9.24076913268
2737 7.39055369117 32.3783773762
2738 10.8476855722 30.7937935105
2739 6.28288951226 10.8814642015
2740 3.1094925041 13.1272169426
2741 12.598496215 21.0364170826
2742 1.85681224127 23.0448792895
2743 4.10804411759 26.6860055741
2744 15.7108136423 24.3119682152
2745 9.62664557848 35.6626166446
2746 2.95019090378 22.7462703879
2747 1.73040386822 27.9609930413
2748 2.65657805341 35.8825908596
2749 3.38309219742 19.8742087464
2750 11.8655608909 28.4047444341
2751 2.75051571113 32.8224955014
2752 3.33456994184 26.4286330656
2753 5.60110874089 10.3543656603
2754 5.86008414842 34.75235892
2755 8.06315282519 29.6068448595
2756 2.68746720699 20.1660793922
2757 2.55204010803 22.1031540302
2758 9.40671543864 33.943249308
2759 6.18547175422 27.5902198847
2760 2.64413707208 22.9493659549
2761 7.28659441709 35.5231407976
2762 6.51391203633 23.2683553178
2763 5.60164847718 18.6932464224
2764 1.07346820388 19.9793868544
2765 5.26918306411 33.2226991898
2766 2.92521246159 21.1601019171
2767 1.34068705296 21.9589528148
2768 2.50033818864 25.9230488955
2769 9.93375367571 27.918694478
2770 1.5531100729 23.6430716194
2771 10.9049115163 25.9233605485
2772 8.28551323908 23.1216725849
2773 10.3579901052 14.3859867948
2774 9.38361976797 22.6968223583
2775 5.82724033729 20.6374656099
2776 2.88505759824 13.2935001305
2777 1.61082766717 24.410706756
2778 11.153784147 20.7547713039
2779 5.34122511564 13.6436487552
2780 7.11358107109 13.9586200712
2781 8.39115978351 28.9353660336
2782 1.08137400545 29.4837209516
2783 12.8423245392 14.753288192
2784 0.193351300897 24.4672759574
2785 11.5151028354 18.2886822232
2786 12.4831736999 18.8087479593
2787 4.21838698264 26.2901723556
2788 2.76393840103 19.4996055619
2789 2.85579806976 8.66118712014
2790 3.3360229636 23.293489985
2791 6.0601531555 16.3425536804
2792 6.7814533743 20.830093931
2793 6.18152247729 21.1797886439
2794 5.20973706178 37.1136125605
2795 17.2658799401 20.426360247
2796 6.17959848201 19.8480961651
2797 0.399028812343 27.8418198253
2798 0.15984500273 9.85272082051
2799 11.159333175 26.1138727574
2800 3.0592407286 23.1430171296
2801 0.890963149937 15.8193212244
2802 4.51370242599 26.2599775063
2803 15.3288449803 26.0061822881
2804 0.526793520494 10.7679570772
2805 4.77240394083 29.4346839456
2806 6.05820027631 31.3467722195
2807 3.19601935579 28.156219924
2808 2.82302493728 24.0343180792
2809 10.946768744 23.8563780975
2810 1.94572475624 20.658415847
2811 3.90245908913 27.1473104011
2812 49.6672297154 46.4903631015
2813 48.1497455471 47.6139323259
2814 63.3418731862 52.7395149754
2815 52.6848030083 45.350824366
2816 52.4418936483 47.0063943477
2817 50.2736727865 52.4040105698
2818 45.9888559902 45.9071165657
2819 55.3154315528 51.4270572382
2820 53.6913814828 35.4054976059
2821 54.0371291722 54.1128623261
2822 49.7375046333 43.9483949395
2823 40.4919391503 49.802639394
2824 41.4808830574 43.1761589066
2825 44.8727197772 42.5007265304
2826 58.9354026551 45.3291605786
2827 43.6911502823 36.4297457799
2828 51.505265658 40.1346882337
2829 54.7982234456 51.7150813432
2830 52.0030058622 45.9989913936
2831 60.6805594684 39.7570915376
2832 52.6421353935 45.6656279578
2833 48.4774787933 44.3099457528
2834 54.8388425006 44.2285999373
2835 57.8815537761 32.8046485041
2836 41.2506025555 35.8810489936
2837 45.837608367 46.9799785127
2838 48.5806129195 57.3187691662
2839 47.849025678 56.8959407313
2840 57.7535030562 54.4969252248
2841 41.820502805 51.9718369359
2842 59.4014364937 49.139582864
2843 52.0596258397 43.7965527329
2844 41.2157657657 48.023898773
2845 49.5627940857 42.6693943634
2846 46.9151181547 41.1688535899
2847 39.022031817 50.5650749858
2848 45.3693029868 45.3811664938
2849 49.4027753016 44.196410188
2850 48.0146291137 53.6727040575
2851 53.0686673605 45.665645069
2852 43.6113714107 57.0458136165
2853 48.3049469439 37.7609125782
2854 61.1160665199 51.4601256236
2855 52.0400029273 53.5896496232
2856 56.565349308 46.0941507302
2857 51.8472698165 54.6090774192
2858 46.5501134369 52.1306662938
2859 52.1323045345 48.6673949942
2860 56.7316523993 47.9013066768
2861 56.1415085016 54.7880988253
2862 60.2562200636 55.7906888539
2863 61.0703926296 45.3046717923
2864 61.3179950304 34.7187172394
2865 37.8768087731 46.0272656652
2866 52.6523149194 51.7004374993
2867 52.399186894 51.2400695443
2868 58.6279215761 48.4973001086
2869 63.3428264271 46.0039275535
2870 45.2145065478 51.5634608365
2871 46.7009374824 53.507433515
2872 39.937887493 47.2705110623
2873 51.9076033368 43.7313864185
2874 46.8104373617 40.9689126241
2875 47.8034810428 43.1090489665
2876 42.8699692243 40.1217983333
2877 55.9891877655 49.9611714584
2878 52.2089989777 41.4958688642
2879 43.4585050428 41.7887554377
2880 48.6767636396 44.6408958002
2881 57.0699006862 39.2400554036
2882 52.8255504185 43.7118123832
2883 46.154815086 36.301742289
2884 51.8071710758 44.242620556
2885 52.4599610486 43.7898127998
2886 52.5891500997 31.0641797288
2887 52.2124182896 45.8088378182
2888 44.694732784 41.8642885891
2889 49.9581049612 38.944250214
2890 54.8528192725 50.3001608467
2891 56.1293667284 52.2231417555
2892 56.6143349611 40.4696569952
2893 48.185960018 43.6240679722
2894 52.5363145663 40.8245545502
2895 52.0300690718 45.9183153821
2896 50.6772888253 58.7060211807
2897 57.7880189778 55.1797347502
2898 51.3694359418 45.0541753696
2899 53.0923205885 43.6456463142
2900 45.9986063034 42.3447271118
2901 40.8677563898 40.5707109289
2902 58.0570559113 51.571227179
2903 59.8616611668 36.5682272143
2904 51.4439957137 47.6008992652
2905 44.2974574342 40.0357009319
2906 43.2175862677 54.8817569473
2907 43.7318711279 34.0075642549
2908 48.0532765779 38.6096634108
2909 56.1415990986 42.95115153
2910 59.3677786901 44.098505401
2911 56.2099646226 58.962674644
2912 47.8334824275 54.9841234379
2913 39.3031274395 51.7387510566
2914 66.2166801166 40.1944958394
2915 52.2445924309 48.0477237869
2916 55.1701763838 35.406290525
2917 58.3861194235 45.3667414577
2918 42.7033015698 36.3053292269
2919 57.6905531261 44.8993215028
2920 65.4236628409 49.6411143105
2921 40.0396662315 40.287644388
2922 54.3622331763 38.6438924569
2923 56.9557139057 45.1455666787
2924 55.1638254126 48.9280429259
2925 56.3931436437 40.4002652559
2926 39.9670584697 48.729447618
2927 61.5834943652 45.8392689383
2928 45.0034792755 38.6441802509
2929 42.872671775 53.9355570213
2930 43.8123218224 57.4771154046
2931 49.710570407 46.9636332356
2932 57.8542324538 51.7401782134
2933 47.194223169 54.9073592567
2934 43.5582579115 35.8295180322
2935 49.526501398 42.4051937026
2936 52.3538772474 45.7363683616
2937 44.7293148339 38.3496787142
2938 54.1502184947 40.9200810632
2939 51.2975932227 50.6907824167
2940 62.0796775139 38.2963552848
2941 63.0720318047 55.8904294958
2942 52.9179578027 45.7783874356
2943 58.1130967834 45.2789925175
2944 47.4944032031 41.1025762891
2945 47.678396924 42.4988086076
2946 44.1835755706 47.1191913954
2947 52.3288969017 31.8836548551
2948 52.1430417682 41.9546929298
2949 42.6007358147 51.3254042247
2950 48.1872711563 49.2800887809
2951 55.4378495675 39.506671599
2952 41.3123097137 54.096521768
2953 66.0744849955 45.2120114269
2954 54.9095813409 34.3425663664
2955 58.3027466112 44.8085258907
2956 58.5498496217 36.5507279215
2957 43.3410574132 45.0003038748
2958 47.0808233871 52.9088760203
2959 45.5104245499 37.9756710459
2960 49.0182175139 34.3481052189
2961 44.7376695913 41.2498648744
2962 60.0616145373 47.8184871083
2963 48.9014626685 48.6541430898
2964 52.2836179152 45.4461505674
2965 41.9351953331 40.7624829297
2966 65.8766832073 46.792368102
2967 53.0867784095 47.1447501844
2968 51.7955425242 37.3264291983
2969 51.4004228818 34.2866048545
2970 43.9497062392 45.2330101114
2971 54.4209667768 46.8684376178
2972 40.5549399479 42.9871683044
2973 54.4849152609 33.5474043353
2974 52.615885829 43.4083399572
2975 55.2650377505 43.872785378
2976 43.1129061373 38.2491142133
2977 59.477569803 34.3962952014
2978 49.6833519761 34.3052124474
2979 52.0145624593 47.2369159098
2980 52.8445596656 56.4319692954
2981 53.3885392469 34.4603191221
2982 43.4634957692 48.1406372097
2983 51.5533276842 46.2121593657
2984 57.7746020766 52.4887921359
2985 52.4315415021 45.5939337064
2986 52.1000888612 42.9403553356
2987 51.9337049773 45.8761575609
2988 55.47605791 55.9724637256
2989 63.6026766717 39.9883264779
2990 46.5100926095 33.2374886234
2991 58.0773917592 44.1284509421
2992 44.54237986 38.6176952131
2993 52.4165821205 45.8954849854
2994 60.2805717654 45.5118256129
2995 44.549463457 43.1307310835
2996 53.6533597822 43.8665846589
2997 66.5545562777 42.7752499063
2998 55.4546565259 31.796458272
2999 51.5265011193 46.4424058111
