30
15
4.90048755821 0.747201561119
4.6822547257 1.56964054911
4.42851330395 2.36926159066
4.03044385295 3.06288528324
3.58324299937 3.51881655087
3.2388209927 3.97698163097
2.33347513093 4.35545763293
1.94535045483 4.67881432618
1.14264581876 4.87099214883
0.474583951105 4.98546118295
0.317040954654 4.9997887809
9.78622331351 1.64384026803
9.47959462017 3.59884747801
8.7550905823 4.89573472155
8.06226784653 6.32511121056
6.45327189309 7.67678082394
5.55815911897 8.3966490584
4.18171448912 9.05450443889
2.22986621516 9.72536066677
1.10504955156 9.94393633588
19.611838434 3.73886535382
18.8048080469 5.66985153421
18.0194616609 9.54075715268
16.1181623779 11.2211409412
13.8629067511 14.375219719
12.9383545133 15.4750788468
10.5490514707 17.4700331489
6.88809757666 18.4818466474
4.96646393842 19.3081064668
1.10258838831 19.8412859771
0.414818656197 19.967142107
29.2162603688 5.96454161951
27.1822252355 11.4700336127
25.7082567825 16.4935859351
22.6318252959 20.3648450196
17.7349601203 23.6633651041
13.0659706882 26.0759256758
8.63726184038 28.9866652859
4.33512337578 29.8995248109
39.0053625876 7.65489472244
38.2255006023 12.9902326129
35.7508190708 19.2401881918
31.6513373534 21.986460988
28.0057914298 26.8497059522
23.9530000082 31.0010846633
20.7085974279 33.8335041279
14.7796265617 37.8409127675
10.9013325782 38.6026621331
2.41407502905 39.768933276
3.85878782626 39.9992763059
58.6668110515 8.61419385611
57.2401970187 19.443195561
53.1354098757 28.4364876309
50.200950789 36.7157448501
42.4043989146 39.3079341549
38.5603984444 47.1087666014
28.8938337408 52.5724579046
19.4793589366 55.2968791266
14.5974375539 57.8522570726
6.21142207915 59.6939254517
0.182694265658 59.8932520942
