50
0.165
0 0.26 3.3
1 0.269 2.623
2 0.3 0.414
3 0.322 1.009
4 0.349 3.007
5 0.41 1.88
6 0.451 3.56
7 0.68 0.771
8 0.751 1.443
9 0.844 2.869
10 1.051 0.478
11 1.138 0.42
12 1.245 3.593
13 1.331 2.895
14 1.376 3.543
15 1.402 1.004
16 1.787 3.457
17 1.841 3.615
18 1.907 2.361
19 1.987 1.934
20 1.992 0.871
21 2.108 1.335
22 2.12 3.485
23 2.144 1.492
24 2.237 0.831
25 2.264 2.275
26 2.83 1.113
27 3.136 2.965
28 3.216 2.622
29 3.241 2.259
30 3.248 1.344
31 3.61 3.463
32 3.646 0.693
33 3.676 2.846
34 4.04 3.739
35 4.049 3.633
36 4.126 0.45
37 4.319 3.478
38 4.374 3.207
39 4.461 0.809
40 4.624 3.549
41 4.634 0.736
42 4.635 3.259
43 4.752 1.933
44 5.166 1.296
45 5.205 0.646
46 5.363 3.547
47 5.438 2.521
48 5.613 0.33
49 5.653 3.303
