10 5
1 2 61149
1 3 88455
1 4 59591
1 5 95771
1 6 98254
1 7 60486
1 8 94284
1 9 61356
1 10 947
2 3 16676
2 4 71926
2 5 27881
2 6 35876
2 7 93585
2 8 68260
2 9 93434
2 10 85547
3 4 13414
3 5 59806
3 6 2019
3 7 56447
3 8 4071
3 9 619
3 10 95761
4 5 68065
4 6 4998
4 7 29005
4 8 38796
4 9 32074
4 10 17424
5 6 46714
5 7 96049
5 8 42846
5 9 20175
5 10 33383
6 7 88468
6 8 96065
6 9 8023
6 10 98022
7 8 84429
7 9 41925
7 10 39786
8 9 95777
8 10 17871
9 10 44077
