54
0.1
0 100
0 100
48.1115 44.6897
36.7048 10.0651
10.8834 8.85593
80.0372 35.762
6.91277 61.6821
26.9415 48.9413
43.6163 77.7612
25.572 84.8169
82.2711 62.8833
89.1353 90.9863
49.1633 25.7742
10.5393 36.2653
74.2945 14.8464
55.9438 62.6143
58.275 88.6297
50.9839 6.15594
25.6056 25.3819
89.0623 46.8569
90.0741 19.4478
7.18415 87.5625
72.2512 74.834
18.1113 67.9731
73.7956 95.5934
84.5346 5.64172
70.9006 49.1863
6.58571 19.7199
41.9592 96.8462
34.5129 68.8482
5.63579 48.8252
62.3144 32.6442
91.3801 71.595
21.8742 95.8316
23.0133 5.82306
64.6466 6.45004
95.6758 37.044
34.076 32.367
66.8431 22.9819
53.8485 74.0317
96.2076 61.0613
39.5942 54.0968
63.3206 55.7099
82.5309 78.4792
94.7422 2.41571
99.5238 85.3131
0.0717426 98.3605
16.9503 51.0791
20.2026 39.709
39.378 22.5607
52.2302 97.654
0.192483 7.58712
5.63377 76.804
32.2451 0.201199
74.7421 3.27849
79.5634 23.6899
1000
0.1
75 175
75 175
0 100.568989227 143.191690577
1 158.752005124 93.2905990625
2 115.85710092 149.602011335
3 86.4953068404 75.5510634102
4 108.32115477 130.762773003
5 126.361419463 123.154106658
6 99.2647447518 104.775771295
7 120.732353023 134.801845776
8 135.420624443 161.434331327
9 87.4637281662 79.3685011902
10 154.878206685 129.852254937
11 88.180812863 127.22923094
12 117.829917941 138.468435141
13 113.414969729 171.109418298
14 112.478813605 119.072882966
15 136.513093717 143.755605664
16 100.926717181 157.896584076
17 117.599219249 128.536717547
18 86.4921504444 114.025253794
19 79.6213145523 119.842552863
20 83.598367024 151.152450905
21 133.643434634 109.346770295
22 88.2783852753 168.917293859
23 88.4290224135 104.185606794
24 120.252817352 96.6021985634
25 141.335328431 155.057839033
26 82.918270551 106.89027665
27 171.083527385 88.8926132915
28 126.392881941 112.179936245
29 151.535197265 134.1769089
30 153.685633364 107.518952815
31 160.131766165 95.0524556531
32 170.394738212 164.352790163
33 170.395357541 106.583907719
34 85.8173720159 144.186458118
35 134.494130743 79.5970699486
36 100.056971463 122.617572998
37 110.955837784 173.492245052
38 161.129964976 99.6102784482
39 158.444535634 158.26221295
40 91.5781617454 109.495622505
41 97.8632634887 173.210064179
42 170.899975558 166.342666768
43 146.465647534 135.900003287
44 109.487070535 173.249308011
45 80.2570812929 90.5514917073
46 146.408769001 136.31666877
47 152.279720827 156.843772506
48 91.5269274203 161.337785132
49 165.593373639 110.63344202
50 159.032812566 164.262681739
51 115.110502024 151.839519245
52 165.96813665 92.5152161531
53 82.1798552784 82.6877077793
54 93.1552603064 170.252669635
55 141.777367611 85.8425525314
56 83.032228401 136.883245916
57 134.79377714 158.679980212
58 87.6295179612 129.523396641
59 145.650112712 105.590067558
60 125.088137493 108.935317259
61 158.917302633 147.604289186
62 115.712304521 81.2304673705
63 161.705808551 126.338024727
64 149.833280017 91.5976815747
65 165.72744291 127.653121821
66 80.9711367495 99.87125501
67 108.232923522 151.569762107
68 170.381210207 130.041599186
69 165.018381656 91.2538051114
70 82.3328261027 84.5735697005
71 97.4481805506 95.8417993483
72 138.926825361 168.586908663
73 102.634527664 80.4480466769
74 137.929736442 170.665598354
75 123.17719533 115.839988416
76 82.9917277524 121.421781813
77 80.5787153184 98.0620116251
78 145.142616699 164.278981896
79 90.2161272173 97.7434164506
80 137.631431536 103.572903815
81 174.16304552 123.632265501
82 98.121176364 119.865008105
83 150.557918142 92.7605424358
84 122.062879695 100.68864684
85 103.516823107 127.205093832
86 122.255102404 88.9668152145
87 131.290707046 146.570439238
88 169.694478456 89.5260737133
89 82.096175187 93.4336678538
90 100.444403847 164.13684053
91 119.413644603 161.741723192
92 86.5738280509 154.55490682
93 100.412029077 86.9854808643
94 164.478550918 142.371986675
95 128.848936298 147.527142947
96 128.908569532 139.038705274
97 172.896348213 82.6722211004
98 149.170697604 158.248042332
99 82.6777433738 85.7091375344
100 145.662978147 169.456334162
101 110.365508536 96.064634709
102 164.059516335 80.3456955432
103 106.891383149 133.454577567
104 139.903586813 102.709783164
105 111.932029801 87.90674698
106 167.869563565 173.434153132
107 162.845016231 134.237438481
108 114.85770831 101.578941975
109 156.733377411 89.3463650958
110 76.1168630872 76.4734138378
111 118.763124368 94.6062227115
112 153.292340405 168.952718803
113 133.204670727 111.494832197
114 124.81523127 171.12825256
115 138.638140169 160.649611363
116 108.813516832 88.1517773004
117 153.308705228 130.3279547
118 105.429439682 80.2537051214
119 76.6341982127 96.8266684527
120 161.814042318 165.010038732
121 146.344478809 160.008642189
122 85.3566350465 138.175136263
123 85.5930908863 171.517414236
124 174.038182083 99.7843388001
125 83.4596882118 155.876082283
126 81.7764814762 134.817163938
127 156.573726641 84.8457800535
128 77.6434766896 161.817678886
129 111.227628736 152.327018175
130 169.760162261 102.683800771
131 77.6011603468 97.7416131329
132 94.6525406328 102.163163178
133 132.170944061 95.0515737703
134 166.504118955 166.997557343
135 151.983083884 165.382662552
136 173.23104585 140.120244587
137 81.3442405556 160.386741314
138 166.315762263 80.4906706795
139 137.293387903 163.789089223
140 138.509763704 126.874300463
141 167.775238243 167.396066679
142 159.721194923 80.2936993396
143 84.1688437973 133.4744875
144 92.3237850162 90.4959150736
145 154.256519441 159.213048384
146 91.5191740561 85.0252142409
147 90.0685406641 123.948803619
148 136.639947833 98.4008643752
149 140.47864313 115.406244295
150 116.155166813 141.845470565
151 129.731290847 75.0950770343
152 89.9530005338 155.786153349
153 90.5171558158 171.166673786
154 94.0613645796 171.775879946
155 133.839825473 89.2680396533
156 154.112968659 124.604463497
157 114.018315788 130.927002185
158 92.6463476609 98.5126047445
159 166.821794033 108.651604997
160 172.969052246 119.609460507
161 75.3083402763 95.2939060877
162 114.284422697 142.655559068
163 171.592638559 82.955397447
164 144.238032959 153.126644601
165 150.282738462 137.419366454
166 124.465829759 94.7417348443
167 166.268714976 137.735811752
168 151.751913447 95.3262627156
169 138.365514418 121.742494126
170 173.883183735 160.372961049
171 130.13758631 96.0397979329
172 118.971042896 151.909680474
173 144.37905073 142.674339171
174 123.240190323 163.228480499
175 169.76871996 164.449990854
176 83.1974233114 144.409239586
177 83.0748750058 93.5555653044
178 160.485506321 161.501958514
179 116.586575929 86.5760053108
180 92.6877733254 119.630610073
181 103.464313223 134.281532955
182 149.006431194 140.805033099
183 125.187671318 173.714633804
184 168.675324497 128.320328731
185 75.6865656075 142.028916542
186 164.162719864 76.2564350975
187 160.607260969 129.328023386
188 126.313543874 143.351788122
189 169.758239475 96.6182019026
190 81.1659513863 141.363259676
191 126.068945682 83.5745126412
192 139.586808602 119.587198003
193 93.5228917949 92.5433443877
194 115.660612681 104.644696165
195 107.624000957 162.908726176
196 114.722091894 99.7407704798
197 123.179496496 129.761269838
198 104.108532729 83.662260954
199 170.589619131 98.3817771189
200 155.308496104 80.2239162638
201 122.350034197 82.7402293957
202 134.826320768 141.245806188
203 103.495566146 138.486915099
204 150.046785766 107.501750179
205 116.19665731 145.577116695
206 110.561899407 158.431132284
207 108.071012494 79.7178263622
208 149.020785288 113.089771903
209 139.806389458 101.289423359
210 129.503271064 141.722430677
211 99.0139034928 145.104881778
212 79.5989909625 82.8837297917
213 78.5155939343 143.307343271
214 173.762785657 121.785941979
215 142.25497584 122.937259327
216 75.47136143 110.828289293
217 120.194630077 110.924111444
218 139.302512216 143.248663553
219 161.113907107 141.307946518
220 158.285668694 76.4688786537
221 167.112247153 160.091779976
222 89.2709761619 104.857591593
223 151.458716319 90.1804940406
224 76.5807832723 114.35370821
225 87.3198894187 124.924294175
226 131.008644018 102.037204428
227 173.089912778 84.0475033748
228 120.324844642 147.536084923
229 165.307789066 118.7077058
230 144.073999649 163.559324902
231 144.861514358 129.754559311
232 82.9690813683 135.083097274
233 111.027757169 103.235309659
234 145.058260366 87.2874373692
235 115.360932535 104.538675404
236 103.635371323 155.49711508
237 165.756987378 76.3696029468
238 165.300692461 78.9318406073
239 119.075906149 140.278787173
240 145.200050131 125.494174623
241 169.906507767 129.187254045
242 149.757761894 144.584468474
243 78.3443991641 116.777135378
244 151.71955358 142.592499191
245 120.665448706 104.616796417
246 142.410117457 84.9037535354
247 114.291443151 103.430581202
248 88.129674601 80.2857522587
249 133.840697535 85.8479262886
250 127.849693165 148.692833693
251 147.588112682 105.121561935
252 118.258375611 143.940183396
253 147.572109444 102.749574688
254 163.310043807 154.050569903
255 118.416342956 115.794760803
256 84.628632525 131.656449662
257 160.812282462 84.8259338301
258 138.984957683 150.250795348
259 88.3928060401 123.587585201
260 171.700817349 152.800190444
261 91.0399579047 95.2429041503
262 142.717912657 121.864272051
263 91.2852463335 157.238779126
264 174.278900726 150.700722324
265 151.030317505 83.5760946084
266 97.0840648087 102.932859618
267 110.207546017 90.7193883683
268 75.6263606408 141.448523879
269 90.3789952804 107.192092242
270 84.6660576956 153.468650009
271 142.650897439 80.8440171733
272 168.598075264 137.63571069
273 92.5068659892 102.191803791
274 136.172179279 108.712453603
275 144.161995029 160.554173212
276 84.9666483822 159.140946754
277 76.2800969561 111.639511595
278 107.670786448 173.673733828
279 77.4433698009 172.037480098
280 155.214176235 83.4186778145
281 155.129397434 130.149539314
282 171.610342315 149.342704172
283 158.043795659 114.544089534
284 173.473635546 90.4355777404
285 100.768508719 79.6544653583
286 120.587473623 132.295801306
287 147.64620197 81.7299863945
288 123.919024952 152.364042261
289 160.59649387 125.870833089
290 150.646924938 164.983518202
291 152.902972082 84.9107019684
292 91.1813988757 77.7131061645
293 168.82456654 80.111617712
294 151.6615315 80.1237767899
295 82.4658792486 115.707247823
296 87.0237155976 133.478316342
297 102.410980406 168.945515435
298 105.236120779 127.946662032
299 169.955090681 166.773958406
300 135.235644336 158.310257084
301 112.040245358 110.603130185
302 162.908848978 101.386906267
303 81.1178343075 137.556750262
304 126.187423761 156.718400004
305 130.678157875 109.090815314
306 76.2397366881 102.440231829
307 148.854491292 164.945014071
308 95.0351178094 132.221738081
309 135.833801107 84.4245394516
310 163.64020614 136.884833994
311 101.932175234 121.813138554
312 101.511379032 108.974861148
313 153.489180794 102.037974887
314 108.722407278 103.749411349
315 143.625812074 133.130737944
316 141.307374977 133.225085008
317 123.87725634 151.422828673
318 90.9216035861 101.935847933
319 141.352895659 92.4020665975
320 166.471202484 137.847221874
321 86.9880563375 118.063840873
322 147.990959005 108.293365461
323 161.512385822 109.153342799
324 121.014998455 109.162788016
325 172.931258025 138.652178138
326 92.0159992864 113.680145058
327 105.394660062 124.983635994
328 163.885272636 161.555883474
329 127.021698532 142.445046672
330 167.824456979 155.735848166
331 133.296739703 154.599029342
332 147.555850468 158.893559542
333 139.128557526 159.293013962
334 96.230395567 128.802195481
335 157.812877126 153.433850054
336 82.6381064932 157.04207012
337 161.342967236 78.7505501405
338 77.4756355453 139.806404851
339 139.653762809 145.207477137
340 119.426076873 155.601787886
341 109.452533244 89.8969026177
342 164.30666906 140.174785303
343 171.834353844 135.626100629
344 95.3674929614 171.789408955
345 132.707021784 118.016474727
346 129.552094833 125.413246492
347 93.7922951542 84.6860185752
348 124.135397512 128.766326543
349 101.346278968 139.728971152
350 91.4194029371 110.976584594
351 77.7064240008 151.890715786
352 114.799514815 138.917991377
353 75.7417222551 168.112704815
354 96.3809824252 158.935640376
355 91.3052107149 124.290619853
356 146.283388214 145.310036625
357 152.87144239 88.7112987213
358 98.9418200012 132.384697474
359 117.136218768 98.8484023171
360 130.221487862 77.2492176849
361 122.122779058 87.5893043162
362 101.234177366 158.380089173
363 97.0729017171 102.581186854
364 79.4195104703 138.060179107
365 100.265335914 148.691373552
366 130.786236396 169.000324866
367 75.2187123809 149.771912781
368 78.9928973849 149.964022696
369 98.9760200382 79.7814104589
370 129.761976789 147.600070619
371 167.385934221 114.654396534
372 130.415634681 151.718800666
373 136.02611458 135.698041676
374 119.306269639 157.659808709
375 79.8538833955 108.827278414
376 130.009544856 79.3073944536
377 98.2389236671 110.465254889
378 79.9433963081 85.6792285541
379 87.3062486544 79.8226954018
380 168.817447696 104.332529691
381 167.687548857 138.178092292
382 99.1945001733 95.7678142174
383 165.689464579 143.796313716
384 172.97895823 173.995698623
385 143.541510524 91.3626044372
386 81.8970231851 144.140190068
387 106.504240696 78.304498706
388 131.968326826 169.652677631
389 79.5357783663 127.116661008
390 134.641476344 114.628500239
391 164.959292475 122.269347897
392 98.4860591864 103.879354411
393 142.570515586 77.1266309733
394 127.182933014 106.526723623
395 102.197823388 158.505668851
396 156.642148372 165.417373099
397 104.494622004 168.48142889
398 121.753313334 129.264337623
399 116.302589265 80.1605232559
400 103.778380361 167.60333166
401 141.483479432 89.1796918014
402 114.883111251 120.900413633
403 155.284034353 163.291158248
404 122.670181617 86.1190879824
405 97.4906914699 81.2561266183
406 114.502245576 96.6651251647
407 147.030802612 104.282695469
408 93.3211085439 80.9880300935
409 148.38309763 84.0354504845
410 156.294703201 117.518206787
411 89.8664118651 122.605718211
412 77.6208074779 172.726994073
413 92.9789583861 125.074406186
414 112.397778472 160.399780673
415 138.520832399 84.4761480257
416 123.478811138 150.192238019
417 143.927498124 149.672774549
418 128.604622791 83.1562469041
419 148.124499853 102.075485748
420 125.091083314 120.707747017
421 122.914818823 159.750625281
422 118.607839312 142.097326407
423 99.9876903259 146.958250975
424 132.912391826 76.6931506319
425 155.980454523 144.640223427
426 82.1902583505 125.244208661
427 105.391059689 110.717166111
428 106.922737875 127.185524122
429 76.3032212119 164.472042774
430 151.476644269 119.380650318
431 99.2821106428 94.1710874259
432 144.298894392 99.0889642009
433 155.518620918 172.962307972
434 155.471195252 116.683817893
435 158.832260163 92.8390696893
436 148.718124992 161.353411112
437 138.692471997 96.6818446049
438 121.124712645 108.407714302
439 170.87924631 92.392043126
440 78.6904549548 174.915503321
441 169.923381085 91.9032226472
442 132.976479211 127.692465844
443 87.395175 166.974485812
444 134.965752966 154.30816075
445 169.552564936 162.68222558
446 91.1162015265 96.4508650789
447 155.140363198 90.8607346227
448 93.2775565706 79.436700679
449 162.376672503 80.0842817904
450 168.090967519 75.9601075818
451 116.957112142 89.086327212
452 109.404213904 137.531219747
453 85.4273722432 95.1651476282
454 124.052887698 91.0491858532
455 98.2874093172 110.07330755
456 121.751056325 141.877996148
457 150.449016171 147.218932086
458 125.936875893 141.248499448
459 77.3193750611 81.7634129723
460 134.079618078 111.952095804
461 131.351990451 122.116511259
462 118.252989408 130.980452886
463 153.384783248 171.098085318
464 113.91798708 165.641032864
465 138.788849823 143.659430308
466 143.377803944 164.805816528
467 119.073200446 162.924722
468 139.969107595 79.466305413
469 90.368459117 99.5927024124
470 81.5624844409 149.68839518
471 164.477628475 125.304099954
472 86.4968550548 124.488303804
473 141.00773393 95.0605062073
474 127.810330287 89.9144179127
475 141.669556558 78.0630968154
476 99.3344365142 111.23499918
477 111.336311762 140.521281865
478 103.965886629 131.95834264
479 150.163434731 87.8981032813
480 134.584568036 132.065517579
481 99.4917404257 168.706414178
482 154.028196379 136.142333353
483 87.981788881 114.093121874
484 162.343292536 147.63265903
485 111.332915196 107.058683411
486 156.104252906 127.466836187
487 172.114531166 132.833780034
488 169.690656741 146.672901725
489 119.344691359 136.264733854
490 128.146210313 123.214109852
491 119.812030543 158.595978278
492 151.611124016 88.8070614871
493 105.506104952 136.242809932
494 94.7184815988 132.160354076
495 146.957459915 75.6756720209
496 79.3918327038 115.881173905
497 137.894883936 94.2354617179
498 162.268214392 169.151659909
499 101.501800129 102.556952695
500 142.756243918 118.328037184
501 136.430200929 116.663547858
502 149.92365604 133.258854034
503 151.19499643 139.747696461
504 78.8842775499 150.274632991
505 79.8205346013 146.126453792
506 171.321216718 83.4155025522
507 75.2454266254 83.3071170039
508 85.4791383438 142.580433586
509 103.653558635 150.061163825
510 156.876461224 96.3049108059
511 127.463345866 167.011403776
512 126.945133347 170.144894066
513 89.2237950363 91.7977047947
514 85.0129951661 137.288620745
515 107.066181445 133.391302913
516 111.618222159 128.606174337
517 88.1787516711 148.895074194
518 122.781116109 164.022978351
519 107.730726563 161.817606205
520 163.087338937 131.397591791
521 129.467780215 132.321644853
522 104.590719132 162.528470915
523 140.273150095 163.127415499
524 105.009092957 138.485360916
525 92.2895304004 95.4644072937
526 99.3427344261 136.176312159
527 109.713944051 123.484728084
528 115.449780876 123.85382848
529 149.721367668 149.038597294
530 159.498538276 159.176566911
531 161.304025205 122.551599192
532 138.929065212 128.27289362
533 97.9629728803 151.193273623
534 115.657893915 102.964963183
535 140.462507014 102.322285433
536 107.229215809 89.3170154691
537 158.139448436 111.565714021
538 152.879605705 171.834638778
539 86.809277614 95.4950828904
540 125.472769492 90.4454989956
541 149.448359387 127.59219496
542 84.0415133092 104.964514592
543 96.0619633892 116.056634239
544 77.48955162 159.360414908
545 97.0904680504 139.059727012
546 135.752839645 78.0322225782
547 99.1740349638 104.660700613
548 89.3745762872 126.712225948
549 96.0879850916 101.355465126
550 143.770802183 107.076537708
551 130.46878879 174.396738237
552 102.215477671 119.842886009
553 138.475763597 149.076015322
554 147.308213025 135.543080836
555 140.291281863 90.5898662431
556 75.5359183549 128.122928365
557 148.623774445 129.584690008
558 133.866172927 82.3575240373
559 105.538246662 114.812648326
560 131.408542606 163.999801502
561 139.360960798 150.761622386
562 84.7238557384 118.309063739
563 143.883125377 89.7233180198
564 87.7023529273 153.942262529
565 163.731152451 78.7651488563
566 130.275470659 138.085617211
567 131.033868755 116.777828809
568 85.9334947607 78.0431212655
569 133.007244202 136.385982889
570 106.658697921 121.088682103
571 114.659630014 134.369288508
572 97.6344989271 147.688414473
573 84.1043658876 146.488314951
574 143.618233654 106.332069676
575 155.210333576 168.46221876
576 138.231063547 96.1237963306
577 77.2143403019 104.885866854
578 155.880522877 83.704238947
579 168.257684387 174.780018305
580 120.492910145 95.9078282821
581 84.8856048677 154.933355793
582 153.763920935 123.822682227
583 87.6066325171 131.738277482
584 83.6792197387 146.410027766
585 106.690907507 151.843264567
586 85.8692664165 143.982848373
587 86.4371257265 164.28439135
588 130.024377519 167.194608664
589 164.870465163 116.021915972
590 124.998660176 90.2283025847
591 167.471495589 123.399779153
592 159.365032076 119.690890035
593 129.809773617 87.8457729888
594 168.946452321 93.2545418682
595 86.8444904176 100.013706858
596 129.867637957 173.167014938
597 131.824806174 119.663194535
598 160.540893905 171.55011622
599 151.948374243 94.7479149641
600 121.069743915 77.2483719397
601 132.731708075 138.201966577
602 122.166535528 153.455739494
603 128.795143026 147.89467291
604 127.28676493 111.519928343
605 102.944501632 166.715890902
606 159.167657342 111.556681331
607 97.6352863563 121.175560152
608 114.481968445 110.529155321
609 153.150512208 149.246432613
610 163.945930888 120.688387805
611 163.790026464 146.714499944
612 87.4009030616 174.269095444
613 103.452359813 145.348862083
614 82.5616131471 91.2632362749
615 78.5046925293 100.477610005
616 159.330602555 86.766976644
617 105.320889364 154.387252876
618 173.448476661 82.4087460769
619 120.952668845 129.970253142
620 141.935325147 113.682283559
621 123.717067157 89.1503823826
622 105.633576385 165.453345861
623 143.827848639 126.107041566
624 82.4440625767 121.155494633
625 146.224109352 154.808519112
626 139.734229046 114.282266519
627 123.02074801 163.676740287
628 145.613429219 93.3504558292
629 165.884588134 157.268505669
630 80.1663771045 101.139959756
631 75.8795941798 115.869494164
632 84.5452864962 75.6079977262
633 99.0554293868 144.468898989
634 143.297153065 118.856905742
635 96.9921505058 152.455847753
636 86.8738799795 80.8570863597
637 154.247957873 124.045165396
638 134.969719897 154.59974764
639 135.547095918 117.984275371
640 116.989793734 158.56012373
641 132.402727767 135.697648979
642 135.292331735 80.4834109623
643 91.5750307675 102.571510486
644 99.3234439472 128.782231474
645 152.991245253 85.0601252977
646 99.8114838808 169.529714764
647 169.585863177 97.5344928221
648 143.516477914 171.040295455
649 164.967231019 92.5605441514
650 84.9333816092 171.751145038
651 116.506548105 125.735326949
652 83.7973414225 163.967693509
653 105.364996379 141.796525374
654 143.174537965 131.346509448
655 122.101702005 155.721076212
656 114.696439942 136.562653811
657 149.484725141 106.103566497
658 142.19134111 97.7523983314
659 83.912615444 118.250821623
660 113.382332371 80.4896488484
661 149.945444964 85.3629005588
662 77.168059636 92.6007699176
663 82.5573017626 157.71470891
664 120.140298896 94.6055385015
665 144.185836441 85.4212546526
666 125.2599633 81.8995643047
667 163.987541505 101.099153481
668 167.677778465 118.09776289
669 133.294268187 168.743347152
670 171.021019134 120.972285307
671 134.309957086 112.118671247
672 162.176485446 125.458888656
673 129.950819524 108.059544839
674 162.819307611 143.075501786
675 101.593287986 120.98492997
676 129.4550951 140.557152179
677 173.914911342 131.099646511
678 150.22164751 145.32022355
679 78.2503144798 110.615194409
680 131.403372723 98.3537294994
681 145.186288567 119.437874315
682 125.663728399 109.326962179
683 155.074311186 91.4315194714
684 104.111682864 152.211636504
685 115.686332176 156.156411742
686 132.6179434 77.3067414796
687 143.679063582 152.376875151
688 127.612335678 144.527146006
689 136.293205781 157.419473211
690 157.36693601 146.099121097
691 152.1840912 92.1237829413
692 92.6054155091 89.8681927499
693 131.18986461 142.654904393
694 146.925008641 167.752130545
695 96.9511640288 118.254557828
696 80.8148093343 157.321683366
697 171.49427591 101.059804837
698 136.967838326 159.181417848
699 167.059207015 149.588152289
700 172.600149392 127.028592218
701 105.95946223 76.8124128834
702 83.5588930763 155.31843188
703 135.82249078 98.0631095314
704 168.480172764 86.5892938373
705 137.01328795 116.653417422
706 161.315382536 112.427194566
707 140.188122927 82.1387884497
708 155.328171001 150.45800216
709 79.505927781 124.816110683
710 105.336258388 91.8858876079
711 89.0574287824 121.749697937
712 114.927338856 138.740162955
713 130.811284388 87.1901602194
714 114.10590903 128.605987906
715 118.136069881 135.522424965
716 112.446839065 146.167674566
717 77.7533818506 146.958893437
718 168.218375604 170.388554858
719 106.480402726 166.796728496
720 88.010939536 154.947619586
721 162.273698198 166.716147293
722 79.2663862914 157.270847516
723 95.8903300073 106.176009217
724 91.7821503036 167.937098619
725 116.897320581 163.731288279
726 125.274702031 144.315213175
727 76.0127201365 154.96203991
728 88.7195050242 86.7329516814
729 106.363878737 90.2397526098
730 77.6554974111 157.106524221
731 84.2289634532 110.698937232
732 168.955691017 110.503154415
733 155.696989719 101.16826018
734 161.538784099 105.052716289
735 155.05878078 159.722488034
736 168.045720898 92.0560921483
737 102.544371451 109.960185381
738 115.667294887 130.688038383
739 83.2833149008 139.792732795
740 90.3752130556 152.874405893
741 121.139158303 152.848852579
742 77.6785701838 146.014631216
743 138.1482874 157.068700106
744 85.5109436426 103.930715434
745 153.361013606 148.543290549
746 105.980386596 119.750803424
747 143.801390563 140.267241277
748 124.983502405 85.1838026993
749 110.891063876 131.795529411
750 89.8099831232 170.245357795
751 113.249898597 76.4908671394
752 147.246601905 92.5700634242
753 116.930850678 126.487755031
754 142.521063607 144.13947368
755 99.2140130762 129.487973423
756 148.310354834 143.766584918
757 93.144760137 130.597853861
758 124.205588338 94.7438824649
759 159.906268707 124.645907091
760 78.1779520578 90.0904613845
761 140.055189574 118.505183521
762 99.1273728564 140.902522815
763 160.947610816 84.6815500548
764 98.0699872782 91.8167251477
765 91.0801026179 138.458383784
766 115.734573705 139.69693738
767 127.900634727 121.789203854
768 92.4786597476 145.27808489
769 148.663771458 157.545827478
770 155.234637026 136.676061624
771 125.525647078 135.059064305
772 162.332327862 110.511537422
773 118.976391232 110.95910619
774 103.531490096 90.2878809049
775 160.672980334 90.6402703685
776 139.808361149 122.994047799
777 150.557780431 151.019396115
778 174.978419731 84.9070333156
779 157.339930358 160.114085794
780 131.368064866 154.110833392
781 111.454167903 127.147141636
782 100.333699137 79.2859090957
783 129.585991936 137.158826088
784 94.7980342586 154.876146598
785 174.487721422 86.8751413652
786 130.814580223 153.895180708
787 157.186546929 147.049978634
788 85.7512832916 77.0792138206
789 137.955901209 99.4363055714
790 101.112322557 111.467142453
791 174.56862292 155.825600699
792 106.558508974 126.157693199
793 114.898354839 161.648804539
794 170.112576836 147.859482359
795 108.23642307 118.314090927
796 132.307095135 128.61032948
797 116.387026079 90.8819696567
798 172.058553434 75.8508194031
799 79.5459118056 94.2753974013
800 109.172203027 164.199730705
801 111.088231928 84.93161832
802 158.368515587 92.1683587808
803 123.933045006 97.6165720815
804 162.835243375 134.528787109
805 167.372675851 153.77841086
806 168.529260806 84.7731530786
807 77.5071374563 85.4231677168
808 75.4154321919 103.243395066
809 142.443398531 139.735334201
810 87.86315734 91.4521143812
811 125.668728976 156.995949963
812 141.132721107 118.118528216
813 123.499719035 135.352064554
814 84.6278856406 115.512859347
815 83.6281948822 98.2258206106
816 98.8191854248 98.2408123934
817 85.8881777931 83.0223462461
818 117.647917831 159.691949893
819 138.129554226 137.434810105
820 75.5228883877 80.8519246492
821 89.4098775855 165.634049927
822 92.627024234 121.324293331
823 154.242974889 172.33686767
824 80.1957629435 105.941929195
825 121.043014968 167.82246206
826 141.291451026 79.9903862224
827 96.0199685801 143.1191304
828 143.967732957 161.407468817
829 141.582593197 113.86154381
830 171.01996821 116.783444343
831 110.718516717 115.388187929
832 156.875579421 162.207195957
833 107.8282706 148.285711589
834 129.177936136 122.590705499
835 130.154601125 102.858323393
836 166.006833312 129.127772652
837 140.914248482 153.004322127
838 161.688843436 117.391637989
839 147.573548357 87.5700112041
840 170.171385522 130.404446616
841 115.326641647 116.463180534
842 153.518355112 112.053237182
843 172.435195603 157.406294559
844 170.153245481 95.4525145603
845 96.9351162103 170.892967448
846 137.634132624 173.454534167
847 124.67516452 143.508029877
848 101.231758321 139.709478373
849 156.012889516 156.048502323
850 154.134299269 172.749868193
851 174.486161969 86.4205865392
852 153.000507803 118.241991368
853 86.595300797 76.8059597099
854 132.171191063 76.1395238528
855 154.56144464 167.103536482
856 171.304698006 161.203400339
857 87.4838800167 174.562314436
858 134.693904504 151.639642633
859 98.9475066411 171.916277301
860 107.395163969 126.806468578
861 150.171665209 150.909804884
862 95.8708342514 144.664706195
863 173.701818318 107.827602913
864 114.856445577 128.340272437
865 89.9044307749 119.033501947
866 163.583713003 156.632896191
867 134.913916293 123.534332528
868 98.5415642283 81.175477929
869 170.140579318 134.35189544
870 144.066847388 107.736138222
871 83.2795107743 107.864227142
872 164.430388411 136.002401654
873 172.940849197 90.0227075975
874 105.964922402 117.825160929
875 91.2744215236 88.1586486986
876 148.855333637 153.656813773
877 94.4276561594 146.273176734
878 161.166177978 115.786831817
879 91.1390172046 102.922937655
880 108.493246461 148.183179739
881 148.659541679 121.794341639
882 117.601648618 139.98342023
883 141.374196375 139.566789059
884 148.615044678 133.181440113
885 171.544962597 174.182776893
886 157.113023173 162.625153205
887 133.658742542 86.8101508227
888 140.983369026 83.7621448608
889 137.405262909 126.870259682
890 101.091281221 161.830707028
891 140.659962494 162.01528931
892 96.4747933883 98.8556100491
893 82.5929910148 82.2769492259
894 96.6876050238 169.466841821
895 114.882203461 108.146874032
896 155.816466831 144.057849732
897 144.756908001 127.898657626
898 94.8530884715 142.124360721
899 107.823013188 149.621638362
900 110.709597197 110.54920403
901 145.001153716 82.6190421967
902 135.431330545 142.150278221
903 102.115782992 140.88368498
904 161.728036104 101.406322821
905 75.4886870513 163.368510321
906 173.0837049 118.194252048
907 110.295084533 92.9722216415
908 116.587315049 128.975452654
909 163.68317218 114.491868845
910 133.05338392 130.602187283
911 167.410642145 81.916345729
912 93.8152970002 145.586195136
913 89.5250242495 113.769632975
914 155.922790159 77.4761745138
915 85.477090079 150.11646335
916 151.48147084 124.568025806
917 108.90586269 124.335260652
918 153.341200333 94.0765291119
919 131.50140632 125.365753642
920 79.9884142841 125.837042632
921 104.127459108 122.977003824
922 76.5298251315 113.385432664
923 139.600156561 105.201952006
924 154.160791262 139.599544651
925 78.714909357 136.733712687
926 94.3942462483 167.579346428
927 158.33282808 166.115879733
928 135.454324259 91.0168396
929 94.3890277124 132.908649199
930 159.405487658 136.96886018
931 116.942681752 104.189344463
932 75.9368823054 160.686626881
933 117.968818923 157.12628209
934 152.18590732 77.6835136702
935 160.062961469 120.894237187
936 152.950103511 113.766253585
937 167.149650364 82.3865573271
938 152.628579843 153.035806759
939 88.6301016982 82.8395058127
940 123.80397302 86.3387328294
941 146.128588999 155.792314206
942 148.286743016 174.879856373
943 101.030506759 97.9269667411
944 81.2297149836 170.201411546
945 85.8574164917 145.949769786
946 96.8416480382 94.2694234872
947 109.037728576 94.5871261871
948 91.0568100918 155.253450399
949 109.046756438 110.442259175
950 116.693556458 84.2939600922
951 157.492726575 152.117905753
952 135.160132825 129.995887458
953 81.8101489553 147.748656852
954 99.5480156922 118.600260252
955 167.745560679 120.716949812
956 158.858852286 113.40682039
957 135.744228422 116.938871177
958 136.654036298 118.445605342
959 112.345665821 160.881130556
960 161.03404216 115.806137075
961 143.582026528 129.570756873
962 154.737287682 143.752229863
963 92.9637409704 95.514864868
964 90.5236617105 150.081288408
965 102.041133845 85.3075909951
966 130.703551881 101.818025649
967 105.680131777 138.593616872
968 111.459267399 123.58221144
969 88.8086069638 163.552520231
970 140.748245505 126.915687376
971 98.5128862589 134.118862616
972 93.2370815587 113.247573322
973 90.0931923774 147.241813064
974 114.31562646 139.254366116
975 107.4191623 174.514402096
976 75.9291152461 104.973425785
977 126.728391326 100.21483578
978 75.3221223649 112.309926359
979 97.217732847 168.571347866
980 174.451580382 94.3301022889
981 157.506450167 119.545563082
982 167.558000569 157.531098034
983 97.6703482623 125.547105983
984 104.570844051 160.514502909
985 100.105691616 166.539553447
986 105.998676286 78.7913335764
987 75.8960475308 129.515003594
988 96.963196214 143.744296882
989 77.2024177561 89.4052549474
990 115.931699911 139.919864165
991 123.63401494 101.335934065
992 120.908892875 141.086802003
993 96.6869001395 163.955648055
994 119.740689746 108.254360984
995 139.727993457 168.832299538
996 103.102486011 133.316700849
997 90.3051478799 133.946672271
998 163.656125595 90.4231095676
999 145.294600012 116.316894754
