60
15
7.60741429877 32.2204652692
3.87205871352 32.9717907404
60.2500885847 70.5766345131
5.06320893535 87.066350017
97.0549114876 45.9615016285
80.8890759317 9.58665026373
21.4434261429 95.8456675601
57.6672477356 71.7789294425
86.9748371074 59.8613316629
63.6358457898 99.790005206
65.1855583112 17.1862775988
11.9058917464 10.9243468796
83.0310318113 86.5323956152
57.6376352236 31.682636736
29.5998671333 95.0420590968
1.62635830825 87.5858678785
4.56429146996 51.030844561
62.4221709716 63.8971117446
46.9457744292 60.8496758389
76.0860130457 39.4700115762
11.1007232012 36.3509753086
49.0653936701 32.0795123572
25.3790182117 21.8366911986
10.5075690917 74.8592567194
82.8746969453 46.6362089265
90.2044303254 1.58764989514
26.6723871271 31.1496378926
47.8879379459 44.1641795852
51.401418698 49.2622657843
83.0508987138 46.8437904958
32.8057794643 99.9892350751
1.82251993635 54.9729498209
43.7860350989 41.5595885717
84.5829037566 79.8943709512
26.2085036383 77.3400766482
78.2398444774 67.1417041181
79.1118978638 63.0557187036
72.9663357003 49.4077696909
42.4548183627 89.992369695
69.2278169812 57.3143595679
35.466445567 65.2000746429
18.338703232 67.4104683488
80.6265725287 14.0417621436
66.8537038623 97.9527205967
3.86479430752 27.7736125017
11.2560912186 55.0758324705
82.305612482 72.630519281
31.7100086982 69.2084253748
5.96168875879 28.1200055292
78.574027797 73.7010015165
58.3707470691 17.4646934341
84.6210010857 47.8192893982
39.1226066168 17.0929522473
81.8623107982 20.8442401215
47.6135805655 70.7293125219
29.8347965826 59.8228158431
51.03971212 74.3623472143
10.2668785641 34.4143678129
52.2384098468 67.4343986172
15.6522850105 11.0619585975
