500
0.10
1	45.82442321	46.97930142
2	75.23478532	66.63050853
3	20.41883075	64.18026348
4	48.70628784	51.55164757
5	48.61268646	97.30450936
6	78.92279197	35.18660327
7	97.92167112	53.13891898
8	30.06299838	86.4697549
9	82.27096995	42.49653859
10	37.13771538	9.025452864
11	13.66647336	2.618011739
12	32.93556783	11.63631614
13	56.21492057	68.23564661
14	36.70160997	28.47451374
15	30.65811896	29.32505901
16	75.19985924	76.94718875
17	73.1851727	57.30134163
18	95.72605532	73.30312236
19	17.37861685	85.22263083
20	15.01489403	25.14743333
21	28.70647736	27.84579922
22	68.60934891	11.98812448
23	70.43062468	38.40837598
24	32.39834725	23.08342168
25	10.84122278	93.05055742
26	22.95614394	76.8046218
27	1.052483687	76.45723171
28	27.32319448	11.51112894
29	33.87932872	71.19561169
30	20.13143022	2.305458329
31	95.09387785	23.5124612
32	68.57703521	22.02192414
33	47.38947142	93.75491927
34	99.25006394	60.96728518
35	97.14529848	48.70502573
36	58.11694573	48.28016376
37	52.48021359	50.3639606
38	55.27941884	98.96101931
39	85.73484244	5.531990212
40	14.44098175	48.77904826
41	29.24124763	83.66225324
42	32.42279895	99.32198643
43	80.14675554	27.43869888
44	95.23475063	41.22370247
45	56.70708429	98.95701382
46	20.45724827	78.69636352
47	30.99352894	95.47885135
48	58.03946355	51.83580973
49	22.60401034	69.70412994
50	31.62686438	29.14217821
51	44.0332169	88.05701148
52	47.87678603	19.93358462
53	42.19656475	61.61663902
54	47.26663877	96.54693248
55	20.99039571	84.36122992
56	22.41193694	77.56827534
57	25.43735324	9.922422243
58	47.73305297	90.48581325
59	38.56357377	40.38957957
60	53.1061606	61.9766917
61	56.8846987	42.95068823
62	94.61106439	31.95014192
63	4.266908337	60.5222131
64	33.00941749	43.40602488
65	56.63894313	71.04414847
66	83.38383394	99.27125019
67	79.60780773	47.91627892
68	48.53461702	15.78816332
69	0.298241142	79.9269212
70	26.41323893	8.987472903
71	88.99651075	11.63624248
72	26.62603068	6.29812875
73	61.34341487	44.3621041
74	2.821506298	58.47288516
75	72.39118001	50.53202123
76	23.4141605	61.50922558
77	64.40949198	88.71856029
78	51.15592248	14.45911563
79	19.98415182	21.90845687
80	25.92793504	75.84327703
81	82.18808477	64.7210846
82	32.16398612	27.0752817
83	86.79054041	72.26278113
84	9.494299115	6.319233719
85	14.6939332	51.14373683
86	85.89545304	31.15109426
87	52.19462936	18.45443865
88	22.86708366	25.46018903
89	31.17001011	68.73913305
90	86.3048559	46.05834532
91	64.1584186	31.84586672
92	86.69977917	47.72733239
93	10.84633278	77.4045802
94	1.163676216	85.70142469
95	46.80660208	17.15557428
96	65.00931002	69.86847993
97	32.72264994	86.46973069
98	36.55236668	11.9236858
99	66.0206579	82.02329166
100	7.79170079	99.92748432
101	41.63996733	66.27722583
102	84.01329984	57.18435512
103	86.79136138	62.97329482
104	51.75314807	63.85086608
105	35.32983588	95.8765679
106	75.08670055	65.6350823
107	35.56286782	10.65947046
108	73.8269395	13.93371603
109	93.59292267	79.88608309
110	2.545071136	47.02913903
111	64.11397742	65.99827506
112	7.726159255	93.29724743
113	38.68678444	9.224712962
114	21.32601985	44.109836
115	88.73782918	30.49937096
116	63.9064461	3.022464634
117	32.15895048	21.97085018
118	8.690576974	36.84413627
119	16.80645973	6.511830315
120	67.75905189	23.94593431
121	69.54375002	57.16643895
122	76.86225201	58.04478789
123	75.81109214	8.31656262
124	88.72266278	84.72080306
125	27.20872313	40.56411359
126	69.33900904	40.40391653
127	26.73625467	43.45663214
128	77.64928511	8.420635926
129	81.28847734	39.36358781
130	34.61528645	71.10203452
131	18.62502573	55.28479196
132	19.82876772	83.89530261
133	88.81111529	59.2791983
134	60.63844193	46.78831283
135	10.01484233	76.34115347
136	41.38072031	72.44288611
137	57.32635824	25.68663446
138	1.831556931	5.448537615
139	82.16871611	83.09316443
140	85.50285575	6.670769857
141	67.01783269	78.8788124
142	18.68551107	84.54577439
143	0.4605952206	71.39059288
144	27.29170259	92.87885128
145	62.00847832	62.09007668
146	15.5222784	81.5642126
147	93.56234866	28.69520658
148	61.83236109	81.12100209
149	87.79488189	68.49705224
150	18.81643392	40.36835605
151	38.67437411	30.72206033
152	39.76197482	29.98502634
153	22.28950684	99.82732543
154	34.16927987	60.79526345
155	54.28042266	34.34997489
156	36.41672243	31.3626319
157	69.49402866	16.6156833
158	37.11326293	83.2422965
159	58.92621307	65.12495806
160	79.62900759	98.30619317
161	44.57640056	3.46415371
162	18.5515453	98.64079937
163	14.56419284	65.56586602
164	16.96073704	41.76348002
165	14.28043183	12.77645951
166	57.5439162	34.13719028
167	81.15825175	24.25753579
168	87.13736237	86.31080845
169	18.58042303	8.739902756
170	76.6572125	70.95116531
171	72.65001804	37.93408296
172	99.8640343	23.97883281
173	82.06822171	84.49068698
174	85.75470648	73.78960166
175	17.94927917	33.47746939
176	32.36857523	38.94038973
177	30.75309101	46.73004455
178	96.46150533	84.40669122
179	11.21304672	38.1188564
180	48.92166984	76.304179
181	36.02786098	27.42429607
182	35.82781465	5.702030935
183	26.36442703	51.41430296
184	97.57436281	22.0793013
185	63.75250368	76.83943711
186	97.54333885	62.20835578
187	17.68497326	49.48406187
188	8.664892753	75.66965418
189	30.83957879	44.56406714
190	83.84704175	29.40324039
191	70.01793128	99.64827327
192	77.75645083	19.68445667
193	20.274414	16.13302053
194	9.638368007	95.362658
195	13.87509341	83.1485628
196	45.52585651	33.36681821
197	14.23071829	4.52374238
198	65.06039282	46.2383235
199	66.33595359	64.46420887
200	92.25628196	27.82263528
201	11.44802271	53.94557513
202	57.7175301	34.27225065
203	71.0797122	5.690166372
204	14.37950553	21.32876515
205	32.03637508	1.551971535
206	87.76581537	36.28720079
207	34.04821259	74.33180458
208	73.80885972	56.77264478
209	21.64352513	65.24270215
210	38.27380762	54.5835339
211	44.35324758	80.57566637
212	62.12046882	10.41406562
213	69.477681	78.035405
214	38.1518101	54.65946458
215	24.38848959	90.82849442
216	57.15483408	66.28881974
217	88.12713553	39.6643992
218	34.79907689	96.14396594
219	5.766593565	57.84037131
220	45.37229741	60.5784199
221	81.42678875	0.81678285
222	78.93943748	43.63063864
223	34.52303863	91.05792015
224	77.81882645	58.03583767
225	84.19769746	66.28770429
226	18.2853379	16.20611716
227	8.57517433	56.46353971
228	21.73513434	92.31063019
229	35.46739648	49.85995186
230	72.49359462	58.45891392
231	58.41416423	3.073255695
232	22.74609296	66.2519098
233	36.35661691	14.42784373
234	79.95721123	18.85308841
235	17.84012505	34.18814556
236	42.10479937	16.07870749
237	76.60462134	57.16554077
238	21.65089814	68.05636882
239	72.38757078	5.863920455
240	62.51337606	54.84923667
241	75.21697252	3.640283187
242	18.78753368	16.26254302
243	28.62492112	78.83016585
244	90.72966077	67.49871437
245	12.17292309	34.53258365
246	2.840207226	1.273969223
247	70.57228728	79.33280316
248	87.25755262	65.28024748
249	75.02310254	82.87100378
250	13.01418073	64.37998941
251	93.29798171	38.54897649
252	52.15487984	31.73868964
253	50.24915247	22.49091097
254	53.81811948	33.42225042
255	40.3963143	9.573018893
256	89.783457	15.6315287
257	63.92985405	81.91211502
258	47.68129884	85.34921892
259	61.53567172	95.60349919
260	19.5423236	47.55681866
261	84.25129106	85.55247572
262	38.21194904	17.37252741
263	99.18589108	77.7160595
264	83.40407574	17.8226595
265	28.70939059	32.2803308
266	7.143989806	84.28227333
267	54.62589798	83.53531297
268	17.120487	10.18111143
269	57.92060582	93.10758701
270	53.85170761	86.46920949
271	65.20108186	44.52112567
272	92.96391314	48.77526768
273	63.38838934	61.35195818
274	98.02494267	55.76641129
275	45.31648232	21.51843263
276	48.1721225	8.776369228
277	61.27847843	47.97350553
278	28.74143438	64.31396969
279	93.55458469	28.88999485
280	82.04214374	19.20093596
281	69.74687869	21.76602658
282	45.50224544	22.77693353
283	55.35294261	25.56954688
284	31.17405344	19.23264205
285	31.17745089	92.90068725
286	54.01513184	41.31453525
287	74.51537496	57.90172594
288	64.17781509	95.15266868
289	39.9072112	26.63014583
290	34.33221786	78.97137875
291	36.64212988	49.12157956
292	23.71026279	64.82141209
293	99.62473254	37.68617192
294	40.48787608	76.61488333
295	43.1729382	69.15958186
296	50.2818516	86.82717951
297	64.18928517	78.29943234
298	89.9782913	38.90396415
299	93.58663736	51.35462709
300	66.1490909	17.94747787
301	65.33772934	11.7468996
302	51.8978193	80.27470684
303	76.93376721	2.839160216
304	19.877544	84.10007359
305	92.25090569	79.7421879
306	23.21269003	34.74725162
307	79.80861904	76.3711765
308	33.22414813	79.80193035
309	49.99445078	79.13401031
310	71.19746033	46.35925811
311	93.41153726	42.70847766
312	93.71821431	90.96717407
313	26.97867724	25.4742926
314	36.20821505	65.90323281
315	17.01347923	35.76415338
316	14.52640199	95.46457303
317	19.14029582	37.43742699
318	27.13386286	77.23593011
319	68.97107339	2.347959458
320	90.51616909	38.84090104
321	76.29237496	7.246031251
322	72.33616162	30.81452596
323	28.32027207	45.93692604
324	83.70586051	35.19518067
325	74.88580444	9.019195008
326	50.86861932	65.45971534
327	47.68752876	90.54897417
328	81.98226919	18.76193057
329	69.46762297	19.01443387
330	35.69697928	17.18225612
331	11.12375429	46.38627924
332	43.86863014	96.07239304
333	45.1048715	44.07478154
334	37.95493947	0.1693477683
335	14.95227179	54.53033573
336	2.770203331	44.18139749
337	67.5389231	7.829805844
338	15.50916571	65.71293003
339	18.70037661	43.47536562
340	32.73885957	79.01446278
341	62.08460343	74.23992428
342	42.95106599	75.70260066
343	40.49258341	37.74146752
344	66.61681163	97.17460998
345	93.80400488	92.79513341
346	97.40178863	36.04341033
347	66.95308245	53.21192789
348	66.66581074	33.78368275
349	87.23616769	25.24255425
350	42.06850137	44.91308171
351	83.42680326	11.43369864
352	91.91518383	90.42215057
353	49.27494261	51.04329101
354	82.48947733	71.59618532
355	36.81405239	64.50263708
356	1.766615721	77.48512107
357	93.43522838	25.80157579
358	84.6326947	85.41748048
359	28.31625936	6.088496455
360	38.5866798	67.7779562
361	86.88469851	79.35976139
362	87.26909227	65.6110337
363	94.47636623	53.22027097
364	76.41749045	51.41290488
365	30.90469645	70.45258824
366	93.55591469	58.14180473
367	90.30629413	71.38689097
368	85.28975127	38.97871649
369	15.61414733	99.49722217
370	9.282878967	99.85630727
371	86.46816525	26.0785323
372	24.78457669	96.41289912
373	40.43546752	90.98922091
374	2.220368296	47.78218077
375	10.12915916	39.2433803
376	30.56974328	80.53708504
377	37.23388293	25.95001947
378	30.89035434	9.855801316
379	9.272617633	46.23383852
380	52.12410854	49.29825335
381	6.373533079	26.86097472
382	99.63943858	59.83154275
383	17.32972263	33.21167081
384	40.29080392	51.57692874
385	76.68027972	32.34618598
386	79.24008638	81.07180115
387	27.62804131	44.76612689
388	89.14931662	82.75596574
389	68.6360498	24.83274588
390	79.07903032	29.90029164
391	78.69482082	37.99955317
392	91.29290755	88.49340373
393	68.82488245	36.89946972
394	76.66650221	1.235577404
395	93.01435472	18.42745161
396	93.60760481	50.22961996
397	81.28136743	19.46213964
398	45.04931771	16.93493651
399	70.16252104	36.07520214
400	10.70220883	64.13893803
401	49.46211775	53.41262015
402	21.5558968	70.11195793
403	44.88358935	20.80503583
404	91.53681664	59.52262764
405	98.64169465	64.18242617
406	13.45768267	91.28853894
407	52.55316222	83.38686868
408	48.70107485	46.7687012
409	52.60822525	97.52508301
410	13.90909041	83.44806219
411	0.5391249979	8.485437798
412	34.66081752	49.37798068
413	28.70517447	87.50701738
414	77.16818645	27.35251571
415	53.37652717	38.26027984
416	27.16786121	42.78075827
417	1.012216828	5.463589494
418	54.30739983	40.42310013
419	87.31748401	69.20143568
420	27.07684254	81.8987508
421	39.95306952	90.91465587
422	62.10926219	59.20806228
423	89.20021055	73.48096323
424	40.60783769	24.44453025
425	32.28189723	80.02695121
426	27.68814023	51.77658083
427	36.296576	21.32385176
428	84.6454027	12.23085955
429	70.4307457	58.67951127
430	45.80920985	5.01954415
431	47.39243987	24.25664696
432	88.87874953	12.15707646
433	10.96331311	64.57922402
434	5.738577321	73.43347862
435	71.2610547	51.67147082
436	58.52438758	94.79864731
437	38.72322661	37.1765818
438	7.499745894	31.69171684
439	91.23807218	32.36531364
440	21.13978124	40.24762194
441	90.88769947	75.72879955
442	15.33098834	64.37126326
443	25.44751466	59.60711112
444	29.62178172	44.2688128
445	52.71385881	48.62239362
446	71.45285583	13.96236636
447	95.88482262	69.03888293
448	6.835014671	0.7561219563
449	28.26211524	50.13360047
450	36.91648341	71.21901962
451	33.40895768	42.1910955
452	68.69017072	40.45415735
453	67.64716372	88.60342711
454	29.11973698	23.02110184
455	74.30807532	12.85907445
456	97.18993497	89.75409352
457	62.16704516	13.3407241
458	24.42938053	21.56159826
459	32.42172455	77.50877328
460	86.73111681	86.56358962
461	31.73686852	6.546552483
462	55.0195807	8.427144648
463	74.24247357	89.4480271
464	81.16096077	72.05725286
465	25.24996277	6.42581702
466	97.95249166	16.0283353
467	91.34224935	44.54443606
468	60.73186721	19.07476204
469	23.50583404	11.76223445
470	65.73639968	98.97194176
471	66.08644052	74.5301424
472	57.53000909	60.30617058
473	89.42731082	14.97616441
474	81.09386915	52.05185378
475	30.35817744	99.59359451
476	35.13779462	85.87170975
477	20.05893767	73.67221095
478	27.67612572	63.86817552
479	8.514251282	0.1258510079
480	41.46655468	55.72788838
481	69.09402004	9.555480529
482	99.72665075	11.45868431
483	56.20987954	11.28547382
484	81.76258929	42.1828334
485	77.98579074	43.63408567
486	55.17362184	83.86717775
487	10.75992903	99.6857045
488	87.37423731	54.75431365
489	13.43776475	35.19622148
490	63.89611724	0.004042409308
491	30.78303239	15.17030173
492	40.89423451	30.3893441
493	11.53432232	8.332731913
494	52.60943226	70.78568107
495	13.30058442	72.81222259
496	80.12018839	94.5212018
497	75.93297666	77.68230409
498	9.607137951	82.79223211
499	32.70011922	10.88845498
500	32.16665046	22.67804391
