1000	0.2	11	0.001351
1000	0.2	14	0.001322
1000	0.2	15	0.001299
1000	0.2	12	0.001315
1000	0.2	11	0.001297
1000	0.2	10	0.001299
1000	0.2	15	0.001286
1000	0.2	14	0.001289
1000	0.2	13	0.00127
1000	0.2	14	0.001282
1000	0.2	12	0.0013
1000	0.2	13	0.001275
1000	0.2	13	0.001295
1000	0.2	12	0.001242
1000	0.2	9	0.001352
1000	0.2	10	0.001268
1000	0.2	14	0.001244
1000	0.2	14	0.001307
1000	0.2	13	0.001336
1000	0.2	12	0.001319
1000	0.2	11	0.001281
1000	0.2	12	0.001329
1000	0.2	12	0.001254
1000	0.2	11	0.001335
1000	0.2	9	0.001296
1000	0.2	13	0.001274
1000	0.2	11	0.001248
1000	0.2	13	0.001261
1000	0.2	12	0.001402
1000	0.2	10	0.001343

2000	0.2	12	0.00307
2000	0.2	12	0.002617
2000	0.2	13	0.002765
2000	0.2	13	0.002748
2000	0.2	16	0.002729
2000	0.2	18	0.002642
2000	0.2	11	0.002813
2000	0.2	15	0.002781
2000	0.2	12	0.002647
2000	0.2	15	0.002571
2000	0.2	12	0.002729
2000	0.2	15	0.002725
2000	0.2	12	0.002653
2000	0.2	15	0.002875
2000	0.2	11	0.002701
2000	0.2	14	0.002672
2000	0.2	14	0.002647
2000	0.2	16	0.002767
2000	0.2	12	0.002701
2000	0.2	17	0.002685
2000	0.2	14	0.002696
2000	0.2	15	0.002598
2000	0.2	14	0.00257
2000	0.2	12	0.002892
2000	0.2	14	0.002582
2000	0.2	14	0.002852
2000	0.2	15	0.002916
2000	0.2	16	0.002569
2000	0.2	12	0.00277
2000	0.2	14	0.002758

3000	0.2	17	0.004748
3000	0.2	17	0.004466
3000	0.2	16	0.004054
3000	0.2	15	0.004509
3000	0.2	16	0.004363
3000	0.2	18	0.004228
3000	0.2	14	0.004181
3000	0.2	14	0.004137
3000	0.2	16	0.00421
3000	0.2	13	0.004303
3000	0.2	13	0.004702
3000	0.2	10	0.004682
3000	0.2	15	0.004341
3000	0.2	13	0.004393
3000	0.2	14	0.004391
3000	0.2	15	0.004696
3000	0.2	15	0.004172
3000	0.2	11	0.003946
3000	0.2	15	0.004456
3000	0.2	16	0.004311
3000	0.2	14	0.004302
3000	0.2	15	0.004286
3000	0.2	15	0.004324
3000	0.2	18	0.004262
3000	0.2	15	0.004107
3000	0.2	14	0.004203
3000	0.2	16	0.004297
3000	0.2	14	0.004348
3000	0.2	12	0.004696
3000	0.2	15	0.004536

4000	0.2	15	0.006336
4000	0.2	15	0.005963
4000	0.2	11	0.006274
4000	0.2	18	0.005961
4000	0.2	16	0.005944
4000	0.2	18	0.006071
4000	0.2	16	0.00591
4000	0.2	13	0.005992
4000	0.2	15	0.005983
4000	0.2	16	0.006126
4000	0.2	11	0.006826
4000	0.2	15	0.006236
4000	0.2	13	0.006159
4000	0.2	18	0.005793
4000	0.2	15	0.006052
4000	0.2	15	0.006123
4000	0.2	14	0.006285
4000	0.2	16	0.012085
4000	0.2	12	0.006133
4000	0.2	16	0.006003
4000	0.2	13	0.005967
4000	0.2	10	0.00606
4000	0.2	15	0.00618
4000	0.2	13	0.006128
4000	0.2	14	0.005904
4000	0.2	14	0.005917
4000	0.2	14	0.006062
4000	0.2	14	0.006443
4000	0.2	17	0.005834
4000	0.2	17	0.006162

5000	0.2	15	0.008116
5000	0.2	16	0.007675
5000	0.2	18	0.007978
5000	0.2	13	0.008408
5000	0.2	13	0.007992
5000	0.2	16	0.007541
5000	0.2	14	0.008566
5000	0.2	16	0.008447
5000	0.2	20	0.008017
5000	0.2	18	0.007676
5000	0.2	20	0.008161
5000	0.2	18	0.007958
5000	0.2	19	0.008225
5000	0.2	13	0.009376
5000	0.2	16	0.007797
5000	0.2	13	0.008375
5000	0.2	17	0.007848
5000	0.2	16	0.018628
5000	0.2	19	0.008411
5000	0.2	16	0.008231
5000	0.2	19	0.007831
5000	0.2	13	0.009176
5000	0.2	15	0.008069
5000	0.2	16	0.007987
5000	0.2	16	0.008288
5000	0.2	15	0.008209
5000	0.2	16	0.007466
5000	0.2	17	0.007653
5000	0.2	15	0.007878
5000	0.2	12	0.008732

6000	0.2	15	0.011323
6000	0.2	18	0.010677
6000	0.2	12	0.011087
6000	0.2	14	0.010525
6000	0.2	16	0.009719
6000	0.2	15	0.010939
6000	0.2	11	0.010753
6000	0.2	17	0.010814
6000	0.2	16	0.009749
6000	0.2	16	0.0108
6000	0.2	13	0.018974
6000	0.2	15	0.009824
6000	0.2	16	0.010101
6000	0.2	14	0.010335
6000	0.2	18	0.010138
6000	0.2	16	0.010573
6000	0.2	14	0.011343
6000	0.2	17	0.010523
6000	0.2	18	0.009638
6000	0.2	14	0.010562
6000	0.2	16	0.009452
6000	0.2	13	0.010816
6000	0.2	15	0.010389
6000	0.2	17	0.011143
6000	0.2	19	0.009631
6000	0.2	19	0.009714
6000	0.2	17	0.010692
6000	0.2	14	0.010538
6000	0.2	14	0.01054
6000	0.2	19	0.010119

7000	0.2	15	0.01221
7000	0.2	19	0.012611
7000	0.2	11	0.01457
7000	0.2	15	0.014125
7000	0.2	16	0.014062
7000	0.2	18	0.012111
7000	0.2	18	0.013624
7000	0.2	15	0.012672
7000	0.2	17	0.012659
7000	0.2	11	0.015655
7000	0.2	16	0.014144
7000	0.2	13	0.015498
7000	0.2	17	0.012359
7000	0.2	14	0.013199
7000	0.2	17	0.011884
7000	0.2	19	0.012168
7000	0.2	20	0.012273
7000	0.2	17	0.02342
7000	0.2	18	0.020421
7000	0.2	19	0.022474
7000	0.2	15	0.01935
7000	0.2	17	0.014138
7000	0.2	12	0.012168
7000	0.2	15	0.013156
7000	0.2	18	0.013056
7000	0.2	18	0.012126
7000	0.2	17	0.013489
7000	0.2	12	0.012514
7000	0.2	14	0.013986
7000	0.2	18	0.012025

8000	0.2	14	0.016285
8000	0.2	17	0.015102
8000	0.2	18	0.014318
8000	0.2	16	0.015429
8000	0.2	19	0.014221
8000	0.2	16	0.015592
8000	0.2	17	0.015215
8000	0.2	17	0.014803
8000	0.2	13	0.014832
8000	0.2	10	0.016448
8000	0.2	19	0.026059
8000	0.2	19	0.027534
8000	0.2	19	0.01877
8000	0.2	12	0.015953
8000	0.2	18	0.015172
8000	0.2	17	0.015757
8000	0.2	18	0.015906
8000	0.2	17	0.025448
8000	0.2	14	0.016826
8000	0.2	19	0.015964
8000	0.2	13	0.02083
8000	0.2	17	0.01565
8000	0.2	23	0.014909
8000	0.2	19	0.015433
8000	0.2	15	0.015662
8000	0.2	15	0.015473
8000	0.2	17	0.01612
8000	0.2	16	0.016318
8000	0.2	17	0.015984
8000	0.2	14	0.015106

9000	0.2	18	0.019394
9000	0.2	16	0.018878
9000	0.2	14	0.018392
9000	0.2	19	0.016962
9000	0.2	14	0.020103
9000	0.2	18	0.018085
9000	0.2	18	0.017187
9000	0.2	17	0.018851
9000	0.2	18	0.018822
9000	0.2	17	0.0183
9000	0.2	17	0.018412
9000	0.2	16	0.018236
9000	0.2	16	0.019374
9000	0.2	15	0.018955
9000	0.2	18	0.018138
9000	0.2	15	0.018838
9000	0.2	16	0.021899
9000	0.2	21	0.01676
9000	0.2	19	0.019385
9000	0.2	16	0.018309
9000	0.2	17	0.018824
9000	0.2	14	0.017789
9000	0.2	17	0.017998
9000	0.2	14	0.018444
9000	0.2	16	0.018786
9000	0.2	14	0.017604
9000	0.2	14	0.019574
9000	0.2	19	0.018529
9000	0.2	16	0.019497
9000	0.2	17	0.019078

10000	0.2	18	0.021296
10000	0.2	18	0.019702
10000	0.2	18	0.023914
10000	0.2	19	0.021068
10000	0.2	17	0.024885
10000	0.2	15	0.019897
10000	0.2	16	0.022432
10000	0.2	15	0.023449
10000	0.2	17	0.02166
10000	0.2	15	0.02051
10000	0.2	15	0.023568
10000	0.2	18	0.021007
10000	0.2	16	0.025076
10000	0.2	17	0.020908
10000	0.2	18	0.022499
10000	0.2	13	0.023221
10000	0.2	17	0.019097
10000	0.2	16	0.021967
10000	0.2	18	0.021936
10000	0.2	16	0.020651
10000	0.2	17	0.022276
10000	0.2	17	0.021047
10000	0.2	18	0.019958
10000	0.2	17	0.023172
10000	0.2	12	0.0209
10000	0.2	18	0.019853
10000	0.2	15	0.024304
10000	0.2	21	0.022577
10000	0.2	18	0.022133
10000	0.2	13	0.022033

11000	0.2	21	0.023683
11000	0.2	17	0.024307
11000	0.2	13	0.027314
11000	0.2	18	0.023639
11000	0.2	21	0.024571
11000	0.2	13	0.028387
11000	0.2	18	0.024531
11000	0.2	16	0.02551
11000	0.2	19	0.023595
11000	0.2	16	0.028735
11000	0.2	17	0.024183
11000	0.2	16	0.025593
11000	0.2	20	0.024909
11000	0.2	17	0.024994
11000	0.2	14	0.027067
11000	0.2	18	0.027566
11000	0.2	15	0.026132
11000	0.2	13	0.028395
11000	0.2	17	0.042059
11000	0.2	20	0.023434
11000	0.2	14	0.030898
11000	0.2	17	0.024026
11000	0.2	15	0.023657
11000	0.2	20	0.02396
11000	0.2	20	0.025438
11000	0.2	23	0.023124
11000	0.2	18	0.025111
11000	0.2	22	0.024614
11000	0.2	18	0.023406
11000	0.2	16	0.028017

12000	0.2	20	0.028967
12000	0.2	16	0.029815
12000	0.2	19	0.030391
12000	0.2	20	0.02607
12000	0.2	22	0.026306
12000	0.2	20	0.027752
12000	0.2	15	0.02837
12000	0.2	16	0.031037
12000	0.2	16	0.030981
12000	0.2	15	0.030954
12000	0.2	20	0.028694
12000	0.2	15	0.029169
12000	0.2	15	0.028401
12000	0.2	20	0.030795
12000	0.2	17	0.027719
12000	0.2	19	0.030756
12000	0.2	18	0.029373
12000	0.2	18	0.030589
12000	0.2	16	0.031642
12000	0.2	15	0.027861
12000	0.2	16	0.027852
12000	0.2	17	0.030161
12000	0.2	16	0.028852
12000	0.2	11	0.035716
12000	0.2	19	0.028446
12000	0.2	16	0.028454
12000	0.2	16	0.027368
12000	0.2	16	0.030745
12000	0.2	18	0.029076
12000	0.2	16	0.030972

13000	0.2	16	0.037071
13000	0.2	18	0.031525
13000	0.2	20	0.032145
13000	0.2	18	0.030218
13000	0.2	20	0.033631
13000	0.2	13	0.035272
13000	0.2	19	0.034364
13000	0.2	18	0.03306
13000	0.2	14	0.034978
13000	0.2	19	0.033047
13000	0.2	16	0.031393
13000	0.2	18	0.042963
13000	0.2	17	0.035758
13000	0.2	16	0.032109
13000	0.2	19	0.033121
13000	0.2	15	0.036486
13000	0.2	18	0.03091
13000	0.2	17	0.037361
13000	0.2	18	0.029313
13000	0.2	19	0.03146
13000	0.2	19	0.030261
13000	0.2	17	0.031899
13000	0.2	15	0.032454
13000	0.2	14	0.038253
13000	0.2	21	0.03296
13000	0.2	15	0.035973
13000	0.2	20	0.033196
13000	0.2	16	0.03308
13000	0.2	18	0.031171
13000	0.2	19	0.034355

14000	0.2	17	0.036474
14000	0.2	18	0.034029
14000	0.2	14	0.034927
14000	0.2	12	0.03494
14000	0.2	17	0.037022
14000	0.2	15	0.037723
14000	0.2	17	0.03512
14000	0.2	20	0.033412
14000	0.2	17	0.038106
14000	0.2	16	0.041044
14000	0.2	18	0.035475
14000	0.2	21	0.034092
14000	0.2	19	0.034488
14000	0.2	12	0.037825
14000	0.2	18	0.034314
14000	0.2	12	0.04974
14000	0.2	18	0.035948
14000	0.2	15	0.037489
14000	0.2	20	0.034346
14000	0.2	19	0.033827
14000	0.2	17	0.038175
14000	0.2	18	0.03552
14000	0.2	16	0.035463
14000	0.2	23	0.033797
14000	0.2	19	0.03307
14000	0.2	16	0.036339
14000	0.2	17	0.034808
14000	0.2	17	0.033136
14000	0.2	19	0.041648
14000	0.2	15	0.037241

15000	0.2	17	0.038323
15000	0.2	12	0.042023
15000	0.2	22	0.039675
15000	0.2	15	0.043901
15000	0.2	21	0.038374
15000	0.2	18	0.041462
15000	0.2	15	0.04428
15000	0.2	20	0.039259
15000	0.2	17	0.042497
15000	0.2	20	0.042367
15000	0.2	14	0.042619
15000	0.2	21	0.038317
15000	0.2	21	0.039623
15000	0.2	18	0.038627
15000	0.2	13	0.038568
15000	0.2	22	0.04156
15000	0.2	19	0.0412
15000	0.2	20	0.039429
15000	0.2	18	0.041126
15000	0.2	16	0.043758
15000	0.2	13	0.03771
15000	0.2	17	0.041588
15000	0.2	15	0.042192
15000	0.2	15	0.042518
15000	0.2	19	0.037561
15000	0.2	19	0.041336
15000	0.2	20	0.040354
15000	0.2	11	0.04535
15000	0.2	21	0.038343
15000	0.2	15	0.037882

16000	0.2	21	0.046589
16000	0.2	13	0.053752
16000	0.2	18	0.044754
16000	0.2	19	0.043178
16000	0.2	19	0.04715
16000	0.2	16	0.049554
16000	0.2	17	0.043959
16000	0.2	16	0.051667
16000	0.2	20	0.043113
16000	0.2	21	0.052888
16000	0.2	15	0.047818
16000	0.2	21	0.041519
16000	0.2	21	0.04513
16000	0.2	15	0.045141
16000	0.2	21	0.042552
16000	0.2	20	0.047993
16000	0.2	12	0.055264
16000	0.2	16	0.046447
16000	0.2	19	0.04455
16000	0.2	18	0.049908
16000	0.2	18	0.045971
16000	0.2	19	0.046601
16000	0.2	17	0.045553
16000	0.2	15	0.045724
16000	0.2	13	0.043305
16000	0.2	19	0.044505
16000	0.2	17	0.045491
16000	0.2	18	0.043523
16000	0.2	20	0.046275
16000	0.2	19	0.045348

17000	0.2	18	0.050231
17000	0.2	19	0.054729
17000	0.2	15	0.05427
17000	0.2	17	0.051319
17000	0.2	15	0.058573
17000	0.2	17	0.052827
17000	0.2	17	0.046784
17000	0.2	18	0.050655
17000	0.2	19	0.04975
17000	0.2	18	0.049272
17000	0.2	20	0.049543
17000	0.2	21	0.046268
17000	0.2	17	0.05161
17000	0.2	17	0.052948
17000	0.2	13	0.058136
17000	0.2	23	0.045743
17000	0.2	16	0.052044
17000	0.2	18	0.049001
17000	0.2	20	0.05328
17000	0.2	18	0.054916
17000	0.2	21	0.048152
17000	0.2	20	0.051188
17000	0.2	15	0.055295
17000	0.2	15	0.056806
17000	0.2	19	0.059519
17000	0.2	19	0.055366
17000	0.2	16	0.050751
17000	0.2	20	0.047766
17000	0.2	17	0.050335
17000	0.2	19	0.05004

18000	0.2	16	0.055173
18000	0.2	16	0.053609
18000	0.2	23	0.054409
18000	0.2	18	0.057612
18000	0.2	17	0.051518
18000	0.2	18	0.057189
18000	0.2	20	0.04904
18000	0.2	14	0.06421
18000	0.2	17	0.056808
18000	0.2	20	0.052716
18000	0.2	17	0.054378
18000	0.2	18	0.054085
18000	0.2	15	0.053923
18000	0.2	17	0.055424
18000	0.2	21	0.054683
18000	0.2	13	0.076528
18000	0.2	18	0.058664
18000	0.2	21	0.053798
18000	0.2	17	0.073837
18000	0.2	17	0.054075
18000	0.2	12	0.079232
18000	0.2	21	0.053849
18000	0.2	16	0.058848
18000	0.2	17	0.051882
18000	0.2	18	0.057734
18000	0.2	16	0.053555
18000	0.2	18	0.058514
18000	0.2	18	0.058396
18000	0.2	15	0.07304
18000	0.2	18	0.057148

19000	0.2	13	0.071375
19000	0.2	17	0.067669
19000	0.2	18	0.063924
19000	0.2	14	0.06628
19000	0.2	15	0.072762
19000	0.2	16	0.08374
19000	0.2	18	0.05484
19000	0.2	20	0.062897
19000	0.2	18	0.058594
19000	0.2	21	0.054559
19000	0.2	20	0.060806
19000	0.2	18	0.060092
19000	0.2	15	0.067813
19000	0.2	16	0.07093
19000	0.2	23	0.060778
19000	0.2	18	0.063817
19000	0.2	16	0.06745
19000	0.2	15	0.056337
19000	0.2	18	0.060637
19000	0.2	20	0.062281
19000	0.2	16	0.062455
19000	0.2	20	0.063103
19000	0.2	14	0.07667
19000	0.2	17	0.067858
19000	0.2	16	0.06264
19000	0.2	18	0.058743
19000	0.2	20	0.067466
19000	0.2	17	0.068034
19000	0.2	22	0.067278
19000	0.2	20	0.060707

20000	0.2	19	0.064199
20000	0.2	19	0.075788
20000	0.2	21	0.067872
20000	0.2	16	0.066961
20000	0.2	15	0.069757
20000	0.2	22	0.061532
20000	0.2	17	0.069586
20000	0.2	20	0.062016
20000	0.2	17	0.067922
20000	0.2	16	0.068219
20000	0.2	19	0.065824
20000	0.2	22	0.064208
20000	0.2	17	0.096032
20000	0.2	17	0.136991
20000	0.2	17	0.072343
20000	0.2	16	0.068832
20000	0.2	20	0.062668
20000	0.2	18	0.082469
20000	0.2	21	0.092757
20000	0.2	19	0.069689
20000	0.2	18	0.073954
20000	0.2	16	0.071272
20000	0.2	15	0.065763
20000	0.2	22	0.064252
20000	0.2	16	0.070524
20000	0.2	14	0.069301
20000	0.2	16	0.072384
20000	0.2	18	0.067401
20000	0.2	15	0.080334
20000	0.2	16	0.066507

21000	0.2	14	0.085461
21000	0.2	10	0.094887
21000	0.2	17	0.136322
21000	0.2	16	0.129668
21000	0.2	15	0.120062
21000	0.2	17	0.103644
21000	0.2	17	0.077772
21000	0.2	16	0.076479
21000	0.2	19	0.075419
21000	0.2	15	0.070824
21000	0.2	18	0.081931
21000	0.2	18	0.071391
21000	0.2	17	0.074631
21000	0.2	15	0.092433
21000	0.2	11	0.100524
21000	0.2	18	0.098385
21000	0.2	18	0.142491
21000	0.2	17	0.076476
21000	0.2	21	0.068314
21000	0.2	18	0.080662
21000	0.2	16	0.069913
21000	0.2	17	0.083418
21000	0.2	17	0.070109
21000	0.2	17	0.074772
21000	0.2	20	0.067616
21000	0.2	21	0.072605
21000	0.2	16	0.076408
21000	0.2	13	0.093841
21000	0.2	15	0.082886
21000	0.2	16	0.072251

22000	0.2	18	0.091714
22000	0.2	18	0.072027
22000	0.2	20	0.078807
22000	0.2	17	0.080641
22000	0.2	19	0.090126
22000	0.2	17	0.15278
22000	0.2	18	0.077984
22000	0.2	15	0.104557
22000	0.2	16	0.075397
22000	0.2	21	0.073648
22000	0.2	16	0.104049
22000	0.2	18	0.128851
22000	0.2	20	0.143542
22000	0.2	17	0.114588
22000	0.2	20	0.098973
22000	0.2	18	0.098616
22000	0.2	18	0.143108
22000	0.2	17	0.077227
22000	0.2	19	0.073854
22000	0.2	18	0.084078
22000	0.2	19	0.136874
22000	0.2	16	0.075614
22000	0.2	19	0.083348
22000	0.2	16	0.084885
22000	0.2	15	0.124912
22000	0.2	19	0.098569
22000	0.2	21	0.110988
22000	0.2	18	0.141925
22000	0.2	16	0.078375
22000	0.2	18	0.080268

23000	0.2	16	0.105841
23000	0.2	19	0.145758
23000	0.2	19	0.151666
23000	0.2	14	0.159845
23000	0.2	20	0.079852
23000	0.2	17	0.126913
23000	0.2	16	0.150618
23000	0.2	17	0.167726
23000	0.2	22	0.143737
23000	0.2	16	0.096173
23000	0.2	19	0.106373
23000	0.2	19	0.082881
23000	0.2	17	0.087915
23000	0.2	19	0.09358
23000	0.2	12	0.105081
23000	0.2	16	0.096351
23000	0.2	22	0.081531
23000	0.2	15	0.093458
23000	0.2	15	0.083925
23000	0.2	22	0.077284
23000	0.2	18	0.086446
23000	0.2	18	0.094452
23000	0.2	13	0.092053
23000	0.2	23	0.081224
23000	0.2	18	0.085927
23000	0.2	19	0.079906
23000	0.2	17	0.08431
23000	0.2	19	0.088328
23000	0.2	18	0.088731
23000	0.2	20	0.100843

24000	0.2	19	0.09014
24000	0.2	16	0.106423
24000	0.2	21	0.084612
24000	0.2	18	0.083584
24000	0.2	14	0.112613
24000	0.2	15	0.101821
24000	0.2	14	0.132286
24000	0.2	16	0.094734
24000	0.2	15	0.101174
24000	0.2	21	0.091121
24000	0.2	20	0.092204
24000	0.2	17	0.100766
24000	0.2	21	0.090712
24000	0.2	19	0.099276
24000	0.2	18	0.095046
24000	0.2	19	0.10696
24000	0.2	22	0.120893
24000	0.2	13	0.162398
24000	0.2	17	0.092388
24000	0.2	19	0.092307
24000	0.2	18	0.093705
24000	0.2	19	0.092406
24000	0.2	18	0.088898
24000	0.2	20	0.081412
24000	0.2	16	0.11582
24000	0.2	17	0.104797
24000	0.2	16	0.101947
24000	0.2	23	0.082411
24000	0.2	20	0.09444
24000	0.2	18	0.096494

25000	0.2	22	0.097178
25000	0.2	13	0.116458
25000	0.2	16	0.147428
25000	0.2	22	0.162565
25000	0.2	12	0.126309
25000	0.2	20	0.088975
25000	0.2	19	0.103662
25000	0.2	16	0.099304
25000	0.2	19	0.093257
25000	0.2	19	0.096456
25000	0.2	20	0.103651
25000	0.2	12	0.107909
25000	0.2	18	0.105064
25000	0.2	20	0.097454
25000	0.2	20	0.100611
25000	0.2	15	0.093704
25000	0.2	17	0.121394
25000	0.2	21	0.094492
25000	0.2	18	0.094116
25000	0.2	17	0.106985
25000	0.2	19	0.10846
25000	0.2	20	0.0992
25000	0.2	19	0.094731
25000	0.2	21	0.111047
25000	0.2	19	0.092107
25000	0.2	14	0.122815
25000	0.2	17	0.090282
25000	0.2	18	0.10207
25000	0.2	17	0.114183
25000	0.2	17	0.102205

26000	0.2	22	0.101059
26000	0.2	18	0.111359
26000	0.2	19	0.099184
26000	0.2	19	0.100611
26000	0.2	13	0.107034
26000	0.2	21	0.110862
26000	0.2	20	0.098894
26000	0.2	18	0.102897
26000	0.2	21	0.09806
26000	0.2	19	0.114087
26000	0.2	18	0.121849
26000	0.2	18	0.116819
26000	0.2	16	0.103701
26000	0.2	20	0.099528
26000	0.2	22	0.109773
26000	0.2	19	0.109376
26000	0.2	20	0.097661
26000	0.2	19	0.117617
26000	0.2	19	0.116257
26000	0.2	16	0.128468
26000	0.2	16	0.117303
26000	0.2	19	0.111103
26000	0.2	17	0.132542
26000	0.2	17	0.119941
26000	0.2	19	0.120192
26000	0.2	21	0.092305
26000	0.2	17	0.108641
26000	0.2	14	0.104591
26000	0.2	18	0.11939
26000	0.2	11	0.129026

27000	0.2	16	0.160281
27000	0.2	20	0.108047
27000	0.2	16	0.125244
27000	0.2	18	0.117271
27000	0.2	21	0.110612
27000	0.2	21	0.106853
27000	0.2	14	0.135517
27000	0.2	19	0.129717
27000	0.2	21	0.114727
27000	0.2	20	0.118645
27000	0.2	16	0.125157
27000	0.2	19	0.105888
27000	0.2	21	0.102503
27000	0.2	14	0.136347
27000	0.2	16	0.144579
27000	0.2	20	0.104031
27000	0.2	18	0.118809
27000	0.2	17	0.117883
27000	0.2	16	0.12862
27000	0.2	19	0.107489
27000	0.2	22	0.099705
27000	0.2	21	0.106554
27000	0.2	19	0.103361
27000	0.2	16	0.143602
27000	0.2	17	0.115978
27000	0.2	21	0.100741
27000	0.2	22	0.110117
27000	0.2	20	0.109637
27000	0.2	21	0.096052
27000	0.2	14	0.114548

28000	0.2	16	0.194375
28000	0.2	19	0.130428
28000	0.2	13	0.16113
28000	0.2	16	0.139629
28000	0.2	20	0.127831
28000	0.2	19	0.121776
28000	0.2	18	0.1119
28000	0.2	19	0.116935
28000	0.2	17	0.13755
28000	0.2	21	0.118635
28000	0.2	17	0.121765
28000	0.2	17	0.12152
28000	0.2	20	0.122675
28000	0.2	24	0.113723
28000	0.2	20	0.109405
28000	0.2	24	0.111073
28000	0.2	15	0.126587
28000	0.2	20	0.13297
28000	0.2	19	0.131732
28000	0.2	17	0.135981
28000	0.2	18	0.13003
28000	0.2	18	0.114518
28000	0.2	20	0.142826
28000	0.2	19	0.135186
28000	0.2	20	0.113752
28000	0.2	20	0.12378
28000	0.2	15	0.131927
28000	0.2	17	0.145734
28000	0.2	21	0.116677
28000	0.2	19	0.128331

29000	0.2	12	0.145316
29000	0.2	22	0.130613
29000	0.2	19	0.138632
29000	0.2	18	0.130688
29000	0.2	17	0.143091
29000	0.2	20	0.147955
29000	0.2	14	0.157813
29000	0.2	20	0.116678
29000	0.2	20	0.160783
29000	0.2	15	0.149485
29000	0.2	16	0.146298
29000	0.2	16	0.139943
29000	0.2	20	0.112567
29000	0.2	19	0.150264
29000	0.2	20	0.133282
29000	0.2	19	0.121309
29000	0.2	18	0.129313
29000	0.2	14	0.170018
29000	0.2	21	0.115115
29000	0.2	19	0.145958
29000	0.2	18	0.126817
29000	0.2	20	0.120786
29000	0.2	17	0.1546
29000	0.2	17	0.140934
29000	0.2	17	0.180506
29000	0.2	15	0.121818
29000	0.2	18	0.126417
29000	0.2	20	0.123647
29000	0.2	16	0.170514
29000	0.2	18	0.12964

30000	0.2	18	0.140008
30000	0.2	19	0.132014
30000	0.2	20	0.130289
30000	0.2	20	0.131744
30000	0.2	16	0.124913
30000	0.2	19	0.154878
30000	0.2	20	0.141799
30000	0.2	18	0.141072
30000	0.2	18	0.143468
30000	0.2	20	0.132909
30000	0.2	21	0.147896
30000	0.2	18	0.150618
30000	0.2	20	0.141708
30000	0.2	15	0.193261
30000	0.2	20	0.18032
30000	0.2	22	0.1363
30000	0.2	17	0.196065
30000	0.2	18	0.176083
30000	0.2	17	0.165485
30000	0.2	23	0.195983
30000	0.2	16	0.199468
30000	0.2	19	0.141175
30000	0.2	17	0.142783
30000	0.2	19	0.175031
30000	0.2	19	0.218054
30000	0.2	19	0.191768
30000	0.2	21	0.208991
30000	0.2	21	0.21735
30000	0.2	23	0.129908
30000	0.2	20	0.133437

