1000	0.1	32	0.001196
1000	0.1	37	0.00117
1000	0.1	43	0.001097
1000	0.1	34	0.001159
1000	0.1	31	0.001192
1000	0.1	27	0.001153
1000	0.1	37	0.00116
1000	0.1	34	0.001093
1000	0.1	36	0.001112
1000	0.1	29	0.001104
1000	0.1	30	0.001161
1000	0.1	32	0.00107
1000	0.1	33	0.001224
1000	0.1	27	0.001183
1000	0.1	25	0.001129
1000	0.1	28	0.00116
1000	0.1	37	0.002073
1000	0.1	36	0.002067
1000	0.1	32	0.001925
1000	0.1	32	0.001115
1000	0.1	28	0.002103
1000	0.1	32	0.001913
1000	0.1	29	0.001772
1000	0.1	26	0.001762
1000	0.1	29	0.001222
1000	0.1	32	0.001197
1000	0.1	29	0.001263
1000	0.1	34	0.001197
1000	0.1	32	0.001139
1000	0.1	33	0.001093

2000	0.1	35	0.002507
2000	0.1	40	0.002365
2000	0.1	42	0.002428
2000	0.1	39	0.002378
2000	0.1	44	0.002191
2000	0.1	44	0.00218
2000	0.1	30	0.002323
2000	0.1	40	0.002231
2000	0.1	33	0.002186
2000	0.1	39	0.002358
2000	0.1	36	0.002198
2000	0.1	47	0.002229
2000	0.1	36	0.002354
2000	0.1	38	0.002366
2000	0.1	37	0.002255
2000	0.1	39	0.002168
2000	0.1	47	0.002188
2000	0.1	38	0.002312
2000	0.1	32	0.004124
2000	0.1	44	0.002306
2000	0.1	41	0.002193
2000	0.1	42	0.002235
2000	0.1	42	0.002276
2000	0.1	38	0.00242
2000	0.1	43	0.002353
2000	0.1	40	0.002228
2000	0.1	41	0.002177
2000	0.1	47	0.002296
2000	0.1	34	0.002276
2000	0.1	39	0.002315

3000	0.1	40	0.012151
3000	0.1	47	0.003634
3000	0.1	50	0.003383
3000	0.1	40	0.003688
3000	0.1	43	0.003721
3000	0.1	51	0.003591
3000	0.1	38	0.003664
3000	0.1	42	0.003669
3000	0.1	45	0.003637
3000	0.1	42	0.003807
3000	0.1	39	0.003949
3000	0.1	33	0.004045
3000	0.1	46	0.003718
3000	0.1	42	0.003722
3000	0.1	36	0.006934
3000	0.1	46	0.003835
3000	0.1	45	0.00375
3000	0.1	40	0.003702
3000	0.1	46	0.006387
3000	0.1	45	0.003666
3000	0.1	45	0.00376
3000	0.1	49	0.004588
3000	0.1	42	0.003793
3000	0.1	43	0.003649
3000	0.1	44	0.003725
3000	0.1	46	0.003683
3000	0.1	49	0.003667
3000	0.1	44	0.003472
3000	0.1	43	0.003846
3000	0.1	43	0.003663

4000	0.1	43	0.004916
4000	0.1	43	0.005188
4000	0.1	38	0.005236
4000	0.1	54	0.0049
4000	0.1	49	0.004883
4000	0.1	47	0.004885
4000	0.1	50	0.004671
4000	0.1	44	0.005247
4000	0.1	46	0.004824
4000	0.1	49	0.007619
4000	0.1	32	0.008821
4000	0.1	45	0.009158
4000	0.1	44	0.008636
4000	0.1	48	0.007824
4000	0.1	45	0.00494
4000	0.1	48	0.005114
4000	0.1	41	0.005278
4000	0.1	51	0.004822
4000	0.1	39	0.017975
4000	0.1	51	0.009493
4000	0.1	45	0.008832
4000	0.1	40	0.008803
4000	0.1	50	0.007916
4000	0.1	52	0.005671
4000	0.1	46	0.012863
4000	0.1	49	0.005011
4000	0.1	46	0.005014
4000	0.1	49	0.00516
4000	0.1	50	0.004789
4000	0.1	51	0.004983

5000	0.1	48	0.006476
5000	0.1	57	0.017659
5000	0.1	52	0.006726
5000	0.1	46	0.006612
5000	0.1	43	0.00641
5000	0.1	45	0.006655
5000	0.1	46	0.006646
5000	0.1	49	0.006828
5000	0.1	54	0.006255
5000	0.1	55	0.006192
5000	0.1	54	0.006356
5000	0.1	55	0.006177
5000	0.1	53	0.006191
5000	0.1	42	0.01891
5000	0.1	56	0.013895
5000	0.1	45	0.013381
5000	0.1	49	0.011147
5000	0.1	51	0.010458
5000	0.1	54	0.006814
5000	0.1	46	0.01921
5000	0.1	54	0.016705
5000	0.1	43	0.01445
5000	0.1	44	0.015113
5000	0.1	52	0.011633
5000	0.1	48	0.011332
5000	0.1	50	0.021533
5000	0.1	52	0.015971
5000	0.1	52	0.013263
5000	0.1	55	0.006334
5000	0.1	42	0.007082

6000	0.1	50	0.008313
6000	0.1	57	0.007904
6000	0.1	41	0.008527
6000	0.1	42	0.015229
6000	0.1	51	0.013344
6000	0.1	51	0.008812
6000	0.1	46	0.00842
6000	0.1	49	0.00799
6000	0.1	52	0.008132
6000	0.1	50	0.007774
6000	0.1	42	0.008168
6000	0.1	58	0.007722
6000	0.1	49	0.008425
6000	0.1	53	0.008235
6000	0.1	50	0.007615
6000	0.1	49	0.008059
6000	0.1	50	0.008323
6000	0.1	55	0.008513
6000	0.1	57	0.007387
6000	0.1	51	0.008199
6000	0.1	48	0.025622
6000	0.1	47	0.020815
6000	0.1	56	0.016736
6000	0.1	50	0.015724
6000	0.1	54	0.00782
6000	0.1	56	0.007973
6000	0.1	49	0.008082
6000	0.1	41	0.008057
6000	0.1	40	0.008105
6000	0.1	51	0.007787

7000	0.1	53	0.009802
7000	0.1	57	0.009413
7000	0.1	38	0.011133
7000	0.1	47	0.010146
7000	0.1	53	0.00973
7000	0.1	54	0.008902
7000	0.1	50	0.00941
7000	0.1	60	0.009371
7000	0.1	48	0.009731
7000	0.1	34	0.011293
7000	0.1	55	0.009389
7000	0.1	45	0.01074
7000	0.1	50	0.009363
7000	0.1	52	0.009483
7000	0.1	58	0.00933
7000	0.1	58	0.009386
7000	0.1	51	0.009535
7000	0.1	67	0.009131
7000	0.1	61	0.009329
7000	0.1	57	0.009585
7000	0.1	46	0.009622
7000	0.1	59	0.009332
7000	0.1	41	0.009893
7000	0.1	50	0.010064
7000	0.1	55	0.009568
7000	0.1	60	0.018885
7000	0.1	52	0.025518
7000	0.1	38	0.020838
7000	0.1	42	0.01801
7000	0.1	52	0.015641

8000	0.1	48	0.012105
8000	0.1	49	0.011572
8000	0.1	56	0.010961
8000	0.1	56	0.011343
8000	0.1	60	0.010772
8000	0.1	52	0.011548
8000	0.1	47	0.011374
8000	0.1	55	0.011015
8000	0.1	52	0.011238
8000	0.1	46	0.012807
8000	0.1	56	0.011103
8000	0.1	57	0.01099
8000	0.1	54	0.011657
8000	0.1	40	0.02846
8000	0.1	60	0.011381
8000	0.1	55	0.011012
8000	0.1	56	0.011763
8000	0.1	53	0.032635
8000	0.1	49	0.026248
8000	0.1	55	0.021354
8000	0.1	39	0.021455
8000	0.1	57	0.011237
8000	0.1	62	0.018105
8000	0.1	57	0.011845
8000	0.1	52	0.01137
8000	0.1	49	0.011793
8000	0.1	52	0.012318
8000	0.1	51	0.011757
8000	0.1	54	0.01176
8000	0.1	46	0.012211

9000	0.1	58	0.013881
9000	0.1	56	0.013342
9000	0.1	45	0.01314
9000	0.1	58	0.012865
9000	0.1	42	0.0157
9000	0.1	58	0.012388
9000	0.1	60	0.01252
9000	0.1	59	0.013134
9000	0.1	54	0.012999
9000	0.1	45	0.040299
9000	0.1	55	0.023298
9000	0.1	54	0.018839
9000	0.1	53	0.014259
9000	0.1	51	0.014003
9000	0.1	56	0.013024
9000	0.1	53	0.013455
9000	0.1	49	0.014464
9000	0.1	66	0.012037
9000	0.1	57	0.013218
9000	0.1	43	0.014466
9000	0.1	57	0.013195
9000	0.1	53	0.01361
9000	0.1	51	0.013321
9000	0.1	46	0.014107
9000	0.1	50	0.014184
9000	0.1	50	0.013637
9000	0.1	56	0.013629
9000	0.1	57	0.013237
9000	0.1	52	0.01381
9000	0.1	49	0.013804

10000	0.1	58	0.015858
10000	0.1	59	0.015286
10000	0.1	52	0.015704
10000	0.1	56	0.014403
10000	0.1	52	0.016611
10000	0.1	55	0.016172
10000	0.1	54	0.015573
10000	0.1	52	0.015812
10000	0.1	51	0.025234
10000	0.1	53	0.014783
10000	0.1	53	0.01588
10000	0.1	63	0.01444
10000	0.1	52	0.016372
10000	0.1	55	0.014901
10000	0.1	54	0.015236
10000	0.1	43	0.016354
10000	0.1	52	0.015061
10000	0.1	53	0.016074
10000	0.1	57	0.015399
10000	0.1	61	0.015396
10000	0.1	62	0.015669
10000	0.1	55	0.014847
10000	0.1	59	0.014765
10000	0.1	53	0.016097
10000	0.1	47	0.024742
10000	0.1	53	0.015763
10000	0.1	49	0.015983
10000	0.1	62	0.014801
10000	0.1	59	0.015162
10000	0.1	37	0.016186

11000	0.1	64	0.016952
11000	0.1	59	0.017094
11000	0.1	44	0.020646
11000	0.1	57	0.016938
11000	0.1	63	0.016837
11000	0.1	44	0.019307
11000	0.1	59	0.017122
11000	0.1	51	0.018552
11000	0.1	64	0.015946
11000	0.1	54	0.017847
11000	0.1	57	0.016903
11000	0.1	58	0.016973
11000	0.1	62	0.016524
11000	0.1	56	0.016883
11000	0.1	53	0.017365
11000	0.1	58	0.017695
11000	0.1	48	0.017528
11000	0.1	49	0.018153
11000	0.1	53	0.017666
11000	0.1	61	0.016344
11000	0.1	45	0.019401
11000	0.1	55	0.016573
11000	0.1	55	0.0175
11000	0.1	59	0.016944
11000	0.1	59	0.017224
11000	0.1	61	0.015834
11000	0.1	56	0.017076
11000	0.1	59	0.016451
11000	0.1	58	0.017105
11000	0.1	49	0.018679

12000	0.1	56	0.019498
12000	0.1	57	0.019814
12000	0.1	61	0.018703
12000	0.1	66	0.017916
12000	0.1	67	0.018296
12000	0.1	58	0.018451
12000	0.1	61	0.018542
12000	0.1	47	0.020583
12000	0.1	49	0.021417
12000	0.1	49	0.021056
12000	0.1	59	0.019112
12000	0.1	48	0.020247
12000	0.1	53	0.020419
12000	0.1	61	0.01978
12000	0.1	53	0.032799
12000	0.1	60	0.023059
12000	0.1	61	0.019148
12000	0.1	56	0.020071
12000	0.1	50	0.021637
12000	0.1	49	0.020291
12000	0.1	55	0.019035
12000	0.1	61	0.019355
12000	0.1	55	0.020137
12000	0.1	36	0.026133
12000	0.1	57	0.019074
12000	0.1	54	0.020686
12000	0.1	47	0.019883
12000	0.1	53	0.021002
12000	0.1	56	0.019016
12000	0.1	52	0.019976

13000	0.1	65	0.023045
13000	0.1	57	0.021093
13000	0.1	67	0.020738
13000	0.1	61	0.020653
13000	0.1	56	0.021534
13000	0.1	43	0.024231
13000	0.1	60	0.022165
13000	0.1	59	0.033782
13000	0.1	52	0.023699
13000	0.1	58	0.022842
13000	0.1	55	0.021718
13000	0.1	52	0.025371
13000	0.1	51	0.022474
13000	0.1	53	0.021694
13000	0.1	58	0.022785
13000	0.1	54	0.022486
13000	0.1	56	0.021595
13000	0.1	56	0.023276
13000	0.1	62	0.020008
13000	0.1	55	0.020981
13000	0.1	58	0.020951
13000	0.1	56	0.021263
13000	0.1	55	0.022422
13000	0.1	54	0.035842
13000	0.1	65	0.021582
13000	0.1	55	0.02494
13000	0.1	56	0.021309
13000	0.1	59	0.021936
13000	0.1	58	0.021254
13000	0.1	59	0.02216

14000	0.1	63	0.02402
14000	0.1	61	0.022968
14000	0.1	46	0.02547
14000	0.1	50	0.027412
14000	0.1	56	0.024422
14000	0.1	52	0.026737
14000	0.1	60	0.022884
14000	0.1	60	0.023065
14000	0.1	61	0.023518
14000	0.1	53	0.028004
14000	0.1	57	0.022528
14000	0.1	59	0.024509
14000	0.1	62	0.022959
14000	0.1	46	0.028093
14000	0.1	61	0.023566
14000	0.1	48	0.029439
14000	0.1	57	0.024749
14000	0.1	52	0.025529
14000	0.1	65	0.022576
14000	0.1	66	0.022652
14000	0.1	53	0.024825
14000	0.1	67	0.022677
14000	0.1	57	0.024053
14000	0.1	68	0.022326
14000	0.1	66	0.022071
14000	0.1	61	0.024436
14000	0.1	59	0.023168
14000	0.1	66	0.023
14000	0.1	56	0.025073
14000	0.1	52	0.024532

15000	0.1	57	0.026143
15000	0.1	42	0.029104
15000	0.1	61	0.025564
15000	0.1	53	0.026458
15000	0.1	63	0.025371
15000	0.1	63	0.025852
15000	0.1	55	0.028446
15000	0.1	66	0.025839
15000	0.1	59	0.026278
15000	0.1	61	0.026327
15000	0.1	54	0.033334
15000	0.1	64	0.025416
15000	0.1	69	0.025859
15000	0.1	61	0.025383
15000	0.1	52	0.027329
15000	0.1	59	0.026511
15000	0.1	66	0.027108
15000	0.1	57	0.025832
15000	0.1	63	0.026358
15000	0.1	50	0.028203
15000	0.1	48	0.027028
15000	0.1	64	0.028362
15000	0.1	58	0.027937
15000	0.1	53	0.027533
15000	0.1	64	0.024249
15000	0.1	58	0.027011
15000	0.1	63	0.026705
15000	0.1	39	0.036851
15000	0.1	67	0.024944
15000	0.1	63	0.025815

16000	0.1	67	0.02946
16000	0.1	46	0.032613
16000	0.1	57	0.029813
16000	0.1	57	0.029039
16000	0.1	58	0.028512
16000	0.1	53	0.031023
16000	0.1	67	0.027872
16000	0.1	55	0.030571
16000	0.1	61	0.027541
16000	0.1	66	0.028466
16000	0.1	53	0.02971
16000	0.1	67	0.028086
16000	0.1	66	0.027716
16000	0.1	56	0.029408
16000	0.1	72	0.026834
16000	0.1	63	0.028818
16000	0.1	47	0.034809
16000	0.1	52	0.029576
16000	0.1	62	0.027986
16000	0.1	58	0.030336
16000	0.1	60	0.029875
16000	0.1	65	0.028914
16000	0.1	66	0.030166
16000	0.1	52	0.030697
16000	0.1	40	0.033817
16000	0.1	62	0.029152
16000	0.1	52	0.029811
16000	0.1	64	0.027691
16000	0.1	63	0.028882
16000	0.1	60	0.028913

17000	0.1	59	0.030973
17000	0.1	59	0.031476
17000	0.1	55	0.034039
17000	0.1	63	0.034464
17000	0.1	56	0.033561
17000	0.1	53	0.034102
17000	0.1	56	0.031883
17000	0.1	61	0.03082
17000	0.1	66	0.030363
17000	0.1	65	0.0305
17000	0.1	58	0.032781
17000	0.1	71	0.028993
17000	0.1	61	0.030244
17000	0.1	57	0.03183
17000	0.1	50	0.034587
17000	0.1	65	0.028783
17000	0.1	56	0.032682
17000	0.1	60	0.032912
17000	0.1	64	0.031922
17000	0.1	63	0.031761
17000	0.1	61	0.031617
17000	0.1	63	0.031538
17000	0.1	48	0.034345
17000	0.1	51	0.035952
17000	0.1	64	0.033582
17000	0.1	59	0.032432
17000	0.1	56	0.033357
17000	0.1	57	0.030708
17000	0.1	52	0.033957
17000	0.1	63	0.030434

18000	0.1	60	0.03609
18000	0.1	54	0.035951
18000	0.1	66	0.034261
18000	0.1	56	0.036116
18000	0.1	66	0.032649
18000	0.1	58	0.035015
18000	0.1	63	0.060545
18000	0.1	50	0.044623
18000	0.1	53	0.036469
18000	0.1	66	0.03291
18000	0.1	50	0.036697
18000	0.1	61	0.035064
18000	0.1	56	0.036152
18000	0.1	54	0.036028
18000	0.1	70	0.032676
18000	0.1	46	0.043562
18000	0.1	66	0.033271
18000	0.1	63	0.032151
18000	0.1	54	0.042039
18000	0.1	64	0.032448
18000	0.1	45	0.041754
18000	0.1	68	0.031554
18000	0.1	51	0.037566
18000	0.1	62	0.033613
18000	0.1	61	0.034376
18000	0.1	58	0.03592
18000	0.1	60	0.033182
18000	0.1	62	0.034888
18000	0.1	51	0.04046
18000	0.1	62	0.035508

19000	0.1	53	0.046174
19000	0.1	55	0.039117
19000	0.1	64	0.037311
19000	0.1	50	0.04205
19000	0.1	51	0.041418
19000	0.1	56	0.041616
19000	0.1	60	0.036135
19000	0.1	64	0.036979
19000	0.1	63	0.037167
19000	0.1	65	0.037592
19000	0.1	63	0.037645
19000	0.1	65	0.035967
19000	0.1	63	0.041252
19000	0.1	55	0.0415
19000	0.1	69	0.035716
19000	0.1	62	0.037464
19000	0.1	57	0.040067
19000	0.1	54	0.039997
19000	0.1	60	0.038161
19000	0.1	65	0.036522
19000	0.1	53	0.041439
19000	0.1	66	0.037511
19000	0.1	49	0.044208
19000	0.1	59	0.041308
19000	0.1	56	0.039663
19000	0.1	62	0.036263
19000	0.1	62	0.038001
19000	0.1	57	0.039923
19000	0.1	67	0.035438
19000	0.1	60	0.038334

20000	0.1	59	0.04092
20000	0.1	57	0.04395
20000	0.1	66	0.038081
20000	0.1	57	0.04409
20000	0.1	61	0.044685
20000	0.1	68	0.039168
20000	0.1	56	0.041561
20000	0.1	65	0.039079
20000	0.1	63	0.041
20000	0.1	59	0.039786
20000	0.1	67	0.036472
20000	0.1	69	0.039328
20000	0.1	57	0.041895
20000	0.1	58	0.04068
20000	0.1	55	0.044056
20000	0.1	56	0.044892
20000	0.1	65	0.038498
20000	0.1	61	0.042162
20000	0.1	64	0.039426
20000	0.1	66	0.041185
20000	0.1	64	0.041434
20000	0.1	57	0.04319
20000	0.1	61	0.043527
20000	0.1	74	0.038438
20000	0.1	53	0.043658
20000	0.1	54	0.045522
20000	0.1	52	0.043932
20000	0.1	58	0.04059
20000	0.1	57	0.0458
20000	0.1	58	0.042067

21000	0.1	49	0.057618
21000	0.1	42	0.053671
21000	0.1	66	0.044349
21000	0.1	62	0.044141
21000	0.1	55	0.047461
21000	0.1	53	0.057156
21000	0.1	55	0.049745
21000	0.1	53	0.046733
21000	0.1	66	0.045771
21000	0.1	54	0.048184
21000	0.1	65	0.045302
21000	0.1	60	0.043872
21000	0.1	52	0.045993
21000	0.1	55	0.046142
21000	0.1	43	0.056754
21000	0.1	57	0.043444
21000	0.1	64	0.042255
21000	0.1	59	0.044359
21000	0.1	68	0.041239
21000	0.1	62	0.044981
21000	0.1	63	0.043519
21000	0.1	54	0.04645
21000	0.1	59	0.043896
21000	0.1	52	0.049853
21000	0.1	71	0.040561
21000	0.1	67	0.040737
21000	0.1	50	0.048213
21000	0.1	48	0.057214
21000	0.1	50	0.05822
21000	0.1	52	0.048317

22000	0.1	63	0.051765
22000	0.1	68	0.043382
22000	0.1	66	0.045432
22000	0.1	64	0.046714
22000	0.1	64	0.05115
22000	0.1	55	0.050356
22000	0.1	65	0.045591
22000	0.1	49	0.05753
22000	0.1	55	0.049204
22000	0.1	72	0.044266
22000	0.1	54	0.054071
22000	0.1	54	0.049722
22000	0.1	63	0.046379
22000	0.1	60	0.05038
22000	0.1	61	0.045431
22000	0.1	56	0.04802
22000	0.1	57	0.048649
22000	0.1	61	0.04508
22000	0.1	64	0.044354
22000	0.1	64	0.050257
22000	0.1	64	0.044451
22000	0.1	57	0.051234
22000	0.1	62	0.048959
22000	0.1	58	0.050751
22000	0.1	53	0.057754
22000	0.1	63	0.046871
22000	0.1	68	0.044379
22000	0.1	60	0.047388
22000	0.1	62	0.046434
22000	0.1	61	0.048919

23000	0.1	63	0.048961
23000	0.1	65	0.049353
23000	0.1	62	0.049059
23000	0.1	53	0.061305
23000	0.1	65	0.048013
23000	0.1	58	0.054049
23000	0.1	57	0.052112
23000	0.1	54	0.05645
23000	0.1	66	0.046617
23000	0.1	49	0.056566
23000	0.1	61	0.053649
23000	0.1	63	0.051425
23000	0.1	61	0.053526
23000	0.1	60	0.053253
23000	0.1	50	0.064682
23000	0.1	61	0.054592
23000	0.1	66	0.047972
23000	0.1	55	0.054753
23000	0.1	54	0.05502
23000	0.1	68	0.047427
23000	0.1	62	0.05027
23000	0.1	54	0.057876
23000	0.1	47	0.060771
23000	0.1	71	0.048424
23000	0.1	60	0.050538
23000	0.1	61	0.049848
23000	0.1	59	0.0505
23000	0.1	67	0.05183
23000	0.1	58	0.056155
23000	0.1	68	0.056223

24000	0.1	70	0.053036
24000	0.1	52	0.062887
24000	0.1	68	0.049604
24000	0.1	63	0.049628
24000	0.1	54	0.064082
24000	0.1	51	0.0612
24000	0.1	51	0.071607
24000	0.1	59	0.056414
24000	0.1	56	0.06044
24000	0.1	75	0.051942
24000	0.1	60	0.053628
24000	0.1	52	0.05841
24000	0.1	64	0.054044
24000	0.1	66	0.056351
24000	0.1	60	0.056258
24000	0.1	60	0.058617
24000	0.1	74	0.050403
24000	0.1	51	0.063369
24000	0.1	61	0.052492
24000	0.1	64	0.051265
24000	0.1	61	0.054115
24000	0.1	67	0.054069
24000	0.1	64	0.051444
24000	0.1	62	0.054894
24000	0.1	57	0.063506
24000	0.1	61	0.059704
24000	0.1	59	0.058272
24000	0.1	69	0.047713
24000	0.1	62	0.054674
24000	0.1	56	0.058547

25000	0.1	74	0.055453
25000	0.1	42	0.071159
25000	0.1	51	0.065132
25000	0.1	68	0.055924
25000	0.1	46	0.073444
25000	0.1	70	0.053761
25000	0.1	65	0.056505
25000	0.1	61	0.060203
25000	0.1	65	0.058058
25000	0.1	66	0.055022
25000	0.1	66	0.055641
25000	0.1	42	0.072788
25000	0.1	60	0.063772
25000	0.1	64	0.058838
25000	0.1	60	0.058188
25000	0.1	54	0.06467
25000	0.1	60	0.062403
25000	0.1	67	0.053998
25000	0.1	66	0.0574
25000	0.1	56	0.061319
25000	0.1	68	0.059477
25000	0.1	67	0.056598
25000	0.1	65	0.057845
25000	0.1	68	0.058976
25000	0.1	73	0.051745
25000	0.1	51	0.065258
25000	0.1	64	0.056296
25000	0.1	63	0.057517
25000	0.1	54	0.064551
25000	0.1	59	0.059057

26000	0.1	70	0.058533
26000	0.1	62	0.061179
26000	0.1	61	0.060266
26000	0.1	69	0.061276
26000	0.1	51	0.069081
26000	0.1	72	0.062922
26000	0.1	67	0.060293
26000	0.1	61	0.061673
26000	0.1	71	0.056367
26000	0.1	64	0.061157
26000	0.1	64	0.064041
26000	0.1	58	0.066115
26000	0.1	57	0.063498
26000	0.1	68	0.126493
26000	0.1	68	0.129816
26000	0.1	66	0.060473
26000	0.1	67	0.059419
26000	0.1	69	0.061064
26000	0.1	66	0.064395
26000	0.1	56	0.07021
26000	0.1	59	0.062076
26000	0.1	64	0.060965
26000	0.1	64	0.06482
26000	0.1	59	0.06774
26000	0.1	60	0.062201
26000	0.1	67	0.0568
26000	0.1	59	0.062803
26000	0.1	53	0.06172
26000	0.1	59	0.067116
26000	0.1	42	0.078092

27000	0.1	52	0.084848
27000	0.1	68	0.062761
27000	0.1	58	0.064696
27000	0.1	50	0.070002
27000	0.1	69	0.062503
27000	0.1	67	0.063335
27000	0.1	53	0.080132
27000	0.1	63	0.067975
27000	0.1	70	0.064536
27000	0.1	63	0.065518
27000	0.1	58	0.071009
27000	0.1	60	0.065063
27000	0.1	61	0.065666
27000	0.1	57	0.076333
27000	0.1	53	0.077623
27000	0.1	70	0.061699
27000	0.1	63	0.065629
27000	0.1	56	0.069704
27000	0.1	48	0.078615
27000	0.1	63	0.064298
27000	0.1	74	0.058789
27000	0.1	73	0.060758
27000	0.1	68	0.060306
27000	0.1	55	0.079738
27000	0.1	63	0.064419
27000	0.1	68	0.06213
27000	0.1	70	0.060234
27000	0.1	65	0.065099
27000	0.1	69	0.057734
27000	0.1	58	0.067322

28000	0.1	51	0.101125
28000	0.1	62	0.069566
28000	0.1	53	0.078137
28000	0.1	58	0.072439
28000	0.1	64	0.067406
28000	0.1	67	0.06832
28000	0.1	66	0.064912
28000	0.1	70	0.065513
28000	0.1	53	0.076073
28000	0.1	69	0.066801
28000	0.1	66	0.06733
28000	0.1	59	0.067735
28000	0.1	67	0.068735
28000	0.1	71	0.066088
28000	0.1	71	0.064366
28000	0.1	70	0.065191
28000	0.1	55	0.070446
28000	0.1	62	0.071873
28000	0.1	64	0.068313
28000	0.1	62	0.072581
28000	0.1	64	0.068252
28000	0.1	65	0.068103
28000	0.1	67	0.070826
28000	0.1	62	0.071403
28000	0.1	62	0.06894
28000	0.1	67	0.064273
28000	0.1	61	0.071987
28000	0.1	58	0.080861
28000	0.1	73	0.064146
28000	0.1	61	0.070797

29000	0.1	52	0.082883
29000	0.1	76	0.06825
29000	0.1	64	0.072713
29000	0.1	62	0.073465
29000	0.1	67	0.076823
29000	0.1	63	0.124084
29000	0.1	53	0.092447
29000	0.1	70	0.072251
29000	0.1	64	0.079245
29000	0.1	62	0.081949
29000	0.1	53	0.08129
29000	0.1	55	0.076643
29000	0.1	69	0.069554
29000	0.1	63	0.077777
29000	0.1	69	0.070527
29000	0.1	68	0.070122
29000	0.1	65	0.07358
29000	0.1	50	0.08939
29000	0.1	72	0.073677
29000	0.1	64	0.074819
29000	0.1	69	0.071439
29000	0.1	73	0.068697
29000	0.1	63	0.077878
29000	0.1	60	0.076922
29000	0.1	54	0.09168
29000	0.1	58	0.085063
29000	0.1	62	0.071233
29000	0.1	62	0.07729
29000	0.1	57	0.08414
29000	0.1	61	0.07247

30000	0.1	62	0.078945
30000	0.1	63	0.073941
30000	0.1	72	0.071302
30000	0.1	70	0.071751
30000	0.1	67	0.070684
30000	0.1	65	0.077556
30000	0.1	71	0.076835
30000	0.1	61	0.078753
30000	0.1	68	0.074199
30000	0.1	65	0.072214
30000	0.1	66	0.076655
30000	0.1	66	0.079706
30000	0.1	73	0.073047
30000	0.1	55	0.094518
30000	0.1	68	0.074137
30000	0.1	70	0.077171
30000	0.1	56	0.080773
30000	0.1	59	0.077486
30000	0.1	58	0.0861
30000	0.1	76	0.069619
30000	0.1	57	0.088513
30000	0.1	65	0.075027
30000	0.1	62	0.080738
30000	0.1	61	0.075934
30000	0.1	67	0.081909
30000	0.1	61	0.075046
30000	0.1	64	0.075773
30000	0.1	71	0.080478
30000	0.1	76	0.069804
30000	0.1	72	0.077662

