1000	0.15	28	0.001425
1000	0.15	25	0.001162
1000	0.15	25	0.001121
1000	0.15	26	0.00112
1000	0.15	27	0.001268
1000	0.15	28	0.001124
1000	0.15	27	0.001138
1000	0.15	26	0.001281
1000	0.15	26	0.001171
1000	0.15	27	0.001132
1000	0.15	28	0.00117
1000	0.15	23	0.001129
1000	0.15	28	0.001132
1000	0.15	28	0.00116
1000	0.15	25	0.001222
1000	0.15	26	0.001145
1000	0.15	27	0.001173
1000	0.15	26	0.001169
1000	0.15	28	0.001129
1000	0.15	27	0.001183
1000	0.15	26	0.001127
1000	0.15	27	0.001127
1000	0.15	27	0.003569
1000	0.15	22	0.001139
1000	0.15	27	0.001179
1000	0.15	27	0.001133
1000	0.15	25	0.001167
1000	0.15	26	0.001131
1000	0.15	24	0.001133
1000	0.15	25	0.001177

2000	0.15	31	0.002313
2000	0.15	35	0.002263
2000	0.15	28	0.002252
2000	0.15	27	0.002245
2000	0.15	28	0.002259
2000	0.15	31	0.002253
2000	0.15	30	0.008154
2000	0.15	30	0.002264
2000	0.15	30	0.002432
2000	0.15	31	0.002259
2000	0.15	31	0.002309
2000	0.15	30	0.002302
2000	0.15	32	0.002376
2000	0.15	30	0.00228
2000	0.15	29	0.002981
2000	0.15	30	0.002356
2000	0.15	32	0.002318
2000	0.15	29	0.002269
2000	0.15	26	0.002297
2000	0.15	31	0.002291
2000	0.15	28	0.002269
2000	0.15	31	0.002281
2000	0.15	29	0.002388
2000	0.15	30	0.003557
2000	0.15	31	0.002283
2000	0.15	30	0.002325
2000	0.15	30	0.002294
2000	0.15	28	0.002314
2000	0.15	29	0.002466
2000	0.15	29	0.002266

3000	0.15	33	0.003542
3000	0.15	31	0.003603
3000	0.15	31	0.003525
3000	0.15	30	0.003584
3000	0.15	31	0.003544
3000	0.15	29	0.003518
3000	0.15	31	0.003796
3000	0.15	31	0.003625
3000	0.15	33	0.003558
3000	0.15	32	0.003553
3000	0.15	30	0.003742
3000	0.15	34	0.003569
3000	0.15	36	0.003552
3000	0.15	31	0.003506
3000	0.15	32	0.003577
3000	0.15	32	0.003592
3000	0.15	31	0.003555
3000	0.15	32	0.003541
3000	0.15	33	0.003584
3000	0.15	30	0.003544
3000	0.15	33	0.003952
3000	0.15	31	0.007436
3000	0.15	29	0.003547
3000	0.15	31	0.003609
3000	0.15	33	0.003557
3000	0.15	31	0.00356
3000	0.15	33	0.003664
3000	0.15	33	0.003553
3000	0.15	33	0.003546
3000	0.15	29	0.003563

4000	0.15	35	0.004995
4000	0.15	31	0.005123
4000	0.15	34	0.016854
4000	0.15	31	0.004991
4000	0.15	32	0.004953
4000	0.15	34	0.004971
4000	0.15	36	0.007697
4000	0.15	33	0.004988
4000	0.15	34	0.005012
4000	0.15	35	0.005041
4000	0.15	36	0.004954
4000	0.15	34	0.005032
4000	0.15	36	0.004981
4000	0.15	35	0.004975
4000	0.15	34	0.005124
4000	0.15	34	0.005033
4000	0.15	34	0.004965
4000	0.15	34	0.005106
4000	0.15	31	0.004989
4000	0.15	34	0.005129
4000	0.15	35	0.00503
4000	0.15	32	0.00503
4000	0.15	30	0.008596
4000	0.15	33	0.00499
4000	0.15	33	0.005001
4000	0.15	30	0.005338
4000	0.15	34	0.005058
4000	0.15	35	0.005031
4000	0.15	35	0.005001
4000	0.15	33	0.005025

5000	0.15	33	0.00694
5000	0.15	34	0.006484
5000	0.15	36	0.006585
5000	0.15	33	0.006572
5000	0.15	36	0.006509
5000	0.15	33	0.006565
5000	0.15	35	0.006876
5000	0.15	35	0.006519
5000	0.15	35	0.006567
5000	0.15	36	0.006572
5000	0.15	36	0.006511
5000	0.15	33	0.006589
5000	0.15	36	0.006593
5000	0.15	33	0.006969
5000	0.15	35	0.006602
5000	0.15	36	0.006655
5000	0.15	35	0.006528
5000	0.15	36	0.006581
5000	0.15	33	0.011209
5000	0.15	36	0.006623
5000	0.15	35	0.013876
5000	0.15	33	0.00656
5000	0.15	33	0.006581
5000	0.15	35	0.006704
5000	0.15	36	0.006521
5000	0.15	35	0.006537
5000	0.15	34	0.006709
5000	0.15	37	0.00659
5000	0.15	34	0.006581
5000	0.15	34	0.006697

6000	0.15	37	0.008775
6000	0.15	36	0.008225
6000	0.15	37	0.008312
6000	0.15	35	0.02825
6000	0.15	35	0.008301
6000	0.15	35	0.008242
6000	0.15	34	0.008318
6000	0.15	37	0.008262
6000	0.15	34	0.008415
6000	0.15	38	0.008399
6000	0.15	34	0.008144
6000	0.15	36	0.008358
6000	0.15	36	0.008191
6000	0.15	37	0.008262
6000	0.15	38	0.008397
6000	0.15	36	0.008394
6000	0.15	34	0.008264
6000	0.15	34	0.008209
6000	0.15	34	0.008104
6000	0.15	35	0.008289
6000	0.15	35	0.008625
6000	0.15	36	0.008264
6000	0.15	35	0.008379
6000	0.15	35	0.008654
6000	0.15	35	0.00841
6000	0.15	36	0.009491
6000	0.15	31	0.008317
6000	0.15	37	0.008387
6000	0.15	34	0.008497
6000	0.15	37	0.008286

7000	0.15	37	0.017746
7000	0.15	36	0.010217
7000	0.15	37	0.010167
7000	0.15	33	0.010215
7000	0.15	36	0.010121
7000	0.15	36	0.010109
7000	0.15	39	0.010289
7000	0.15	33	0.010145
7000	0.15	37	0.010275
7000	0.15	38	0.010251
7000	0.15	34	0.020886
7000	0.15	37	0.010256
7000	0.15	34	0.010248
7000	0.15	41	0.0102
7000	0.15	36	0.010209
7000	0.15	35	0.010371
7000	0.15	36	0.010703
7000	0.15	33	0.016533
7000	0.15	35	0.010131
7000	0.15	37	0.010153
7000	0.15	34	0.010171
7000	0.15	36	0.010169
7000	0.15	36	0.010424
7000	0.15	36	0.01019
7000	0.15	36	0.009819
7000	0.15	38	0.010144
7000	0.15	36	0.010335
7000	0.15	36	0.010175
7000	0.15	36	0.011446
7000	0.15	36	0.010228

8000	0.15	40	0.013018
8000	0.15	36	0.011857
8000	0.15	35	0.01225
8000	0.15	36	0.012434
8000	0.15	38	0.012255
8000	0.15	38	0.012611
8000	0.15	38	0.012336
8000	0.15	36	0.011832
8000	0.15	38	0.011899
8000	0.15	36	0.011846
8000	0.15	37	0.012193
8000	0.15	36	0.012322
8000	0.15	38	0.012138
8000	0.15	36	0.012313
8000	0.15	35	0.012256
8000	0.15	35	0.012049
8000	0.15	35	0.01232
8000	0.15	35	0.011949
8000	0.15	35	0.012279
8000	0.15	36	0.012263
8000	0.15	38	0.012217
8000	0.15	37	0.012301
8000	0.15	38	0.012679
8000	0.15	36	0.011948
8000	0.15	37	0.012156
8000	0.15	37	0.012224
8000	0.15	36	0.012253
8000	0.15	40	0.012554
8000	0.15	34	0.011814
8000	0.15	36	0.012246

9000	0.15	38	0.014844
9000	0.15	38	0.014465
9000	0.15	39	0.014506
9000	0.15	36	0.014002
9000	0.15	35	0.014729
9000	0.15	37	0.014421
9000	0.15	39	0.014112
9000	0.15	37	0.014984
9000	0.15	38	0.015312
9000	0.15	37	0.014846
9000	0.15	35	0.01448
9000	0.15	37	0.014964
9000	0.15	38	0.015641
9000	0.15	37	0.014522
9000	0.15	34	0.014461
9000	0.15	35	0.014557
9000	0.15	38	0.014106
9000	0.15	34	0.045057
9000	0.15	35	0.0144
9000	0.15	38	0.014112
9000	0.15	36	0.014369
9000	0.15	38	0.014477
9000	0.15	37	0.014142
9000	0.15	37	0.014886
9000	0.15	37	0.014357
9000	0.15	37	0.01447
9000	0.15	36	0.015028
9000	0.15	38	0.014698
9000	0.15	37	0.014364
9000	0.15	39	0.014406

10000	0.15	38	0.034035
10000	0.15	40	0.017265
10000	0.15	37	0.016753
10000	0.15	35	0.016322
10000	0.15	36	0.016823
10000	0.15	38	0.016758
10000	0.15	37	0.016798
10000	0.15	40	0.016539
10000	0.15	39	0.043813
10000	0.15	38	0.016887
10000	0.15	39	0.016526
10000	0.15	35	0.017936
10000	0.15	38	0.016484
10000	0.15	38	0.016825
10000	0.15	34	0.016352
10000	0.15	37	0.016952
10000	0.15	37	0.016787
10000	0.15	35	0.016761
10000	0.15	38	0.016733
10000	0.15	36	0.017219
10000	0.15	38	0.016794
10000	0.15	37	0.016782
10000	0.15	35	0.017362
10000	0.15	40	0.016859
10000	0.15	37	0.016898
10000	0.15	37	0.016835
10000	0.15	35	0.016441
10000	0.15	35	0.016955
10000	0.15	36	0.016782
10000	0.15	39	0.016939

11000	0.15	37	0.033777
11000	0.15	40	0.019041
11000	0.15	37	0.019674
11000	0.15	36	0.018866
11000	0.15	36	0.019002
11000	0.15	38	0.018984
11000	0.15	40	0.019741
11000	0.15	35	0.019268
11000	0.15	39	0.019272
11000	0.15	38	0.019458
11000	0.15	38	0.01932
11000	0.15	37	0.019271
11000	0.15	41	0.019456
11000	0.15	38	0.019319
11000	0.15	37	0.019324
11000	0.15	38	0.019533
11000	0.15	37	0.019363
11000	0.15	34	0.020066
11000	0.15	38	0.019387
11000	0.15	36	0.053665
11000	0.15	39	0.033175
11000	0.15	39	0.019096
11000	0.15	37	0.0313
11000	0.15	36	0.019479
11000	0.15	35	0.019296
11000	0.15	36	0.018882
11000	0.15	35	0.019355
11000	0.15	37	0.019464
11000	0.15	40	0.018996
11000	0.15	38	0.019025

12000	0.15	37	0.023276
12000	0.15	39	0.022232
12000	0.15	36	0.021979
12000	0.15	38	0.021876
12000	0.15	38	0.022024
12000	0.15	38	0.022433
12000	0.15	39	0.02204
12000	0.15	40	0.021948
12000	0.15	40	0.021482
12000	0.15	38	0.022462
12000	0.15	37	0.021983
12000	0.15	37	0.021876
12000	0.15	40	0.022106
12000	0.15	37	0.047663
12000	0.15	37	0.021918
12000	0.15	36	0.022157
12000	0.15	38	0.022448
12000	0.15	38	0.021956
12000	0.15	36	0.02209
12000	0.15	36	0.021931
12000	0.15	39	0.021885
12000	0.15	39	0.021948
12000	0.15	39	0.022071
12000	0.15	39	0.021876
12000	0.15	36	0.02199
12000	0.15	39	0.021916
12000	0.15	36	0.022166
12000	0.15	37	0.023463
12000	0.15	39	0.022384
12000	0.15	40	0.022007

13000	0.15	35	0.025397
13000	0.15	38	0.024575
13000	0.15	35	0.024659
13000	0.15	39	0.02472
13000	0.15	38	0.065059
13000	0.15	38	0.025511
13000	0.15	38	0.024665
13000	0.15	37	0.024671
13000	0.15	39	0.024366
13000	0.15	42	0.025099
13000	0.15	38	0.025094
13000	0.15	38	0.025031
13000	0.15	36	0.024887
13000	0.15	38	0.024795
13000	0.15	36	0.024774
13000	0.15	38	0.025865
13000	0.15	36	0.024701
13000	0.15	39	0.024822
13000	0.15	39	0.0247
13000	0.15	38	0.024785
13000	0.15	40	0.024656
13000	0.15	39	0.024856
13000	0.15	37	0.048896
13000	0.15	39	0.025192
13000	0.15	38	0.024261
13000	0.15	38	0.024365
13000	0.15	38	0.024955
13000	0.15	37	0.02549
13000	0.15	37	0.024494
13000	0.15	37	0.024787

14000	0.15	38	0.028505
14000	0.15	37	0.027816
14000	0.15	37	0.027331
14000	0.15	40	0.027629
14000	0.15	38	0.027722
14000	0.15	35	0.027593
14000	0.15	41	0.027769
14000	0.15	37	0.027799
14000	0.15	40	0.028906
14000	0.15	39	0.040685
14000	0.15	39	0.029485
14000	0.15	36	0.027461
14000	0.15	38	0.02746
14000	0.15	38	0.02776
14000	0.15	35	0.028801
14000	0.15	38	0.027637
14000	0.15	38	0.028392
14000	0.15	37	0.027313
14000	0.15	36	0.045065
14000	0.15	36	0.028043
14000	0.15	38	0.027818
14000	0.15	37	0.027512
14000	0.15	42	0.027425
14000	0.15	37	0.027671
14000	0.15	37	0.027473
14000	0.15	37	0.027494
14000	0.15	36	0.027864
14000	0.15	37	0.027963
14000	0.15	38	0.027943
14000	0.15	40	0.028357

15000	0.15	38	0.030681
15000	0.15	39	0.03103
15000	0.15	39	0.031695
15000	0.15	37	0.030531
15000	0.15	38	0.030897
15000	0.15	37	0.030768
15000	0.15	41	0.030715
15000	0.15	36	0.030264
15000	0.15	38	0.030922
15000	0.15	39	0.031887
15000	0.15	41	0.030596
15000	0.15	39	0.039041
15000	0.15	38	0.031522
15000	0.15	38	0.030722
15000	0.15	38	0.030754
15000	0.15	36	0.030739
15000	0.15	39	0.030439
15000	0.15	38	0.030669
15000	0.15	37	0.03074
15000	0.15	38	0.031579
15000	0.15	37	0.031014
15000	0.15	40	0.030795
15000	0.15	38	0.030747
15000	0.15	38	0.030802
15000	0.15	35	0.03059
15000	0.15	40	0.030724
15000	0.15	41	0.031017
15000	0.15	40	0.032251
15000	0.15	39	0.031106
15000	0.15	40	0.034986

16000	0.15	38	0.033858
16000	0.15	38	0.034404
16000	0.15	38	0.034368
16000	0.15	38	0.034163
16000	0.15	38	0.03402
16000	0.15	39	0.034141
16000	0.15	38	0.033661
16000	0.15	35	0.033564
16000	0.15	39	0.039432
16000	0.15	41	0.0342
16000	0.15	40	0.033953
16000	0.15	38	0.034914
16000	0.15	37	0.034254
16000	0.15	37	0.034125
16000	0.15	36	0.034489
16000	0.15	38	0.03427
16000	0.15	40	0.051264
16000	0.15	37	0.034038
16000	0.15	40	0.034043
16000	0.15	39	0.034152
16000	0.15	37	0.033607
16000	0.15	40	0.034874
16000	0.15	38	0.034143
16000	0.15	40	0.034183
16000	0.15	38	0.033607
16000	0.15	38	0.036453
16000	0.15	41	0.034434
16000	0.15	40	0.073534
16000	0.15	38	0.034421
16000	0.15	38	0.03413

17000	0.15	39	0.039744
17000	0.15	37	0.037684
17000	0.15	41	0.0371
17000	0.15	38	0.037393
17000	0.15	37	0.037503
17000	0.15	37	0.037607
17000	0.15	38	0.037371
17000	0.15	37	0.038428
17000	0.15	39	0.037338
17000	0.15	40	0.040693
17000	0.15	40	0.037971
17000	0.15	40	0.038117
17000	0.15	38	0.037688
17000	0.15	37	0.037536
17000	0.15	37	0.037544
17000	0.15	35	0.037587
17000	0.15	39	0.037609
17000	0.15	39	0.052416
17000	0.15	39	0.038357
17000	0.15	40	0.064872
17000	0.15	37	0.037557
17000	0.15	39	0.03778
17000	0.15	38	0.038031
17000	0.15	39	0.036999
17000	0.15	37	0.036904
17000	0.15	38	0.037452
17000	0.15	43	0.037838
17000	0.15	41	0.037944
17000	0.15	38	0.037686
17000	0.15	38	0.037803

18000	0.15	39	0.100143
18000	0.15	38	0.041144
18000	0.15	38	0.041129
18000	0.15	39	0.041233
18000	0.15	38	0.040725
18000	0.15	38	0.041587
18000	0.15	38	0.041711
18000	0.15	37	0.04054
18000	0.15	41	0.041328
18000	0.15	42	0.04127
18000	0.15	39	0.042199
18000	0.15	37	0.040767
18000	0.15	37	0.042952
18000	0.15	38	0.041101
18000	0.15	37	0.041125
18000	0.15	39	0.043244
18000	0.15	41	0.042033
18000	0.15	39	0.040986
18000	0.15	36	0.040641
18000	0.15	36	0.041191
18000	0.15	38	0.042635
18000	0.15	39	0.041337
18000	0.15	39	0.042361
18000	0.15	37	0.041363
18000	0.15	36	0.040834
18000	0.15	38	0.058127
18000	0.15	42	0.041656
18000	0.15	40	0.041205
18000	0.15	38	0.042
18000	0.15	38	0.041465

19000	0.15	40	0.045909
19000	0.15	39	0.044643
19000	0.15	40	0.044398
19000	0.15	39	0.044759
19000	0.15	37	0.044555
19000	0.15	40	0.045177
19000	0.15	40	0.044247
19000	0.15	38	0.045631
19000	0.15	42	0.04512
19000	0.15	42	0.047318
19000	0.15	36	0.044502
19000	0.15	40	0.044411
19000	0.15	40	0.044761
19000	0.15	41	0.044633
19000	0.15	41	0.044856
19000	0.15	37	0.044979
19000	0.15	37	0.045082
19000	0.15	37	0.044803
19000	0.15	38	0.045504
19000	0.15	37	0.044483
19000	0.15	39	0.044437
19000	0.15	39	0.044755
19000	0.15	38	0.044756
19000	0.15	39	0.044531
19000	0.15	38	0.044349
19000	0.15	37	0.044504
19000	0.15	41	0.045051
19000	0.15	40	0.045407
19000	0.15	39	0.044665
19000	0.15	41	0.045321

20000	0.15	38	0.048532
20000	0.15	38	0.048879
20000	0.15	39	0.048205
20000	0.15	40	0.0483
20000	0.15	37	0.048806
20000	0.15	39	0.050128
20000	0.15	37	0.048337
20000	0.15	35	0.048378
20000	0.15	37	0.049106
20000	0.15	42	0.049167
20000	0.15	39	0.049064
20000	0.15	39	0.048702
20000	0.15	40	0.049378
20000	0.15	37	0.048779
20000	0.15	39	0.049831
20000	0.15	36	0.04874
20000	0.15	39	0.048452
20000	0.15	38	0.048811
20000	0.15	38	0.048409
20000	0.15	36	0.048578
20000	0.15	39	0.048473
20000	0.15	38	0.048878
20000	0.15	38	0.0487
20000	0.15	40	0.048644
20000	0.15	36	0.048233
20000	0.15	38	0.049206
20000	0.15	39	0.048971
20000	0.15	41	0.049067
20000	0.15	37	0.048585
20000	0.15	38	0.04893

21000	0.15	40	0.052773
21000	0.15	41	0.064961
21000	0.15	41	0.052467
21000	0.15	39	0.052503
21000	0.15	40	0.052911
21000	0.15	39	0.052756
21000	0.15	38	0.052571
21000	0.15	38	0.052501
21000	0.15	39	0.052453
21000	0.15	43	0.056553
21000	0.15	38	0.052948
21000	0.15	41	0.052582
21000	0.15	39	0.054912
21000	0.15	39	0.052821
21000	0.15	38	0.053482
21000	0.15	39	0.053256
21000	0.15	41	0.054626
21000	0.15	38	0.052998
21000	0.15	38	0.053053
21000	0.15	39	0.056219
21000	0.15	39	0.052962
21000	0.15	38	0.052849
21000	0.15	38	0.052538
21000	0.15	38	0.052584
21000	0.15	36	0.052141
21000	0.15	38	0.053338
21000	0.15	40	0.0529
21000	0.15	42	0.054863
21000	0.15	39	0.052905
21000	0.15	40	0.052631

22000	0.15	40	0.056553
22000	0.15	42	0.057669
22000	0.15	41	0.056789
22000	0.15	39	0.056641
22000	0.15	37	0.05641
22000	0.15	38	0.058321
22000	0.15	38	0.0561
22000	0.15	37	0.056934
22000	0.15	40	0.055815
22000	0.15	40	0.058576
22000	0.15	37	0.056945
22000	0.15	38	0.056685
22000	0.15	39	0.056511
22000	0.15	40	0.057416
22000	0.15	36	0.056867
22000	0.15	37	0.056646
22000	0.15	39	0.056255
22000	0.15	38	0.057023
22000	0.15	40	0.056642
22000	0.15	40	0.056892
22000	0.15	37	0.056246
22000	0.15	39	0.057437
22000	0.15	36	0.056628
22000	0.15	37	0.056398
22000	0.15	38	0.056203
22000	0.15	39	0.057511
22000	0.15	38	0.056403
22000	0.15	40	0.05717
22000	0.15	39	0.057009
22000	0.15	40	0.057876

23000	0.15	39	0.060954
23000	0.15	40	0.06107
23000	0.15	39	0.060779
23000	0.15	42	0.060923
23000	0.15	40	0.061426
23000	0.15	39	0.061202
23000	0.15	39	0.060804
23000	0.15	38	0.061961
23000	0.15	41	0.060615
23000	0.15	40	0.061571
23000	0.15	39	0.061211
23000	0.15	43	0.060897
23000	0.15	40	0.063025
23000	0.15	35	0.060655
23000	0.15	37	0.062065
23000	0.15	39	0.06141
23000	0.15	38	0.060507
23000	0.15	40	0.060443
23000	0.15	39	0.060994
23000	0.15	39	0.060595
23000	0.15	41	0.060315
23000	0.15	41	0.061255
23000	0.15	40	0.063215
23000	0.15	42	0.060807
23000	0.15	40	0.060632
23000	0.15	39	0.06045
23000	0.15	39	0.061003
23000	0.15	39	0.061326
23000	0.15	38	0.061214
23000	0.15	38	0.060915

24000	0.15	40	0.067297
24000	0.15	39	0.065314
24000	0.15	41	0.065529
24000	0.15	40	0.065738
24000	0.15	39	0.0654
24000	0.15	37	0.065374
24000	0.15	42	0.065253
24000	0.15	38	0.078155
24000	0.15	39	0.06509
24000	0.15	41	0.066274
24000	0.15	38	0.065936
24000	0.15	42	0.065588
24000	0.15	40	0.066353
24000	0.15	36	0.064978
24000	0.15	38	0.065279
24000	0.15	39	0.06575
24000	0.15	39	0.06568
24000	0.15	41	0.06536
24000	0.15	37	0.065078
24000	0.15	39	0.06781
24000	0.15	38	0.06656
24000	0.15	39	0.065759
24000	0.15	40	0.111844
24000	0.15	40	0.065291
24000	0.15	40	0.065696
24000	0.15	40	0.065343
24000	0.15	39	0.066002
24000	0.15	42	0.065894
24000	0.15	40	0.065449
24000	0.15	39	0.06559

25000	0.15	39	0.070617
25000	0.15	42	0.070286
25000	0.15	39	0.071967
25000	0.15	42	0.06958
25000	0.15	39	0.069685
25000	0.15	39	0.07004
25000	0.15	39	0.070913
25000	0.15	41	0.069675
25000	0.15	38	0.069617
25000	0.15	38	0.072173
25000	0.15	39	0.070062
25000	0.15	39	0.0697
25000	0.15	42	0.07
25000	0.15	35	0.069822
25000	0.15	38	0.069854
25000	0.15	39	0.070324
25000	0.15	40	0.070896
25000	0.15	42	0.072352
25000	0.15	36	0.072797
25000	0.15	41	0.071532
25000	0.15	39	0.070006
25000	0.15	39	0.070502
25000	0.15	38	0.06983
25000	0.15	37	0.071846
25000	0.15	38	0.069713
25000	0.15	37	0.071105
25000	0.15	38	0.07123
25000	0.15	41	0.070273
25000	0.15	40	0.070436
25000	0.15	38	0.070563

26000	0.15	38	0.075127
26000	0.15	38	0.074777
26000	0.15	39	0.074975
26000	0.15	41	0.074487
26000	0.15	39	0.075955
26000	0.15	39	0.075129
26000	0.15	40	0.074702
26000	0.15	39	0.074706
26000	0.15	39	0.07414
26000	0.15	39	0.07537
26000	0.15	39	0.075009
26000	0.15	42	0.075072
26000	0.15	42	0.07563
26000	0.15	36	0.12887
26000	0.15	39	0.075929
26000	0.15	39	0.074951
26000	0.15	37	0.074514
26000	0.15	41	0.074995
26000	0.15	39	0.074736
26000	0.15	42	0.07487
26000	0.15	40	0.074136
26000	0.15	41	0.075494
26000	0.15	40	0.074564
26000	0.15	40	0.074803
26000	0.15	38	0.074208
26000	0.15	39	0.074524
26000	0.15	42	0.14148
26000	0.15	42	0.075315
26000	0.15	42	0.077104
26000	0.15	41	0.075214

27000	0.15	39	0.126646
27000	0.15	38	0.0827
27000	0.15	39	0.079952
27000	0.15	41	0.079578
27000	0.15	44	0.079781
27000	0.15	40	0.079728
27000	0.15	39	0.07944
27000	0.15	37	0.079977
27000	0.15	40	0.079402
27000	0.15	39	0.081929
27000	0.15	40	0.079773
27000	0.15	40	0.087886
27000	0.15	42	0.080485
27000	0.15	38	0.079997
27000	0.15	40	0.079411
27000	0.15	38	0.140476
27000	0.15	40	0.079558
27000	0.15	39	0.079171
27000	0.15	35	0.079765
27000	0.15	39	0.079871
27000	0.15	40	0.079833
27000	0.15	40	0.08112
27000	0.15	40	0.079671
27000	0.15	38	0.079489
27000	0.15	40	0.079469
27000	0.15	39	0.079735
27000	0.15	41	0.081282
27000	0.15	41	0.080147
27000	0.15	42	0.079915
27000	0.15	39	0.079867

28000	0.15	42	0.084741
28000	0.15	39	0.084892
28000	0.15	38	0.087314
28000	0.15	41	0.085376
28000	0.15	45	0.084916
28000	0.15	41	0.0849
28000	0.15	41	0.087257
28000	0.15	37	0.084756
28000	0.15	39	0.085126
28000	0.15	39	0.085778
28000	0.15	40	0.084712
28000	0.15	41	0.08477
28000	0.15	42	0.084823
28000	0.15	40	0.084649
28000	0.15	39	0.085249
28000	0.15	39	0.089698
28000	0.15	43	0.086695
28000	0.15	38	0.08524
28000	0.15	37	0.086047
28000	0.15	37	0.085149
28000	0.15	41	0.087294
28000	0.15	40	0.085194
28000	0.15	41	0.08491
28000	0.15	38	0.084747
28000	0.15	39	0.08441
28000	0.15	39	0.085636
28000	0.15	41	0.085547
28000	0.15	40	0.085486
28000	0.15	39	0.085455
28000	0.15	39	0.085095

29000	0.15	42	0.090601
29000	0.15	39	0.090866
29000	0.15	40	0.090542
29000	0.15	41	0.090057
29000	0.15	45	0.090678
29000	0.15	41	0.091297
29000	0.15	40	0.157897
29000	0.15	38	0.09033
29000	0.15	39	0.089539
29000	0.15	39	0.103131
29000	0.15	39	0.090317
29000	0.15	40	0.089694
29000	0.15	43	0.090333
29000	0.15	40	0.090444
29000	0.15	37	0.090057
29000	0.15	39	0.158889
29000	0.15	40	0.090181
29000	0.15	39	0.090122
29000	0.15	37	0.09073
29000	0.15	39	0.089928
29000	0.15	39	0.089511
29000	0.15	38	0.090657
29000	0.15	41	0.090583
29000	0.15	40	0.090142
29000	0.15	38	0.0896
29000	0.15	39	0.089404
29000	0.15	42	0.090217
29000	0.15	43	0.090236
29000	0.15	39	0.09057
29000	0.15	42	0.091634

30000	0.15	40	0.095399
30000	0.15	40	0.095794
30000	0.15	41	0.094859
30000	0.15	42	0.094829
30000	0.15	43	0.095504
30000	0.15	43	0.098209
30000	0.15	43	0.095048
30000	0.15	38	0.095212
30000	0.15	36	0.095789
30000	0.15	38	0.096391
30000	0.15	37	0.095818
30000	0.15	39	0.096034
30000	0.15	41	0.09631
30000	0.15	39	0.095412
30000	0.15	37	0.095343
30000	0.15	40	0.096343
30000	0.15	41	0.095377
30000	0.15	40	0.095099
30000	0.15	38	0.095508
30000	0.15	40	0.095471
30000	0.15	41	0.094839
30000	0.15	41	0.096272
30000	0.15	40	0.0953
30000	0.15	42	0.098543
30000	0.15	40	0.095333
30000	0.15	41	0.094635
30000	0.15	42	0.095528
30000	0.15	43	0.095724
30000	0.15	38	0.096088
30000	0.15	41	0.095573

