1000	0.15	19	0.001283
1000	0.15	19	0.001239
1000	0.15	25	0.001141
1000	0.15	19	0.001157
1000	0.15	14	0.001155
1000	0.15	14	0.001159
1000	0.15	19	0.001139
1000	0.15	19	0.001136
1000	0.15	21	0.001165
1000	0.15	17	0.001228
1000	0.15	18	0.00121
1000	0.15	21	0.001229
1000	0.15	19	0.001147
1000	0.15	14	0.001257
1000	0.15	15	0.001179
1000	0.15	14	0.001156
1000	0.15	22	0.001154
1000	0.15	18	0.001247
1000	0.15	17	0.001199
1000	0.15	18	0.00118
1000	0.15	18	0.002264
1000	0.15	17	0.001161
1000	0.15	17	0.001263
1000	0.15	15	0.0012
1000	0.15	15	0.001179
1000	0.15	20	0.001225
1000	0.15	15	0.001188
1000	0.15	21	0.001143
1000	0.15	14	0.001143
1000	0.15	18	0.001232

2000	0.15	18	0.002777
2000	0.15	22	0.00259
2000	0.15	23	0.003898
2000	0.15	19	0.00258
2000	0.15	24	0.002419
2000	0.15	22	0.002522
2000	0.15	14	0.002497
2000	0.15	20	0.002582
2000	0.15	17	0.002482
2000	0.15	22	0.00243
2000	0.15	22	0.00257
2000	0.15	25	0.002384
2000	0.15	16	0.002467
2000	0.15	22	0.002612
2000	0.15	16	0.002412
2000	0.15	20	0.002368
2000	0.15	23	0.002384
2000	0.15	18	0.002402
2000	0.15	15	0.002429
2000	0.15	25	0.002462
2000	0.15	22	0.002513
2000	0.15	22	0.00239
2000	0.15	19	0.002409
2000	0.15	22	0.002538
2000	0.15	19	0.002548
2000	0.15	22	0.002478
2000	0.15	22	0.002454
2000	0.15	24	0.002565
2000	0.15	18	0.002438
2000	0.15	20	0.002483

3000	0.15	22	0.0041
3000	0.15	22	0.00381
3000	0.15	25	0.003709
3000	0.15	18	0.004336
3000	0.15	21	0.003851
3000	0.15	24	0.003863
3000	0.15	22	0.003767
3000	0.15	21	0.003939
3000	0.15	22	0.01374
3000	0.15	20	0.003934
3000	0.15	20	0.01168
3000	0.15	17	0.004548
3000	0.15	22	0.004127
3000	0.15	21	0.006859
3000	0.15	21	0.007254
3000	0.15	25	0.014373
3000	0.15	19	0.004176
3000	0.15	19	0.003875
3000	0.15	22	0.004037
3000	0.15	26	0.003884
3000	0.15	25	0.003838
3000	0.15	26	0.004024
3000	0.15	23	0.004317
3000	0.15	23	0.003677
3000	0.15	22	0.003809
3000	0.15	20	0.004203
3000	0.15	25	0.004016
3000	0.15	26	0.004084
3000	0.15	18	0.004171
3000	0.15	22	0.003895

4000	0.15	22	0.005826
4000	0.15	24	0.005392
4000	0.15	18	0.005924
4000	0.15	26	0.009103
4000	0.15	25	0.005433
4000	0.15	27	0.006488
4000	0.15	28	0.005317
4000	0.15	22	0.005697
4000	0.15	24	0.0054
4000	0.15	24	0.005518
4000	0.15	16	0.006143
4000	0.15	23	0.005773
4000	0.15	24	0.00571
4000	0.15	25	0.005357
4000	0.15	24	0.005398
4000	0.15	24	0.005886
4000	0.15	16	0.005939
4000	0.15	29	0.005484
4000	0.15	19	0.00533
4000	0.15	24	0.005418
4000	0.15	21	0.005535
4000	0.15	17	0.005946
4000	0.15	26	0.005668
4000	0.15	24	0.005724
4000	0.15	22	0.00539
4000	0.15	22	0.005339
4000	0.15	27	0.005699
4000	0.15	26	0.005952
4000	0.15	25	0.005331
4000	0.15	25	0.005308

5000	0.15	28	0.007121
5000	0.15	28	0.006692
5000	0.15	24	0.007085
5000	0.15	25	0.00724
5000	0.15	20	0.007436
5000	0.15	22	0.007126
5000	0.15	23	0.013309
5000	0.15	23	0.007654
5000	0.15	27	0.00708
5000	0.15	30	0.006814
5000	0.15	27	0.007134
5000	0.15	25	0.007161
5000	0.15	29	0.007285
5000	0.15	22	0.007778
5000	0.15	25	0.007068
5000	0.15	22	0.007387
5000	0.15	27	0.007315
5000	0.15	30	0.006885
5000	0.15	27	0.007504
5000	0.15	22	0.007508
5000	0.15	26	0.006953
5000	0.15	20	0.007963
5000	0.15	24	0.007356
5000	0.15	27	0.007064
5000	0.15	26	0.007322
5000	0.15	27	0.007235
5000	0.15	27	0.007032
5000	0.15	27	0.006814
5000	0.15	25	0.007209
5000	0.15	19	0.007951

6000	0.15	26	0.009938
6000	0.15	29	0.008757
6000	0.15	18	0.009976
6000	0.15	20	0.009469
6000	0.15	22	0.008685
6000	0.15	24	0.008961
6000	0.15	19	0.009813
6000	0.15	28	0.009019
6000	0.15	23	0.008887
6000	0.15	25	0.009338
6000	0.15	24	0.009195
6000	0.15	28	0.008727
6000	0.15	27	0.028886
6000	0.15	25	0.009147
6000	0.15	27	0.009044
6000	0.15	24	0.009329
6000	0.15	22	0.009771
6000	0.15	26	0.009074
6000	0.15	30	0.009019
6000	0.15	22	0.019479
6000	0.15	24	0.017177
6000	0.15	21	0.009646
6000	0.15	32	0.009021
6000	0.15	22	0.009626
6000	0.15	26	0.008717
6000	0.15	30	0.008685
6000	0.15	30	0.016831
6000	0.15	22	0.015907
6000	0.15	21	0.011381
6000	0.15	29	0.009438

7000	0.15	29	0.011646
7000	0.15	30	0.010655
7000	0.15	20	0.013232
7000	0.15	25	0.011963
7000	0.15	25	0.011539
7000	0.15	24	0.010506
7000	0.15	25	0.011738
7000	0.15	26	0.01959
7000	0.15	27	0.019609
7000	0.15	18	0.016577
7000	0.15	26	0.011461
7000	0.15	26	0.013252
7000	0.15	26	0.011503
7000	0.15	27	0.01148
7000	0.15	27	0.010737
7000	0.15	28	0.010725
7000	0.15	28	0.010806
7000	0.15	31	0.010317
7000	0.15	31	0.010501
7000	0.15	27	0.011654
7000	0.15	26	0.011694
7000	0.15	27	0.011038
7000	0.15	20	0.011324
7000	0.15	22	0.011859
7000	0.15	29	0.011589
7000	0.15	29	0.010405
7000	0.15	30	0.011351
7000	0.15	20	0.011549
7000	0.15	21	0.01206
7000	0.15	24	0.010902

8000	0.15	23	0.014254
8000	0.15	27	0.01339
8000	0.15	29	0.01256
8000	0.15	27	0.014353
8000	0.15	29	0.024046
8000	0.15	25	0.021215
8000	0.15	22	0.016928
8000	0.15	28	0.013226
8000	0.15	30	0.013308
8000	0.15	21	0.015027
8000	0.15	28	0.013256
8000	0.15	28	0.022127
8000	0.15	26	0.013709
8000	0.15	21	0.014663
8000	0.15	31	0.013246
8000	0.15	30	0.013632
8000	0.15	27	0.013232
8000	0.15	31	0.01309
8000	0.15	21	0.014012
8000	0.15	27	0.013853
8000	0.15	19	0.017422
8000	0.15	28	0.013159
8000	0.15	29	0.018421
8000	0.15	25	0.01268
8000	0.15	29	0.013951
8000	0.15	23	0.013804
8000	0.15	30	0.014003
8000	0.15	28	0.014002
8000	0.15	29	0.013938
8000	0.15	21	0.013845

9000	0.15	28	0.019003
9000	0.15	28	0.01626
9000	0.15	22	0.015936
9000	0.15	26	0.035165
9000	0.15	19	0.018565
9000	0.15	27	0.015232
9000	0.15	34	0.014794
9000	0.15	28	0.017107
9000	0.15	27	0.016404
9000	0.15	20	0.016009
9000	0.15	28	0.015572
9000	0.15	26	0.016213
9000	0.15	27	0.01733
9000	0.15	23	0.016273
9000	0.15	27	0.015455
9000	0.15	25	0.01625
9000	0.15	25	0.017542
9000	0.15	32	0.014416
9000	0.15	26	0.016361
9000	0.15	23	0.016903
9000	0.15	30	0.027413
9000	0.15	26	0.016681
9000	0.15	24	0.015495
9000	0.15	21	0.017026
9000	0.15	25	0.016166
9000	0.15	26	0.015473
9000	0.15	27	0.02627
9000	0.15	31	0.017536
9000	0.15	25	0.016979
9000	0.15	26	0.016383

10000	0.15	27	0.018557
10000	0.15	28	0.03391
10000	0.15	27	0.03147
10000	0.15	30	0.017759
10000	0.15	26	0.020392
10000	0.15	24	0.018518
10000	0.15	27	0.01988
10000	0.15	25	0.019499
10000	0.15	28	0.018727
10000	0.15	27	0.017947
10000	0.15	24	0.020024
10000	0.15	31	0.017985
10000	0.15	28	0.020702
10000	0.15	30	0.017652
10000	0.15	25	0.018892
10000	0.15	21	0.01992
10000	0.15	26	0.017266
10000	0.15	24	0.019507
10000	0.15	28	0.019051
10000	0.15	25	0.017319
10000	0.15	27	0.018842
10000	0.15	29	0.01797
10000	0.15	30	0.018035
10000	0.15	30	0.020077
10000	0.15	25	0.019776
10000	0.15	24	0.018332
10000	0.15	24	0.020263
10000	0.15	29	0.018431
10000	0.15	27	0.018492
10000	0.15	22	0.019891

11000	0.15	34	0.020607
11000	0.15	29	0.021541
11000	0.15	23	0.024594
11000	0.15	29	0.020623
11000	0.15	30	0.019704
11000	0.15	22	0.024445
11000	0.15	31	0.020705
11000	0.15	25	0.022637
11000	0.15	30	0.01965
11000	0.15	25	0.023056
11000	0.15	26	0.020486
11000	0.15	29	0.021477
11000	0.15	30	0.048213
11000	0.15	27	0.041555
11000	0.15	27	0.031261
11000	0.15	28	0.022316
11000	0.15	24	0.022137
11000	0.15	24	0.023211
11000	0.15	27	0.021273
11000	0.15	30	0.020025
11000	0.15	23	0.025575
11000	0.15	30	0.020464
11000	0.15	24	0.020885
11000	0.15	30	0.020628
11000	0.15	30	0.021133
11000	0.15	31	0.019026
11000	0.15	28	0.021443
11000	0.15	28	0.020052
11000	0.15	30	0.020594
11000	0.15	23	0.023021

12000	0.15	30	0.024868
12000	0.15	29	0.02502
12000	0.15	29	0.024
12000	0.15	33	0.02195
12000	0.15	34	0.022333
12000	0.15	29	0.023147
12000	0.15	31	0.023074
12000	0.15	21	0.026728
12000	0.15	26	0.026938
12000	0.15	25	0.042882
12000	0.15	32	0.028017
12000	0.15	24	0.025003
12000	0.15	24	0.024819
12000	0.15	32	0.025558
12000	0.15	26	0.023532
12000	0.15	28	0.024492
12000	0.15	32	0.024464
12000	0.15	26	0.025426
12000	0.15	21	0.027076
12000	0.15	27	0.02459
12000	0.15	28	0.023314
12000	0.15	29	0.024814
12000	0.15	26	0.025816
12000	0.15	19	0.03267
12000	0.15	28	0.023764
12000	0.15	28	0.025009
12000	0.15	22	0.030056
12000	0.15	27	0.026407
12000	0.15	27	0.024437
12000	0.15	26	0.025799

13000	0.15	31	0.030111
13000	0.15	29	0.026214
13000	0.15	32	0.026134
13000	0.15	32	0.026717
13000	0.15	28	0.027893
13000	0.15	23	0.030352
13000	0.15	31	0.028453
13000	0.15	28	0.028587
13000	0.15	24	0.030074
13000	0.15	28	0.027991
13000	0.15	27	0.027008
13000	0.15	27	0.035178
13000	0.15	27	0.029329
13000	0.15	26	0.026469
13000	0.15	31	0.027956
13000	0.15	25	0.029075
13000	0.15	27	0.026384
13000	0.15	27	0.030132
13000	0.15	31	0.024582
13000	0.15	27	0.026135
13000	0.15	29	0.025757
13000	0.15	29	0.026768
13000	0.15	26	0.027998
13000	0.15	27	0.031271
13000	0.15	33	0.02832
13000	0.15	25	0.030949
13000	0.15	30	0.02741
13000	0.15	28	0.028078
13000	0.15	29	0.026602
13000	0.15	31	0.028495

14000	0.15	29	0.076181
14000	0.15	32	0.078248
14000	0.15	26	0.047975
14000	0.15	24	0.031161
14000	0.15	30	0.031908
14000	0.15	26	0.033244
14000	0.15	30	0.029021
14000	0.15	30	0.028231
14000	0.15	30	0.030573
14000	0.15	26	0.035601
14000	0.15	27	0.028924
14000	0.15	29	0.030096
14000	0.15	30	0.02889
14000	0.15	27	0.034109
14000	0.15	28	0.028873
14000	0.15	21	0.040019
14000	0.15	27	0.031573
14000	0.15	28	0.032025
14000	0.15	32	0.028118
14000	0.15	36	0.028954
14000	0.15	27	0.032147
14000	0.15	34	0.028662
14000	0.15	30	0.030049
14000	0.15	39	0.028441
14000	0.15	34	0.02746
14000	0.15	28	0.030371
14000	0.15	27	0.029018
14000	0.15	32	0.028946
14000	0.15	28	0.033536
14000	0.15	27	0.031284

15000	0.15	31	0.033651
15000	0.15	22	0.036284
15000	0.15	31	0.032284
15000	0.15	28	0.035403
15000	0.15	30	0.032183
15000	0.15	30	0.032717
15000	0.15	28	0.036637
15000	0.15	31	0.03272
15000	0.15	33	0.034536
15000	0.15	31	0.034
15000	0.15	27	0.035842
15000	0.15	30	0.032242
15000	0.15	33	0.033142
15000	0.15	28	0.032429
15000	0.15	27	0.033835
15000	0.15	32	0.034628
15000	0.15	31	0.034599
15000	0.15	26	0.033335
15000	0.15	30	0.0339
15000	0.15	27	0.03645
15000	0.15	26	0.033288
15000	0.15	30	0.035022
15000	0.15	29	0.035132
15000	0.15	27	0.035574
15000	0.15	31	0.031111
15000	0.15	29	0.033519
15000	0.15	29	0.034331
15000	0.15	21	0.041462
15000	0.15	34	0.031393
15000	0.15	30	0.032171

16000	0.15	29	0.037272
16000	0.15	23	0.043339
16000	0.15	29	0.038314
16000	0.15	27	0.036379
16000	0.15	32	0.038039
16000	0.15	26	0.04118
16000	0.15	30	0.036644
16000	0.15	26	0.040818
16000	0.15	31	0.035056
16000	0.15	29	0.034201
16000	0.15	26	0.038696
16000	0.15	34	0.035335
16000	0.15	32	0.036186
16000	0.15	23	0.0373
16000	0.15	35	0.034672
16000	0.15	31	0.038219
16000	0.15	23	0.0458
16000	0.15	27	0.038003
16000	0.15	32	0.036454
16000	0.15	31	0.039905
16000	0.15	26	0.038591
16000	0.15	31	0.039357
16000	0.15	32	0.038007
16000	0.15	24	0.038669
16000	0.15	24	0.041264
16000	0.15	30	0.036724
16000	0.15	27	0.038076
16000	0.15	29	0.035766
16000	0.15	31	0.037767
16000	0.15	28	0.037647

17000	0.15	29	0.040065
17000	0.15	30	0.042748
17000	0.15	28	0.04421
17000	0.15	30	0.043854
17000	0.15	26	0.045934
17000	0.15	27	0.04379
17000	0.15	29	0.041417
17000	0.15	29	0.04012
17000	0.15	31	0.039983
17000	0.15	31	0.040351
17000	0.15	30	0.042121
17000	0.15	34	0.037313
17000	0.15	32	0.040416
17000	0.15	30	0.042617
17000	0.15	24	0.047468
17000	0.15	32	0.036893
17000	0.15	31	0.043958
17000	0.15	30	0.040513
17000	0.15	33	0.041944
17000	0.15	28	0.04301
17000	0.15	31	0.039912
17000	0.15	31	0.041154
17000	0.15	26	0.045295
17000	0.15	22	0.045682
17000	0.15	32	0.046674
17000	0.15	28	0.043764
17000	0.15	27	0.042853
17000	0.15	29	0.039967
17000	0.15	26	0.04355
17000	0.15	30	0.040494

18000	0.15	28	0.046212
18000	0.15	30	0.045973
18000	0.15	30	0.045203
18000	0.15	28	0.047535
18000	0.15	31	0.047639
18000	0.15	27	0.046483
18000	0.15	31	0.041063
18000	0.15	24	0.054339
18000	0.15	24	0.047372
18000	0.15	34	0.042989
18000	0.15	28	0.046367
18000	0.15	30	0.044691
18000	0.15	28	0.045507
18000	0.15	25	0.046955
18000	0.15	32	0.043756
18000	0.15	24	0.059664
18000	0.15	31	0.04526
18000	0.15	31	0.042432
18000	0.15	28	0.058117
18000	0.15	32	0.043021
18000	0.15	25	0.060095
18000	0.15	35	0.042079
18000	0.15	26	0.048586
18000	0.15	33	0.043385
18000	0.15	29	0.047864
18000	0.15	28	0.04579
18000	0.15	28	0.045403
18000	0.15	29	0.048423
18000	0.15	25	0.056833
18000	0.15	25	0.047291

19000	0.15	26	0.062299
19000	0.15	29	0.081666
19000	0.15	30	0.051059
19000	0.15	24	0.054909
19000	0.15	25	0.055822
19000	0.15	26	0.070673
19000	0.15	33	0.045758
19000	0.15	29	0.049718
19000	0.15	29	0.04861
19000	0.15	32	0.045714
19000	0.15	30	0.049602
19000	0.15	31	0.047613
19000	0.15	29	0.054795
19000	0.15	25	0.056562
19000	0.15	36	0.048735
19000	0.15	30	0.051036
19000	0.15	26	0.054495
19000	0.15	28	0.05004
19000	0.15	32	0.050543
19000	0.15	30	0.049636
19000	0.15	30	0.052954
19000	0.15	31	0.050678
19000	0.15	25	0.060193
19000	0.15	28	0.055431
19000	0.15	24	0.052437
19000	0.15	31	0.047804
19000	0.15	28	0.053541
19000	0.15	27	0.05432
19000	0.15	31	0.046167
19000	0.15	30	0.050827

20000	0.15	27	0.05361
20000	0.15	32	0.061814
20000	0.15	33	0.073254
20000	0.15	29	0.056809
20000	0.15	27	0.059946
20000	0.15	33	0.049914
20000	0.15	27	0.054884
20000	0.15	30	0.050827
20000	0.15	31	0.054973
20000	0.15	32	0.053624
20000	0.15	30	0.050373
20000	0.15	33	0.053649
20000	0.15	26	0.057632
20000	0.15	32	0.054905
20000	0.15	26	0.058769
20000	0.15	25	0.058151
20000	0.15	31	0.050828
20000	0.15	29	0.056833
20000	0.15	30	0.053074
20000	0.15	30	0.056392
20000	0.15	33	0.057681
20000	0.15	26	0.057406
20000	0.15	30	0.056054
20000	0.15	36	0.050353
20000	0.15	25	0.056041
20000	0.15	26	0.05762
20000	0.15	26	0.059337
20000	0.15	31	0.056512
20000	0.15	26	0.064258
20000	0.15	30	0.054739

21000	0.15	24	0.072525
21000	0.15	25	0.066965
21000	0.15	29	0.068813
21000	0.15	30	0.061652
21000	0.15	27	0.063275
21000	0.15	23	0.081443
21000	0.15	28	0.064338
21000	0.15	26	0.062925
21000	0.15	32	0.062122
21000	0.15	28	0.061871
21000	0.15	32	0.063142
21000	0.15	29	0.058872
21000	0.15	27	0.061077
21000	0.15	30	0.061302
21000	0.15	23	0.076921
21000	0.15	30	0.05962
21000	0.15	29	0.059438
21000	0.15	28	0.060722
21000	0.15	32	0.055423
21000	0.15	33	0.062544
21000	0.15	32	0.057389
21000	0.15	29	0.064168
21000	0.15	31	0.057424
21000	0.15	27	0.064561
21000	0.15	38	0.053906
21000	0.15	33	0.055399
21000	0.15	23	0.063402
21000	0.15	24	0.077174
21000	0.15	26	0.072712
21000	0.15	24	0.062004

22000	0.15	28	0.071316
22000	0.15	30	0.059497
22000	0.15	35	0.062489
22000	0.15	33	0.063779
22000	0.15	29	0.067105
22000	0.15	28	0.070027
22000	0.15	32	0.06106
22000	0.15	25	0.081464
22000	0.15	28	0.063413
22000	0.15	33	0.059093
22000	0.15	28	0.072711
22000	0.15	26	0.067562
22000	0.15	34	0.060621
22000	0.15	27	0.070302
22000	0.15	32	0.063647
22000	0.15	30	0.06499
22000	0.15	28	0.063437
22000	0.15	32	0.062238
22000	0.15	31	0.059119
22000	0.15	33	0.068225
22000	0.15	33	0.057406
22000	0.15	32	0.064962
22000	0.15	29	0.067173
22000	0.15	30	0.065637
22000	0.15	28	0.080236
22000	0.15	32	0.066066
22000	0.15	34	0.059721
22000	0.15	31	0.061969
22000	0.15	30	0.06305
22000	0.15	30	0.066367

23000	0.15	32	0.067423
23000	0.15	34	0.068999
23000	0.15	32	0.067247
23000	0.15	27	0.082326
23000	0.15	30	0.063491
23000	0.15	28	0.076971
23000	0.15	28	0.068512
23000	0.15	27	0.078693
23000	0.15	33	0.06354
23000	0.15	25	0.076408
23000	0.15	30	0.078434
23000	0.15	30	0.067151
23000	0.15	30	0.071986
23000	0.15	32	0.077364
23000	0.15	26	0.089472
23000	0.15	28	0.074764
23000	0.15	33	0.065094
23000	0.15	25	0.075339
23000	0.15	28	0.071002
23000	0.15	31	0.082722
23000	0.15	28	0.137513
23000	0.15	26	0.142024
23000	0.15	23	0.078294
23000	0.15	32	0.066862
23000	0.15	29	0.068601
23000	0.15	28	0.067006
23000	0.15	31	0.068969
23000	0.15	31	0.070997
23000	0.15	28	0.074533
23000	0.15	32	0.076455

24000	0.15	31	0.070531
24000	0.15	26	0.082239
24000	0.15	35	0.08339
24000	0.15	34	0.097407
24000	0.15	26	0.088438
24000	0.15	25	0.08327
24000	0.15	26	0.102426
24000	0.15	27	0.076552
24000	0.15	26	0.081296
24000	0.15	34	0.071243
24000	0.15	30	0.072824
24000	0.15	28	0.079846
24000	0.15	32	0.072745
24000	0.15	31	0.078197
24000	0.15	31	0.077073
24000	0.15	28	0.081453
24000	0.15	34	0.067918
24000	0.15	26	0.082655
24000	0.15	30	0.072669
24000	0.15	32	0.07108
24000	0.15	31	0.074166
24000	0.15	34	0.073944
24000	0.15	31	0.070095
24000	0.15	30	0.070177
24000	0.15	28	0.088718
24000	0.15	28	0.082391
24000	0.15	30	0.080193
24000	0.15	34	0.064211
24000	0.15	30	0.075858
24000	0.15	28	0.078399

25000	0.15	38	0.07551
25000	0.15	19	0.094458
25000	0.15	24	0.091121
25000	0.15	33	0.076677
25000	0.15	23	0.100922
25000	0.15	35	0.071256
25000	0.15	32	0.080323
25000	0.15	29	0.083081
25000	0.15	30	0.109797
25000	0.15	33	0.075023
25000	0.15	31	0.080394
25000	0.15	21	0.091843
25000	0.15	30	0.085583
25000	0.15	32	0.079865
25000	0.15	30	0.079655
25000	0.15	28	0.081929
25000	0.15	32	0.089891
25000	0.15	32	0.072704
25000	0.15	31	0.078247
25000	0.15	30	0.084881
25000	0.15	31	0.083558
25000	0.15	32	0.07772
25000	0.15	30	0.079967
25000	0.15	34	0.083412
25000	0.15	35	0.071261
25000	0.15	26	0.093364
25000	0.15	33	0.074688
25000	0.15	32	0.079592
25000	0.15	28	0.088078
25000	0.15	28	0.07981

26000	0.15	33	0.079573
26000	0.15	32	0.085161
26000	0.15	33	0.080044
26000	0.15	29	0.081785
26000	0.15	23	0.091315
26000	0.15	33	0.086669
26000	0.15	33	0.080234
26000	0.15	27	0.081434
26000	0.15	36	0.077454
26000	0.15	28	0.086213
26000	0.15	28	0.091065
26000	0.15	31	0.0909
26000	0.15	30	0.084073
26000	0.15	30	0.078623
26000	0.15	35	0.086309
26000	0.15	33	0.087196
26000	0.15	30	0.077879
26000	0.15	34	0.087541
26000	0.15	31	0.089435
26000	0.15	25	0.097726
26000	0.15	30	0.088819
26000	0.15	29	0.08532
26000	0.15	33	0.094266
26000	0.15	29	0.091068
26000	0.15	31	0.088551
26000	0.15	36	0.074746
26000	0.15	31	0.087068
26000	0.15	27	0.083049
26000	0.15	29	0.093685
26000	0.15	21	0.106722

27000	0.15	23	0.147599
27000	0.15	34	0.151995
27000	0.15	28	0.091226
27000	0.15	27	0.093035
27000	0.15	32	0.086762
27000	0.15	33	0.086887
27000	0.15	30	0.110749
27000	0.15	30	0.096578
27000	0.15	37	0.08845
27000	0.15	31	0.090148
27000	0.15	27	0.110495
27000	0.15	30	0.126885
27000	0.15	29	0.085567
27000	0.15	27	0.106418
27000	0.15	29	0.110623
27000	0.15	36	0.083638
27000	0.15	29	0.089932
27000	0.15	28	0.093807
27000	0.15	24	0.104571
27000	0.15	31	0.086647
27000	0.15	33	0.079992
27000	0.15	35	0.086453
27000	0.15	34	0.083109
27000	0.15	26	0.110939
27000	0.15	34	0.091046
27000	0.15	29	0.083204
27000	0.15	38	0.083555
27000	0.15	29	0.088424
27000	0.15	35	0.076515
27000	0.15	31	0.089921

28000	0.15	25	0.150781
28000	0.15	32	0.100772
28000	0.15	29	0.113687
28000	0.15	26	0.106458
28000	0.15	30	0.09608
28000	0.15	34	0.094904
28000	0.15	30	0.088728
28000	0.15	33	0.090605
28000	0.15	26	0.105441
28000	0.15	32	0.092079
28000	0.15	33	0.096015
28000	0.15	31	0.093874
28000	0.15	34	0.094034
28000	0.15	35	0.089286
28000	0.15	33	0.088287
28000	0.15	33	0.092368
28000	0.15	25	0.096207
28000	0.15	32	0.100026
28000	0.15	30	0.096906
28000	0.15	31	0.101164
28000	0.15	33	0.096807
28000	0.15	30	0.093044
28000	0.15	33	0.103504
28000	0.15	31	0.101504
28000	0.15	28	0.091639
28000	0.15	29	0.091845
28000	0.15	29	0.098609
28000	0.15	30	0.112259
28000	0.15	34	0.089413
28000	0.15	33	0.098446

29000	0.15	25	0.116638
29000	0.15	34	0.096602
29000	0.15	31	0.102451
29000	0.15	30	0.104619
29000	0.15	32	0.109288
29000	0.15	30	0.105761
29000	0.15	27	0.131562
29000	0.15	36	0.095797
29000	0.15	33	0.118377
29000	0.15	29	0.116912
29000	0.15	27	0.113523
29000	0.15	30	0.105946
29000	0.15	37	0.093602
29000	0.15	27	0.111425
29000	0.15	35	0.09818
29000	0.15	32	0.09435
29000	0.15	32	0.099685
29000	0.15	27	0.127852
29000	0.15	33	0.09648
29000	0.15	32	0.10758
29000	0.15	31	0.098989
29000	0.15	32	0.096948
29000	0.15	29	0.113425
29000	0.15	31	0.105408
29000	0.15	26	0.136086
29000	0.15	28	0.098254
29000	0.15	28	0.09712
29000	0.15	29	0.098675
29000	0.15	28	0.119914
29000	0.15	31	0.09963

30000	0.15	29	0.110173
30000	0.15	31	0.101555
30000	0.15	33	0.098808
30000	0.15	35	0.100403
30000	0.15	31	0.097106
30000	0.15	30	0.111124
30000	0.15	29	0.106658
30000	0.15	30	0.106765
30000	0.15	34	0.105218
30000	0.15	35	0.100168
30000	0.15	29	0.109921
30000	0.15	31	0.11129
30000	0.15	37	0.102332
30000	0.15	28	0.144214
30000	0.15	33	0.103158
30000	0.15	33	0.1063
30000	0.15	29	0.119136
30000	0.15	31	0.106916
30000	0.15	26	0.125872
30000	0.15	33	0.098475
30000	0.15	26	0.12974
30000	0.15	34	0.105549
30000	0.15	31	0.109843
30000	0.15	32	0.10857
30000	0.15	34	0.113484
30000	0.15	32	0.101596
30000	0.15	30	0.104537
30000	0.15	32	0.117717
30000	0.15	36	0.100527
30000	0.15	36	0.105113

