1000	0.2	16	0.001092
1000	0.2	18	0.001062
1000	0.2	17	0.001059
1000	0.2	16	0.001066
1000	0.2	18	0.001097
1000	0.2	19	0.001067
1000	0.2	18	0.001106
1000	0.2	15	0.001053
1000	0.2	18	0.001056
1000	0.2	16	0.001067
1000	0.2	19	0.001082
1000	0.2	18	0.001068
1000	0.2	18	0.001092
1000	0.2	18	0.001061
1000	0.2	17	0.0011
1000	0.2	16	0.001077
1000	0.2	18	0.001063
1000	0.2	17	0.001066
1000	0.2	18	0.00106
1000	0.2	16	0.001058
1000	0.2	18	0.001065
1000	0.2	18	0.001068
1000	0.2	17	0.001057
1000	0.2	18	0.001074
1000	0.2	19	0.001067
1000	0.2	15	0.001062
1000	0.2	16	0.001071
1000	0.2	19	0.001229
1000	0.2	17	0.001073
1000	0.2	14	0.00106

2000	0.2	20	0.002295
2000	0.2	18	0.002306
2000	0.2	20	0.002337
2000	0.2	20	0.002296
2000	0.2	18	0.002293
2000	0.2	21	0.002364
2000	0.2	20	0.002345
2000	0.2	20	0.002348
2000	0.2	20	0.002309
2000	0.2	20	0.002381
2000	0.2	19	0.002296
2000	0.2	20	0.002368
2000	0.2	18	0.002432
2000	0.2	20	0.002314
2000	0.2	20	0.002331
2000	0.2	19	0.002333
2000	0.2	20	0.002303
2000	0.2	19	0.00237
2000	0.2	21	0.002335
2000	0.2	21	0.002325
2000	0.2	19	0.007563
2000	0.2	21	0.002318
2000	0.2	20	0.002336
2000	0.2	18	0.002385
2000	0.2	21	0.008125
2000	0.2	20	0.002365
2000	0.2	18	0.002337
2000	0.2	19	0.002354
2000	0.2	18	0.00237
2000	0.2	19	0.003674

3000	0.2	20	0.003809
3000	0.2	22	0.014086
3000	0.2	20	0.003761
3000	0.2	21	0.003766
3000	0.2	21	0.003811
3000	0.2	20	0.007105
3000	0.2	23	0.003797
3000	0.2	20	0.00388
3000	0.2	20	0.014201
3000	0.2	20	0.003816
3000	0.2	20	0.003986
3000	0.2	21	0.01361
3000	0.2	18	0.003815
3000	0.2	22	0.003798
3000	0.2	20	0.003808
3000	0.2	21	0.003877
3000	0.2	18	0.003775
3000	0.2	21	0.003782
3000	0.2	20	0.003779
3000	0.2	21	0.003774
3000	0.2	21	0.003793
3000	0.2	23	0.003806
3000	0.2	19	0.007268
3000	0.2	21	0.003923
3000	0.2	20	0.00385
3000	0.2	22	0.00386
3000	0.2	19	0.003769
3000	0.2	19	0.003809
3000	0.2	22	0.003824
3000	0.2	20	0.00379

4000	0.2	20	0.005503
4000	0.2	23	0.005606
4000	0.2	22	0.005846
4000	0.2	20	0.005545
4000	0.2	22	0.00528
4000	0.2	22	0.005491
4000	0.2	20	0.005554
4000	0.2	21	0.005509
4000	0.2	21	0.005476
4000	0.2	21	0.005862
4000	0.2	21	0.005476
4000	0.2	20	0.005565
4000	0.2	22	0.00551
4000	0.2	23	0.005494
4000	0.2	21	0.005569
4000	0.2	20	0.005617
4000	0.2	20	0.005503
4000	0.2	20	0.019837
4000	0.2	22	0.005474
4000	0.2	22	0.005532
4000	0.2	23	0.005515
4000	0.2	24	0.005526
4000	0.2	20	0.00561
4000	0.2	20	0.0056
4000	0.2	21	0.005649
4000	0.2	21	0.010458
4000	0.2	21	0.005979
4000	0.2	21	0.005589
4000	0.2	21	0.005559
4000	0.2	23	0.005469

5000	0.2	22	0.007496
5000	0.2	22	0.007596
5000	0.2	21	0.007459
5000	0.2	23	0.007471
5000	0.2	23	0.00752
5000	0.2	22	0.007489
5000	0.2	22	0.007783
5000	0.2	23	0.007472
5000	0.2	22	0.007511
5000	0.2	23	0.007601
5000	0.2	22	0.007436
5000	0.2	20	0.007817
5000	0.2	23	0.007937
5000	0.2	20	0.019112
5000	0.2	21	0.007596
5000	0.2	22	0.007555
5000	0.2	19	0.007471
5000	0.2	21	0.007499
5000	0.2	21	0.007463
5000	0.2	23	0.007578
5000	0.2	22	0.007514
5000	0.2	23	0.00771
5000	0.2	22	0.00752
5000	0.2	20	0.007607
5000	0.2	23	0.007984
5000	0.2	21	0.007496
5000	0.2	23	0.007196
5000	0.2	21	0.007538
5000	0.2	21	0.007502
5000	0.2	22	0.007523

6000	0.2	22	0.009717
6000	0.2	21	0.009766
6000	0.2	21	0.009724
6000	0.2	24	0.009728
6000	0.2	20	0.009314
6000	0.2	23	0.009644
6000	0.2	24	0.009697
6000	0.2	21	0.009852
6000	0.2	22	0.009767
6000	0.2	22	0.009561
6000	0.2	21	0.00961
6000	0.2	23	0.009792
6000	0.2	23	0.00972
6000	0.2	24	0.009784
6000	0.2	22	0.009816
6000	0.2	24	0.031204
6000	0.2	25	0.009792
6000	0.2	21	0.009607
6000	0.2	19	0.009646
6000	0.2	23	0.009699
6000	0.2	21	0.009335
6000	0.2	24	0.009901
6000	0.2	22	0.01014
6000	0.2	21	0.009403
6000	0.2	21	0.009691
6000	0.2	23	0.009693
6000	0.2	22	0.00976
6000	0.2	22	0.016774
6000	0.2	23	0.009967
6000	0.2	23	0.009834

7000	0.2	21	0.011769
7000	0.2	20	0.012261
7000	0.2	20	0.01178
7000	0.2	23	0.012212
7000	0.2	21	0.011801
7000	0.2	24	0.012951
7000	0.2	23	0.020104
7000	0.2	23	0.012036
7000	0.2	20	0.012191
7000	0.2	22	0.012354
7000	0.2	21	0.012228
7000	0.2	20	0.012485
7000	0.2	20	0.012254
7000	0.2	23	0.012284
7000	0.2	20	0.01223
7000	0.2	24	0.01231
7000	0.2	23	0.012866
7000	0.2	24	0.012069
7000	0.2	23	0.012197
7000	0.2	23	0.011824
7000	0.2	22	0.0121
7000	0.2	23	0.01231
7000	0.2	21	0.012253
7000	0.2	22	0.012175
7000	0.2	25	0.011884
7000	0.2	23	0.012037
7000	0.2	24	0.012276
7000	0.2	23	0.011902
7000	0.2	25	0.011888
7000	0.2	22	0.012353

8000	0.2	20	0.014926
8000	0.2	23	0.014911
8000	0.2	23	0.014486
8000	0.2	22	0.014897
8000	0.2	24	0.014536
8000	0.2	23	0.014616
8000	0.2	24	0.036994
8000	0.2	24	0.014536
8000	0.2	21	0.014549
8000	0.2	24	0.014696
8000	0.2	22	0.014905
8000	0.2	23	0.015082
8000	0.2	21	0.014837
8000	0.2	25	0.015013
8000	0.2	21	0.044998
8000	0.2	23	0.014997
8000	0.2	21	0.014595
8000	0.2	22	0.014418
8000	0.2	21	0.014769
8000	0.2	23	0.014905
8000	0.2	21	0.014894
8000	0.2	23	0.014589
8000	0.2	22	0.014569
8000	0.2	22	0.014582
8000	0.2	22	0.014522
8000	0.2	22	0.014774
8000	0.2	22	0.030771
8000	0.2	24	0.014979
8000	0.2	22	0.014882
8000	0.2	23	0.015093

9000	0.2	22	0.042406
9000	0.2	23	0.018016
9000	0.2	23	0.017836
9000	0.2	23	0.017788
9000	0.2	24	0.017841
9000	0.2	22	0.017776
9000	0.2	24	0.02579
9000	0.2	23	0.017815
9000	0.2	26	0.017752
9000	0.2	23	0.018097
9000	0.2	23	0.017801
9000	0.2	21	0.017811
9000	0.2	23	0.017499
9000	0.2	26	0.023251
9000	0.2	23	0.017915
9000	0.2	22	0.01771
9000	0.2	22	0.017794
9000	0.2	23	0.017875
9000	0.2	22	0.017739
9000	0.2	24	0.017812
9000	0.2	22	0.017864
9000	0.2	23	0.017886
9000	0.2	22	0.017927
9000	0.2	23	0.017784
9000	0.2	21	0.017505
9000	0.2	23	0.017766
9000	0.2	23	0.017956
9000	0.2	24	0.018035
9000	0.2	23	0.017775
9000	0.2	22	0.017593

10000	0.2	22	0.021628
10000	0.2	25	0.021111
10000	0.2	22	0.021017
10000	0.2	23	0.02087
10000	0.2	25	0.021
10000	0.2	23	0.020982
10000	0.2	23	0.020986
10000	0.2	25	0.021024
10000	0.2	24	0.02098
10000	0.2	23	0.02117
10000	0.2	23	0.021687
10000	0.2	21	0.021075
10000	0.2	24	0.021161
10000	0.2	24	0.021222
10000	0.2	23	0.035739
10000	0.2	23	0.021218
10000	0.2	24	0.020705
10000	0.2	26	0.02123
10000	0.2	22	0.02085
10000	0.2	24	0.020992
10000	0.2	21	0.021083
10000	0.2	23	0.021005
10000	0.2	24	0.021163
10000	0.2	22	0.021034
10000	0.2	21	0.020942
10000	0.2	24	0.020873
10000	0.2	21	0.021005
10000	0.2	23	0.021223
10000	0.2	24	0.021118
10000	0.2	22	0.021148

11000	0.2	23	0.067962
11000	0.2	23	0.024232
11000	0.2	25	0.024838
11000	0.2	23	0.023977
11000	0.2	25	0.024472
11000	0.2	24	0.02457
11000	0.2	25	0.024014
11000	0.2	24	0.024023
11000	0.2	22	0.024007
11000	0.2	21	0.024558
11000	0.2	23	0.024111
11000	0.2	22	0.024443
11000	0.2	24	0.024734
11000	0.2	24	0.02497
11000	0.2	24	0.02415
11000	0.2	26	0.024454
11000	0.2	22	0.024478
11000	0.2	23	0.024356
11000	0.2	23	0.024045
11000	0.2	24	0.024333
11000	0.2	24	0.024389
11000	0.2	23	0.024417
11000	0.2	23	0.024117
11000	0.2	20	0.0241
11000	0.2	23	0.024504
11000	0.2	26	0.024316
11000	0.2	23	0.024636
11000	0.2	23	0.024609
11000	0.2	23	0.02445
11000	0.2	22	0.024552

12000	0.2	24	0.029494
12000	0.2	23	0.028286
12000	0.2	23	0.028003
12000	0.2	22	0.027975
12000	0.2	23	0.027739
12000	0.2	24	0.028174
12000	0.2	26	0.02781
12000	0.2	25	0.028086
12000	0.2	24	0.027989
12000	0.2	23	0.028279
12000	0.2	25	0.028949
12000	0.2	23	0.028246
12000	0.2	23	0.028222
12000	0.2	23	0.028079
12000	0.2	24	0.028102
12000	0.2	22	0.028445
12000	0.2	23	0.027793
12000	0.2	24	0.028148
12000	0.2	23	0.027963
12000	0.2	23	0.027592
12000	0.2	23	0.027683
12000	0.2	24	0.02937
12000	0.2	23	0.028301
12000	0.2	22	0.028037
12000	0.2	22	0.027991
12000	0.2	25	0.027558
12000	0.2	23	0.028021
12000	0.2	23	0.028454
12000	0.2	21	0.028218
12000	0.2	22	0.027787

13000	0.2	25	0.031397
13000	0.2	24	0.03193
13000	0.2	23	0.031964
13000	0.2	24	0.032236
13000	0.2	24	0.032043
13000	0.2	25	0.031957
13000	0.2	23	0.032331
13000	0.2	25	0.031895
13000	0.2	25	0.031817
13000	0.2	24	0.03316
13000	0.2	22	0.031816
13000	0.2	22	0.032411
13000	0.2	20	0.032118
13000	0.2	24	0.031661
13000	0.2	22	0.031583
13000	0.2	24	0.031892
13000	0.2	23	0.049093
13000	0.2	22	0.03188
13000	0.2	22	0.031607
13000	0.2	24	0.031676
13000	0.2	24	0.031969
13000	0.2	24	0.0325
13000	0.2	23	0.032177
13000	0.2	22	0.031929
13000	0.2	23	0.031665
13000	0.2	24	0.031877
13000	0.2	23	0.032232
13000	0.2	23	0.032174
13000	0.2	23	0.031827
13000	0.2	23	0.031775

14000	0.2	24	0.036002
14000	0.2	23	0.036391
14000	0.2	23	0.036165
14000	0.2	26	0.036051
14000	0.2	24	0.036339
14000	0.2	24	0.03617
14000	0.2	26	0.03596
14000	0.2	24	0.036025
14000	0.2	23	0.035739
14000	0.2	22	0.037056
14000	0.2	22	0.03639
14000	0.2	22	0.038255
14000	0.2	22	0.089973
14000	0.2	25	0.036216
14000	0.2	21	0.036203
14000	0.2	25	0.036599
14000	0.2	26	0.040408
14000	0.2	23	0.035986
14000	0.2	23	0.036406
14000	0.2	24	0.0363
14000	0.2	25	0.036136
14000	0.2	25	0.036347
14000	0.2	23	0.036253
14000	0.2	22	0.036072
14000	0.2	23	0.036165
14000	0.2	24	0.035782
14000	0.2	24	0.036101
14000	0.2	21	0.036357
14000	0.2	24	0.036258
14000	0.2	22	0.0372

15000	0.2	26	0.067768
15000	0.2	22	0.040616
15000	0.2	23	0.040024
15000	0.2	23	0.040204
15000	0.2	25	0.040478
15000	0.2	25	0.0401
15000	0.2	23	0.040423
15000	0.2	25	0.040467
15000	0.2	23	0.04098
15000	0.2	22	0.040895
15000	0.2	24	0.040592
15000	0.2	25	0.040742
15000	0.2	21	0.04088
15000	0.2	24	0.040245
15000	0.2	22	0.040434
15000	0.2	23	0.040466
15000	0.2	23	0.040058
15000	0.2	21	0.040029
15000	0.2	23	0.040016
15000	0.2	23	0.040577
15000	0.2	24	0.04046
15000	0.2	23	0.040809
15000	0.2	23	0.040217
15000	0.2	21	0.040086
15000	0.2	24	0.039839
15000	0.2	25	0.039884
15000	0.2	23	0.040636
15000	0.2	22	0.041132
15000	0.2	24	0.040794
15000	0.2	23	0.042143

16000	0.2	23	0.046936
16000	0.2	22	0.045538
16000	0.2	23	0.04504
16000	0.2	24	0.045019
16000	0.2	26	0.044982
16000	0.2	24	0.045012
16000	0.2	22	0.04512
16000	0.2	24	0.045017
16000	0.2	23	0.04495
16000	0.2	21	0.045706
16000	0.2	26	0.045419
16000	0.2	24	0.068327
16000	0.2	22	0.045315
16000	0.2	25	0.04514
16000	0.2	21	0.047885
16000	0.2	25	0.046617
16000	0.2	24	0.044763
16000	0.2	22	0.044887
16000	0.2	25	0.044782
16000	0.2	24	0.04505
16000	0.2	24	0.044733
16000	0.2	23	0.045064
16000	0.2	22	0.045234
16000	0.2	21	0.044935
16000	0.2	24	0.04483
16000	0.2	24	0.04474
16000	0.2	25	0.045201
16000	0.2	20	0.046994
16000	0.2	24	0.045523
16000	0.2	23	0.045608

17000	0.2	25	0.04996
17000	0.2	23	0.050197
17000	0.2	23	0.049424
17000	0.2	24	0.049604
17000	0.2	24	0.049815
17000	0.2	23	0.049754
17000	0.2	23	0.049301
17000	0.2	23	0.050024
17000	0.2	25	0.050891
17000	0.2	21	0.050223
17000	0.2	24	0.05048
17000	0.2	23	0.050352
17000	0.2	22	0.050057
17000	0.2	26	0.050239
17000	0.2	21	0.050337
17000	0.2	26	0.050356
17000	0.2	24	0.049697
17000	0.2	22	0.049333
17000	0.2	25	0.05089
17000	0.2	23	0.049739
17000	0.2	24	0.049364
17000	0.2	22	0.050209
17000	0.2	23	0.050219
17000	0.2	22	0.049324
17000	0.2	23	0.049208
17000	0.2	25	0.049496
17000	0.2	26	0.050112
17000	0.2	24	0.050285
17000	0.2	24	0.05011
17000	0.2	23	0.050378

18000	0.2	24	0.055401
18000	0.2	23	0.055519
18000	0.2	23	0.054271
18000	0.2	25	0.054998
18000	0.2	26	0.056531
18000	0.2	24	0.055008
18000	0.2	23	0.054327
18000	0.2	25	0.054578
18000	0.2	25	0.078169
18000	0.2	22	0.055371
18000	0.2	26	0.055582
18000	0.2	23	0.07232
18000	0.2	21	0.056331
18000	0.2	25	0.054854
18000	0.2	23	0.055067
18000	0.2	22	0.05518
18000	0.2	24	0.055279
18000	0.2	23	0.055134
18000	0.2	24	0.054263
18000	0.2	24	0.054785
18000	0.2	22	0.056226
18000	0.2	24	0.0551
18000	0.2	23	0.054618
18000	0.2	25	0.054836
18000	0.2	24	0.054419
18000	0.2	23	0.054519
18000	0.2	23	0.055385
18000	0.2	22	0.0554
18000	0.2	23	0.056055
18000	0.2	24	0.055547

19000	0.2	25	0.061669
19000	0.2	23	0.060741
19000	0.2	24	0.059616
19000	0.2	25	0.060766
19000	0.2	27	0.060648
19000	0.2	24	0.060051
19000	0.2	26	0.060082
19000	0.2	25	0.060203
19000	0.2	25	0.060034
19000	0.2	22	0.06077
19000	0.2	26	0.060526
19000	0.2	23	0.060109
19000	0.2	21	0.060389
19000	0.2	22	0.061398
19000	0.2	22	0.060469
19000	0.2	22	0.060633
19000	0.2	25	0.059816
19000	0.2	23	0.059945
19000	0.2	24	0.06006
19000	0.2	24	0.060373
19000	0.2	24	0.060415
19000	0.2	24	0.128918
19000	0.2	23	0.060466
19000	0.2	22	0.060027
19000	0.2	25	0.059662
19000	0.2	25	0.059824
19000	0.2	23	0.060244
19000	0.2	23	0.062
19000	0.2	23	0.060642
19000	0.2	23	0.060419

20000	0.2	25	0.066863
20000	0.2	25	0.066365
20000	0.2	24	0.065732
20000	0.2	24	0.065974
20000	0.2	27	0.066372
20000	0.2	22	0.065433
20000	0.2	23	0.065251
20000	0.2	25	0.065995
20000	0.2	24	0.065474
20000	0.2	21	0.066632
20000	0.2	25	0.066513
20000	0.2	24	0.065884
20000	0.2	23	0.066172
20000	0.2	27	0.066154
20000	0.2	23	0.065925
20000	0.2	26	0.066306
20000	0.2	25	0.066507
20000	0.2	25	0.066128
20000	0.2	26	0.065696
20000	0.2	24	0.066018
20000	0.2	24	0.067364
20000	0.2	23	0.066226
20000	0.2	24	0.067204
20000	0.2	23	0.066631
20000	0.2	25	0.065307
20000	0.2	24	0.065662
20000	0.2	23	0.066187
20000	0.2	23	0.067663
20000	0.2	25	0.067636
20000	0.2	23	0.066557

21000	0.2	25	0.084474
21000	0.2	24	0.072453
21000	0.2	23	0.071238
21000	0.2	24	0.071326
21000	0.2	27	0.071817
21000	0.2	23	0.071427
21000	0.2	25	0.071577
21000	0.2	24	0.07223
21000	0.2	24	0.071601
21000	0.2	23	0.072823
21000	0.2	26	0.072174
21000	0.2	23	0.07167
21000	0.2	21	0.072502
21000	0.2	26	0.07155
21000	0.2	23	0.07368
21000	0.2	25	0.071774
21000	0.2	23	0.07133
21000	0.2	25	0.072461
21000	0.2	25	0.071364
21000	0.2	23	0.07226
21000	0.2	23	0.071525
21000	0.2	23	0.072797
21000	0.2	24	0.071787
21000	0.2	25	0.071615
21000	0.2	24	0.07065
21000	0.2	24	0.070993
21000	0.2	23	0.072712
21000	0.2	24	0.072351
21000	0.2	25	0.072129
21000	0.2	23	0.072316

22000	0.2	24	0.077771
22000	0.2	24	0.077744
22000	0.2	26	0.077725
22000	0.2	24	0.07755
22000	0.2	26	0.07785
22000	0.2	23	0.077718
22000	0.2	25	0.077363
22000	0.2	26	0.07798
22000	0.2	25	0.077244
22000	0.2	23	0.079193
22000	0.2	24	0.095945
22000	0.2	26	0.077762
22000	0.2	21	0.079149
22000	0.2	25	0.092655
22000	0.2	23	0.080435
22000	0.2	25	0.07999
22000	0.2	24	0.105316
22000	0.2	25	0.0777
22000	0.2	27	0.077497
22000	0.2	23	0.078175
22000	0.2	24	0.077826
22000	0.2	24	0.078148
22000	0.2	24	0.078322
22000	0.2	24	0.078009
22000	0.2	25	0.077093
22000	0.2	24	0.077155
22000	0.2	24	0.077675
22000	0.2	22	0.078431
22000	0.2	25	0.078208
22000	0.2	24	0.078165

23000	0.2	24	0.084442
23000	0.2	25	0.084488
23000	0.2	25	0.083643
23000	0.2	25	0.083948
23000	0.2	26	0.083967
23000	0.2	24	0.085577
23000	0.2	25	0.083597
23000	0.2	24	0.084145
23000	0.2	25	0.083583
23000	0.2	23	0.084937
23000	0.2	23	0.084416
23000	0.2	26	0.085245
23000	0.2	22	0.084167
23000	0.2	23	0.084843
23000	0.2	24	0.084164
23000	0.2	25	0.084263
23000	0.2	23	0.084763
23000	0.2	25	0.08387
23000	0.2	26	0.084276
23000	0.2	23	0.083844
23000	0.2	23	0.150548
23000	0.2	24	0.085922
23000	0.2	23	0.084313
23000	0.2	25	0.08378
23000	0.2	25	0.085032
23000	0.2	24	0.083271
23000	0.2	23	0.086032
23000	0.2	24	0.085499
23000	0.2	25	0.084198
23000	0.2	23	0.091422

24000	0.2	23	0.096048
24000	0.2	24	0.10442
24000	0.2	26	0.115519
24000	0.2	23	0.119439
24000	0.2	24	0.131708
24000	0.2	23	0.113788
24000	0.2	26	0.132249
24000	0.2	25	0.125089
24000	0.2	26	0.108361
24000	0.2	23	0.123235
24000	0.2	23	0.091255
24000	0.2	24	0.090603
24000	0.2	22	0.091566
24000	0.2	23	0.101359
24000	0.2	22	0.092872
24000	0.2	24	0.092218
24000	0.2	24	0.092113
24000	0.2	25	0.093207
24000	0.2	28	0.092077
24000	0.2	24	0.092344
24000	0.2	23	0.093066
24000	0.2	24	0.090607
24000	0.2	24	0.093878
24000	0.2	26	0.097817
24000	0.2	24	0.091318
24000	0.2	25	0.088926
24000	0.2	24	0.09351
24000	0.2	23	0.092957
24000	0.2	24	0.096823
24000	0.2	23	0.091109

25000	0.2	23	0.098044
25000	0.2	25	0.096993
25000	0.2	27	0.096568
25000	0.2	24	0.098563
25000	0.2	24	0.099864
25000	0.2	24	0.104757
25000	0.2	28	0.099467
25000	0.2	24	0.098615
25000	0.2	26	0.097838
25000	0.2	24	0.101672
25000	0.2	23	0.098559
25000	0.2	25	0.096962
25000	0.2	22	0.098022
25000	0.2	24	0.097282
25000	0.2	26	0.098164
25000	0.2	26	0.098065
25000	0.2	26	0.097309
25000	0.2	24	0.096602
25000	0.2	26	0.097458
25000	0.2	23	0.097103
25000	0.2	24	0.0973
25000	0.2	25	0.098432
25000	0.2	25	0.096577
25000	0.2	25	0.096418
25000	0.2	24	0.096923
25000	0.2	25	0.095869
25000	0.2	24	0.097523
25000	0.2	22	0.103793
25000	0.2	24	0.098358
25000	0.2	23	0.102848

26000	0.2	23	0.106397
26000	0.2	25	0.109575
26000	0.2	26	0.104168
26000	0.2	23	0.111978
26000	0.2	24	0.103846
26000	0.2	24	0.103463
26000	0.2	26	0.103828
26000	0.2	25	0.103574
26000	0.2	25	0.10714
26000	0.2	24	0.133056
26000	0.2	23	0.125103
26000	0.2	24	0.147004
26000	0.2	21	0.109039
26000	0.2	23	0.1065
26000	0.2	25	0.104098
26000	0.2	26	0.117392
26000	0.2	23	0.105594
26000	0.2	23	0.10516
26000	0.2	27	0.102897
26000	0.2	25	0.122192
26000	0.2	24	0.123952
26000	0.2	26	0.108738
26000	0.2	25	0.110324
26000	0.2	25	0.122259
26000	0.2	25	0.143765
26000	0.2	24	0.146948
26000	0.2	25	0.121911
26000	0.2	22	0.145141
26000	0.2	24	0.140017
26000	0.2	23	0.148506

27000	0.2	22	0.120313
27000	0.2	25	0.120113
27000	0.2	26	0.130845
27000	0.2	25	0.13443
27000	0.2	23	0.1167
27000	0.2	24	0.135037
27000	0.2	26	0.117176
27000	0.2	22	0.127728
27000	0.2	25	0.11227
27000	0.2	25	0.115433
27000	0.2	23	0.117115
27000	0.2	25	0.118975
27000	0.2	23	0.137285
27000	0.2	23	0.110786
27000	0.2	25	0.11263
27000	0.2	26	0.113308
27000	0.2	23	0.171845
27000	0.2	25	0.121966
27000	0.2	27	0.116678
27000	0.2	25	0.112209
27000	0.2	24	0.124995
27000	0.2	24	0.112056
27000	0.2	25	0.110535
27000	0.2	24	0.111243
27000	0.2	23	0.127222
27000	0.2	25	0.179215
27000	0.2	24	0.11504
27000	0.2	22	0.125375
27000	0.2	24	0.111972
27000	0.2	24	0.180366

28000	0.2	25	0.119307
28000	0.2	23	0.125502
28000	0.2	25	0.123931
28000	0.2	24	0.120982
28000	0.2	25	0.123606
28000	0.2	26	0.17436
28000	0.2	26	0.122084
28000	0.2	25	0.122265
28000	0.2	25	0.1327
28000	0.2	23	0.181374
28000	0.2	27	0.123135
28000	0.2	26	0.131856
28000	0.2	22	0.117841
28000	0.2	23	0.124984
28000	0.2	25	0.118933
28000	0.2	25	0.151748
28000	0.2	24	0.130675
28000	0.2	23	0.118597
28000	0.2	25	0.117883
28000	0.2	24	0.119797
28000	0.2	23	0.118224
28000	0.2	23	0.136901
28000	0.2	25	0.118415
28000	0.2	23	0.132945
28000	0.2	26	0.132861
28000	0.2	24	0.141215
28000	0.2	24	0.121186
28000	0.2	27	0.133804
28000	0.2	25	0.130964
28000	0.2	24	0.129743

29000	0.2	24	0.125768
29000	0.2	24	0.126011
29000	0.2	25	0.127595
29000	0.2	24	0.146701
29000	0.2	25	0.154459
29000	0.2	23	0.174854
29000	0.2	25	0.130068
29000	0.2	23	0.150007
29000	0.2	26	0.128773
29000	0.2	25	0.130264
29000	0.2	27	0.126309
29000	0.2	25	0.125431
29000	0.2	23	0.12563
29000	0.2	23	0.128583
29000	0.2	24	0.13849
29000	0.2	26	0.13248
29000	0.2	22	0.161882
29000	0.2	23	0.125003
29000	0.2	25	0.137427
29000	0.2	23	0.126215
29000	0.2	24	0.126193
29000	0.2	25	0.13363
29000	0.2	26	0.136603
29000	0.2	24	0.130331
29000	0.2	26	0.127092
29000	0.2	23	0.126004
29000	0.2	23	0.127429
29000	0.2	25	0.127998
29000	0.2	25	0.128929
29000	0.2	24	0.127969

30000	0.2	24	0.134845
30000	0.2	25	0.134916
30000	0.2	25	0.133809
30000	0.2	24	0.202472
30000	0.2	24	0.134226
30000	0.2	26	0.133897
30000	0.2	25	0.136249
30000	0.2	22	0.137862
30000	0.2	26	0.134531
30000	0.2	23	0.136369
30000	0.2	25	0.135605
30000	0.2	25	0.133054
30000	0.2	21	0.136202
30000	0.2	24	0.133295
30000	0.2	23	0.143321
30000	0.2	27	0.136479
30000	0.2	23	0.134236
30000	0.2	23	0.134244
30000	0.2	26	0.136593
30000	0.2	24	0.169539
30000	0.2	25	0.133818
30000	0.2	24	0.134732
30000	0.2	26	0.155685
30000	0.2	24	0.199435
30000	0.2	26	0.134576
30000	0.2	23	0.132671
30000	0.2	25	0.134806
30000	0.2	25	0.135297
30000	0.2	25	0.134021
30000	0.2	25	0.140017

